JD V-C s1 V-C1 s2 V-C2 s3 C-C1 s4 C-C2 s5 C1-C2 s6
Aperture: 2.00, Filter: 20.00


2453224.38583 -1.946 0.010 -0.443 0.005 -0.442 0.005 1.503 0.011 1.504 0.011 0.001 0.006
2453224.38622 -1.911 0.010 -0.429 0.005 -0.432 0.005 1.482 0.011 1.479 0.011 -0.003 0.006
2453224.38659 -1.897 0.010 -0.421 0.005 -0.411 0.005 1.476 0.011 1.486 0.011 0.010 0.006
2453224.38696 -1.905 0.010 -0.408 0.005 -0.419 0.005 1.497 0.011 1.486 0.011 -0.011 0.006
2453224.38733 -1.918 0.010 99.999 9.999 -0.424 0.005 99.999 9.999 1.494 0.011 99.999 9.999
2453224.38771 -1.877 0.010 -0.414 0.005 -0.412 0.005 1.463 0.011 1.465 0.011 0.002 0.006
2453224.38808 -1.897 0.010 -0.446 0.005 -0.436 0.005 1.451 0.011 1.461 0.011 0.010 0.006
2453224.38845 -1.892 0.010 -0.424 0.005 -0.409 0.005 1.468 0.011 1.483 0.011 0.015 0.006
2453224.38882 -1.923 0.011 -0.412 0.005 -0.404 0.005 1.511 0.012 1.519 0.012 0.008 0.006
2453224.38920 -1.911 0.011 -0.402 0.005 -0.398 0.005 1.509 0.012 1.513 0.012 0.004 0.006
2453224.38957 -1.895 0.011 -0.416 0.005 -0.404 0.005 1.479 0.012 1.491 0.012 0.012 0.006
2453224.38994 -1.900 0.011 -0.409 0.005 -0.423 0.005 1.491 0.012 1.477 0.012 -0.014 0.006
2453224.39031 -1.885 0.011 -0.410 0.005 -0.387 0.005 1.475 0.012 1.498 0.012 0.023 0.006
2453224.39069 -1.914 0.013 -0.428 0.006 -0.457 0.006 1.486 0.013 1.457 0.013 -0.029 0.007
2453224.39106 -1.872 0.012 -0.402 0.006 -0.407 0.006 1.470 0.012 1.465 0.012 -0.005 0.006
2453224.39144 -1.893 0.013 -0.403 0.006 -0.396 0.006 1.490 0.013 1.497 0.013 0.007 0.006
2453224.39181 -1.883 0.012 -0.398 0.006 -0.392 0.006 1.485 0.012 1.491 0.012 0.006 0.006
2453224.39219 -1.860 0.012 -0.384 0.006 -0.376 0.006 1.476 0.012 1.484 0.012 0.008 0.006
2453224.39256 -1.896 0.011 99.999 9.999 -0.381 0.005 99.999 9.999 1.515 0.012 99.999 9.999
2453224.39293 -1.858 0.011 -0.365 0.005 -0.373 0.005 1.493 0.012 1.485 0.012 -0.008 0.006
2453224.39330 -1.862 0.011 -0.389 0.005 -0.385 0.005 1.473 0.012 1.477 0.012 0.004 0.006
2453224.39368 -1.878 0.011 -0.382 0.005 -0.394 0.005 1.496 0.012 1.484 0.012 -0.012 0.006
2453224.39405 -1.831 0.010 -0.387 0.005 -0.388 0.005 1.444 0.011 1.443 0.011 -0.001 0.006
2453224.39442 -1.859 0.011 -0.388 0.005 -0.390 0.005 1.471 0.012 1.469 0.012 -0.002 0.006
2453224.39479 -1.859 0.011 -0.380 0.005 -0.387 0.005 1.479 0.012 1.472 0.012 -0.007 0.006
2453224.39517 -1.856 0.010 -0.360 0.005 -0.371 0.005 1.496 0.011 1.485 0.011 -0.011 0.006
2453224.39554 -1.844 0.010 -0.383 0.005 -0.367 0.005 1.461 0.011 1.477 0.011 0.016 0.006
2453224.39591 -1.877 0.011 -0.369 0.005 -0.360 0.005 1.508 0.012 1.517 0.012 0.009 0.006
2453224.39628 -1.828 0.011 -0.340 0.005 -0.333 0.005 1.488 0.012 1.495 0.012 0.007 0.006
2453224.39667 -1.860 0.010 -0.378 0.005 -0.377 0.005 1.482 0.011 1.483 0.011 0.001 0.006
2453224.39704 -1.845 0.010 -0.362 0.005 -0.359 0.005 1.483 0.011 1.486 0.011 0.003 0.006
2453224.39741 -1.827 0.011 -0.328 0.005 -0.323 0.005 1.499 0.012 1.504 0.012 0.005 0.006
2453224.39778 -1.823 0.010 -0.363 0.005 -0.364 0.005 1.460 0.011 1.459 0.011 -0.001 0.006
2453224.39853 -1.828 0.010 -0.357 0.005 -0.358 0.005 1.471 0.011 1.470 0.011 -0.001 0.006
2453224.39890 -1.858 0.011 -0.352 0.005 -0.358 0.005 1.506 0.012 1.500 0.012 -0.006 0.006
2453224.39927 -1.845 0.010 -0.368 0.005 -0.362 0.005 1.477 0.011 1.483 0.011 0.006 0.006
2453224.39965 -1.833 0.011 -0.348 0.005 -0.336 0.005 1.485 0.012 1.497 0.012 0.012 0.006
2453224.40002 -1.812 0.012 -0.330 0.006 -0.325 0.006 1.482 0.012 1.487 0.012 0.005 0.006
2453224.40039 -1.813 0.012 -0.316 0.006 -0.313 0.006 1.497 0.012 1.500 0.012 0.003 0.006
2453224.40076 -1.809 0.012 -0.327 0.006 -0.318 0.006 1.482 0.012 1.491 0.012 0.009 0.006
2453224.40115 -1.797 0.011 -0.324 0.006 -0.328 0.006 1.473 0.011 1.469 0.011 -0.004 0.006
2453224.40152 -1.774 0.010 -0.311 0.005 -0.303 0.005 1.463 0.011 1.471 0.011 0.008 0.006
2453224.40189 -1.793 0.010 -0.323 0.005 -0.315 0.005 1.470 0.011 1.478 0.011 0.008 0.006
2453224.40226 -1.788 0.010 -0.299 0.005 -0.304 0.005 1.489 0.011 1.484 0.011 -0.005 0.006
2453224.40264 -1.769 0.010 -0.292 0.005 -0.289 0.005 1.477 0.011 1.480 0.011 0.003 0.006
2453224.40301 -1.825 0.010 -0.315 0.005 -0.322 0.005 1.510 0.011 1.503 0.011 -0.007 0.006
2453224.40338 -1.792 0.010 -0.284 0.005 -0.285 0.005 1.508 0.011 1.507 0.011 -0.001 0.006
2453224.40375 -1.768 0.010 -0.296 0.005 -0.313 0.005 1.472 0.011 1.455 0.011 -0.017 0.006
2453224.40413 -1.759 0.010 -0.278 0.005 -0.288 0.005 1.481 0.011 1.471 0.011 -0.010 0.006
2453224.40450 -1.775 0.010 -0.262 0.005 -0.282 0.005 1.513 0.011 1.493 0.011 -0.020 0.006
2453224.40487 -1.773 0.010 -0.289 0.005 -0.301 0.005 1.484 0.011 1.472 0.011 -0.012 0.006
2453224.40524 -1.801 0.010 -0.305 0.005 -0.301 0.005 1.496 0.011 1.500 0.011 0.004 0.006
2453224.40562 -1.766 0.010 -0.274 0.005 -0.287 0.005 1.492 0.011 1.479 0.011 -0.013 0.006
2453224.40600 -1.730 0.010 -0.252 0.005 -0.249 0.005 1.478 0.011 1.481 0.011 0.003 0.006
2453224.40637 -1.751 0.011 -0.265 0.006 -0.265 0.006 1.486 0.011 1.486 0.011 0.000 0.006
2453224.40674 -1.747 0.011 -0.240 0.006 -0.250 0.006 1.507 0.011 1.497 0.011 -0.010 0.006
2453224.40712 -1.748 0.010 -0.271 0.005 -0.264 0.005 1.477 0.011 1.484 0.011 0.007 0.006
2453224.40749 -1.716 0.011 -0.231 0.006 -0.235 0.006 1.485 0.011 1.481 0.011 -0.004 0.006
2453224.40786 -1.749 0.011 -0.251 0.006 -0.254 0.006 1.498 0.011 1.495 0.011 -0.003 0.006
2453224.40823 -1.719 0.011 -0.233 0.006 -0.247 0.006 1.486 0.011 1.472 0.011 -0.014 0.006
2453224.40861 -1.698 0.011 -0.227 0.006 -0.235 0.006 1.471 0.011 1.463 0.011 -0.008 0.006
2453224.40898 -1.671 0.011 -0.208 0.006 -0.212 0.006 1.463 0.011 1.459 0.011 -0.004 0.006
2453224.40935 -1.681 0.011 -0.209 0.006 -0.208 0.006 1.472 0.011 1.473 0.011 0.001 0.006


2453224.41010 -1.707 0.011 -0.206 0.006 -0.230 0.006 1.501 0.011 1.477 0.011 -0.024 0.006
2453224.41047 -1.672 0.011 -0.165 0.006 -0.183 0.006 1.507 0.011 1.489 0.011 -0.018 0.006
2453224.41084 -1.681 0.011 -0.196 0.006 -0.193 0.006 1.485 0.011 1.488 0.011 0.003 0.006
2453224.41122 -1.665 0.011 -0.177 0.006 -0.183 0.006 1.488 0.011 1.482 0.011 -0.006 0.006
2453224.41160 -1.678 0.011 -0.187 0.006 -0.185 0.006 1.491 0.011 1.493 0.011 0.002 0.006
2453224.41197 -1.657 0.011 -0.173 0.006 -0.180 0.006 1.484 0.011 1.477 0.011 -0.007 0.006
2453224.41234 -1.636 0.011 -0.167 0.006 -0.174 0.006 1.469 0.011 1.462 0.011 -0.007 0.006
2453224.41271 -1.625 0.011 -0.147 0.006 -0.144 0.006 1.478 0.011 1.481 0.011 0.003 0.006
2453224.41309 -1.653 0.011 -0.164 0.006 -0.164 0.006 1.489 0.011 1.489 0.011 0.000 0.006


2453224.41383 -1.615 0.011 -0.135 0.006 -0.152 0.006 1.480 0.011 1.463 0.011 -0.017 0.006
2453224.41420 -1.642 0.011 -0.148 0.006 -0.153 0.006 1.494 0.011 1.489 0.011 -0.005 0.006
2453224.41458 -1.607 0.011 -0.118 0.006 -0.125 0.006 1.489 0.011 1.482 0.011 -0.007 0.006
2453224.41495 -1.583 0.011 -0.100 0.006 -0.107 0.006 1.483 0.011 1.476 0.011 -0.007 0.006
2453224.41532 -1.578 0.011 -0.113 0.006 -0.117 0.006 1.465 0.011 1.461 0.011 -0.004 0.006


2453224.41608 -1.571 0.011 -0.097 0.006 -0.124 0.006 1.474 0.011 1.447 0.011 -0.027 0.006
2453224.41645 -1.573 0.011 -0.063 0.006 -0.071 0.006 1.510 0.011 1.502 0.011 -0.008 0.006
2453224.41682 -1.569 0.011 -0.073 0.006 -0.084 0.006 1.496 0.011 1.485 0.011 -0.011 0.006
2453224.41719 -1.563 0.011 -0.062 0.006 -0.071 0.006 1.501 0.011 1.492 0.011 -0.009 0.006
2453224.41757 -1.546 0.011 -0.067 0.006 -0.070 0.006 1.479 0.011 1.476 0.011 -0.003 0.006
2453224.41794 -1.547 0.011 -0.045 0.006 -0.064 0.006 1.502 0.011 1.483 0.011 -0.019 0.006


2453224.41868 -1.544 0.011 -0.042 0.006 -0.045 0.006 1.502 0.011 1.499 0.011 -0.003 0.006
2453224.41906 -1.530 0.011 -0.059 0.006 -0.048 0.006 1.471 0.011 1.482 0.011 0.011 0.006
2453224.41943 -1.515 0.011 -0.031 0.006 -0.025 0.006 1.484 0.011 1.490 0.011 0.006 0.006
2453224.41980 -1.522 0.011 -0.029 0.006 -0.047 0.006 1.493 0.011 1.475 0.011 -0.018 0.006
2453224.42017 -1.496 0.011 -0.006 0.006 -0.014 0.006 1.490 0.011 1.482 0.011 -0.008 0.006
2453224.42056 -1.501 0.011 -0.014 0.006 -0.009 0.006 1.487 0.011 1.492 0.011 0.005 0.006
2453224.42093 -1.511 0.011 -0.033 0.006 -0.035 0.006 1.478 0.011 1.476 0.011 -0.002 0.006
2453224.42130 -1.481 0.011 -0.007 0.006 -0.008 0.006 1.474 0.011 1.473 0.011 -0.001 0.006
2453224.42167 -1.464 0.011 0.014 0.006 0.019 0.006 1.478 0.011 1.483 0.011 0.005 0.006
2453224.42205 -1.473 0.011 0.030 0.006 0.017 0.006 1.503 0.011 1.490 0.011 -0.013 0.006
2453224.42242 -1.450 0.011 0.033 0.006 0.022 0.006 1.483 0.011 1.472 0.011 -0.011 0.006
2453224.42279 -1.464 0.011 0.035 0.006 0.015 0.006 1.499 0.011 1.479 0.011 -0.020 0.006
2453224.42316 -1.418 0.011 0.053 0.006 0.047 0.006 1.471 0.011 1.465 0.011 -0.006 0.006
2453224.42354 99.999 9.999 99.999 9.999 0.008 0.006 99.999 9.999 99.999 9.999 99.999 9.999
2453224.42391 -1.442 0.011 0.026 0.006 0.019 0.006 1.468 0.011 1.461 0.011 -0.007 0.006
2453224.42428 -1.407 0.011 0.079 0.006 0.072 0.006 1.486 0.011 1.479 0.011 -0.007 0.006


2453224.42503 -1.457 0.011 0.036 0.006 0.011 0.006 1.493 0.011 1.468 0.011 -0.025 0.006
2453224.42541 -1.455 0.011 0.049 0.006 0.040 0.006 1.504 0.011 1.495 0.011 -0.009 0.006
2453224.42578 -1.444 0.011 0.048 0.006 0.036 0.006 1.492 0.011 1.480 0.011 -0.012 0.006
2453224.42615 -1.438 0.011 0.055 0.006 0.054 0.006 1.493 0.011 1.492 0.011 -0.001 0.006
2453224.42653 -1.433 0.011 0.053 0.006 0.036 0.006 1.486 0.011 1.469 0.011 -0.017 0.006
2453224.42690 -1.412 0.011 0.072 0.006 0.066 0.006 1.484 0.011 1.478 0.011 -0.006 0.006
2453224.42727 -1.439 0.011 0.063 0.006 0.044 0.006 1.502 0.011 1.483 0.011 -0.019 0.006
2453224.42764 -1.430 0.011 0.069 0.006 0.057 0.006 1.499 0.011 1.487 0.011 -0.012 0.006


2453224.42839 -1.431 0.011 0.066 0.006 0.048 0.006 1.497 0.011 1.479 0.011 -0.018 0.006
2453224.42876 -1.437 0.011 0.042 0.006 0.034 0.006 1.479 0.011 1.471 0.011 -0.008 0.006
2453224.42913 -1.431 0.011 0.063 0.006 0.054 0.006 1.494 0.011 1.485 0.011 -0.009 0.006
2453224.42951 -1.436 0.011 0.058 0.006 0.051 0.006 1.494 0.011 1.487 0.011 -0.007 0.006
2453224.42988 -1.416 0.011 0.068 0.006 0.057 0.006 1.484 0.011 1.473 0.011 -0.011 0.006
2453224.43025 -1.448 0.012 0.050 0.006 0.037 0.006 1.498 0.012 1.485 0.012 -0.013 0.006




2453224.43138 -1.436 0.011 0.066 0.006 0.051 0.006 1.502 0.011 1.487 0.011 -0.015 0.006
2453224.43175 -1.439 0.011 0.072 0.006 0.066 0.006 1.511 0.011 1.505 0.011 -0.006 0.006


2453224.43250 -1.412 0.012 0.045 0.006 0.045 0.006 1.457 0.012 1.457 0.012 0.000 0.006


2453224.43324 -1.399 0.011 0.066 0.006 0.071 0.006 1.465 0.011 1.470 0.011 0.005 0.006
2453224.43361 -1.444 0.011 99.999 9.999 0.053 0.006 99.999 9.999 1.497 0.011 99.999 9.999


2453224.43436 -1.416 0.011 0.059 0.006 0.054 0.006 1.475 0.011 1.470 0.011 -0.005 0.006
2453224.43473 -1.444 0.012 99.999 9.999 0.047 0.006 99.999 9.999 1.491 0.012 99.999 9.999
2453224.43510 -1.431 0.011 0.046 0.006 0.037 0.006 1.477 0.011 1.468 0.011 -0.009 0.006
2453224.43549 -1.418 0.011 0.067 0.006 0.060 0.006 1.485 0.011 1.478 0.011 -0.007 0.006
2453224.43586 -1.434 0.012 0.036 0.006 0.060 0.006 1.470 0.012 1.494 0.012 0.024 0.006
2453224.43623 -1.451 0.012 0.050 0.006 0.045 0.006 1.501 0.012 1.496 0.012 -0.005 0.006
2453224.43660 -1.439 0.011 0.057 0.006 0.042 0.006 1.496 0.011 1.481 0.011 -0.015 0.006
2453224.43698 -1.424 0.012 0.063 0.006 0.058 0.006 1.487 0.012 1.482 0.012 -0.005 0.006
2453224.43735 -1.454 0.012 0.035 0.006 0.037 0.006 1.489 0.012 1.491 0.012 0.002 0.006
2453224.43772 -1.444 0.012 0.040 0.006 0.035 0.006 1.484 0.012 1.479 0.012 -0.005 0.006
2453224.43809 -1.404 0.012 0.090 0.006 0.076 0.006 1.494 0.012 1.480 0.012 -0.014 0.006
2453224.43921 -1.401 0.013 -0.012 0.007 0.002 0.007 1.389 0.013 1.403 0.013 0.014 0.007
2453224.43958 -1.472 0.019 0.171 0.008 0.108 0.008 1.643 0.019 1.580 0.019 -0.063 0.008


2453224.44034 -1.280 0.093 -0.560 0.057 -0.498 0.054 0.720 0.102 0.782 0.100 0.062 0.068
2453224.44071 -1.411 0.030 -0.168 0.014 -0.495 0.017 1.243 0.031 0.916 0.032 -0.327 0.018
2453224.44108 -1.481 0.012 -0.044 0.006 -0.035 0.006 1.437 0.012 1.446 0.012 0.009 0.006
2453224.44146 -1.450 0.012 0.047 0.006 0.056 0.006 1.497 0.012 1.506 0.012 0.009 0.006
2453224.44183 -1.497 0.011 0.004 0.006 -0.002 0.006 1.501 0.011 1.495 0.011 -0.006 0.006
2453224.44220 -1.470 0.011 0.016 0.006 0.008 0.006 1.486 0.011 1.478 0.011 -0.008 0.006
2453224.44257 -1.498 0.011 99.999 9.999 -0.016 0.006 99.999 9.999 1.482 0.011 99.999 9.999
2453224.44295 -1.507 0.011 0.004 0.006 0.002 0.006 1.511 0.011 1.509 0.011 -0.002 0.006
2453224.44332 -1.472 0.012 -0.054 0.006 -0.018 0.006 1.418 0.012 1.454 0.012 0.036 0.006


2453224.44406 -1.522 0.012 -0.060 0.006 -0.053 0.006 1.462 0.012 1.469 0.012 0.007 0.006
2453224.44481 -2.108 0.308 0.431 0.050 0.228 0.058 2.539 0.306 2.336 0.307 -0.203 0.047
2453224.44519 -1.576 0.013 -0.093 0.006 -0.130 0.006 1.483 0.013 1.446 0.013 -0.037 0.007
2453224.44556 -1.471 0.148 99.999 9.999 0.165 0.052 99.999 9.999 1.636 0.147 99.999 9.999
2453224.44594 99.999 9.999 0.013 0.159 0.214 0.150 99.999 9.999 99.999 9.999 0.201 0.149
2453224.44705 99.999 9.999 -0.739 0.080 -0.643 0.065 99.999 9.999 99.999 9.999 0.096 0.094
2453224.44780 99.999 9.999 99.999 9.999 0.110 0.011 99.999 9.999 99.999 9.999 99.999 9.999
2453224.44817 -1.609 0.012 -0.146 0.006 -0.121 0.006 1.463 0.012 1.488 0.012 0.025 0.006
2453224.44854 -1.484 0.015 -0.100 0.007 -0.107 0.008 1.384 0.015 1.377 0.015 -0.007 0.008


2453224.44929 -1.618 0.011 -0.141 0.006 -0.143 0.006 1.477 0.011 1.475 0.011 -0.002 0.006
2453224.44966 -1.627 0.011 -0.154 0.006 -0.159 0.006 1.473 0.011 1.468 0.011 -0.005 0.006


2453224.45042 -1.650 0.011 -0.164 0.006 -0.171 0.006 1.486 0.011 1.479 0.011 -0.007 0.006


2453224.45116 -1.641 0.011 -0.171 0.006 -0.192 0.006 1.470 0.011 1.449 0.011 -0.021 0.006
2453224.45153 -1.649 0.011 -0.171 0.006 -0.185 0.006 1.478 0.011 1.464 0.011 -0.014 0.006
2453224.45191 99.999 9.999 99.999 9.999 -0.215 0.006 99.999 9.999 99.999 9.999 99.999 9.999
2453224.45228 -1.666 0.011 99.999 9.999 -0.200 0.006 99.999 9.999 1.466 0.011 99.999 9.999
2453224.45265 -1.672 0.011 99.999 9.999 -0.210 0.006 99.999 9.999 1.462 0.011 99.999 9.999
2453224.45302 -1.658 0.011 -0.193 0.006 -0.201 0.006 1.465 0.011 1.457 0.011 -0.008 0.006
2453224.45340 99.999 9.999 99.999 9.999 -0.232 0.006 99.999 9.999 99.999 9.999 99.999 9.999
2453224.45377 -1.701 0.011 -0.225 0.006 -0.229 0.006 1.476 0.011 1.472 0.011 -0.004 0.006
2453224.45414 -1.682 0.011 -0.211 0.006 -0.221 0.006 1.471 0.011 1.461 0.011 -0.010 0.006
2453224.45451 -1.707 0.011 -0.221 0.006 -0.216 0.006 1.486 0.011 1.491 0.011 0.005 0.006
2453224.45490 99.999 9.999 99.999 9.999 -0.266 0.006 99.999 9.999 99.999 9.999 99.999 9.999
2453224.45527 -1.714 0.011 -0.220 0.006 -0.222 0.006 1.494 0.011 1.492 0.011 -0.002 0.006




2453224.45639 -1.757 0.010 -0.266 0.005 -0.270 0.005 1.491 0.011 1.487 0.011 -0.004 0.006
2453224.45676 -1.731 0.011 -0.250 0.006 -0.245 0.006 1.481 0.011 1.486 0.011 0.005 0.006
2453224.45713 -1.729 0.011 -0.263 0.006 -0.263 0.006 1.466 0.011 1.466 0.011 0.000 0.006
2453224.45750 -1.732 0.011 -0.260 0.006 -0.253 0.006 1.472 0.011 1.479 0.011 0.007 0.006
2453224.45788 -1.748 0.011 -0.265 0.006 -0.278 0.006 1.483 0.011 1.470 0.011 -0.013 0.006
2453224.45825 -1.728 0.011 -0.257 0.006 -0.265 0.006 1.471 0.011 1.463 0.011 -0.008 0.006
2453224.45862 -1.751 0.010 -0.280 0.005 -0.288 0.005 1.471 0.011 1.463 0.011 -0.008 0.006
2453224.45899 99.999 9.999 99.999 9.999 -0.307 0.005 99.999 9.999 99.999 9.999 99.999 9.999
2453224.45937 -1.772 0.010 -0.296 0.005 -0.305 0.005 1.476 0.011 1.467 0.011 -0.009 0.006
2453224.45975 -1.768 0.010 -0.272 0.005 -0.278 0.005 1.496 0.011 1.490 0.011 -0.006 0.006
2453224.46012 -1.792 0.010 -0.304 0.005 -0.325 0.005 1.488 0.011 1.467 0.011 -0.021 0.006




2453224.46124 99.999 9.999 99.999 9.999 -0.323 0.005 99.999 9.999 99.999 9.999 99.999 9.999
2453224.46161 -1.775 0.010 -0.295 0.005 -0.310 0.005 1.480 0.011 1.465 0.011 -0.015 0.006
2453224.46198 -1.780 0.010 -0.301 0.005 -0.316 0.005 1.479 0.011 1.464 0.011 -0.015 0.006
2453224.46236 -1.818 0.010 99.999 9.999 -0.352 0.005 99.999 9.999 1.466 0.011 99.999 9.999


2453224.46310 -1.851 0.010 -0.351 0.005 -0.369 0.005 1.500 0.011 1.482 0.011 -0.018 0.006
2453224.46347 -1.809 0.010 -0.319 0.005 -0.318 0.005 1.490 0.011 1.491 0.011 0.001 0.006
2453224.46385 -1.800 0.010 -0.312 0.005 -0.334 0.005 1.488 0.011 1.466 0.011 -0.022 0.006
2453224.46422 99.999 9.999 99.999 9.999 99.999 9.999 99.999 9.999 99.999 9.999 99.999 9.999


2453224.46497 99.999 9.999 99.999 9.999 -0.362 0.005 99.999 9.999 99.999 9.999 99.999 9.999
2453224.46535 -1.841 0.010 -0.365 0.005 -0.389 0.005 1.476 0.011 1.452 0.011 -0.024 0.006
2453224.46572 -1.845 0.010 -0.374 0.005 -0.379 0.005 1.471 0.011 1.466 0.011 -0.005 0.006
2453224.46609 -1.849 0.010 -0.345 0.005 -0.359 0.005 1.504 0.011 1.490 0.011 -0.014 0.006


2453224.46684 -1.840 0.010 -0.352 0.005 -0.370 0.005 1.488 0.011 1.470 0.011 -0.018 0.006


2453224.46758 -1.828 0.010 -0.341 0.005 -0.343 0.005 1.487 0.011 1.485 0.011 -0.002 0.006
2453224.46795 99.999 9.999 99.999 9.999 99.999 9.999 99.999 9.999 99.999 9.999 99.999 9.999




2453224.46907 -1.859 0.010 -0.364 0.005 -0.383 0.005 1.495 0.011 1.476 0.011 -0.019 0.006
2453224.46944 99.999 9.999 -0.386 0.005 -0.404 0.005 99.999 9.999 99.999 9.999 -0.018 0.006
2453224.46983 -1.848 0.010 -0.369 0.005 -0.409 0.005 1.479 0.011 1.439 0.011 -0.040 0.006


2453224.47057 99.999 9.999 99.999 9.999 99.999 9.999 99.999 9.999 99.999 9.999 99.999 9.999


2453224.47132 -1.858 0.010 -0.388 0.005 -0.400 0.005 1.470 0.011 1.458 0.011 -0.012 0.006
2453224.47169 -1.865 0.010 -0.377 0.005 -0.397 0.005 1.488 0.011 1.468 0.011 -0.020 0.006
2453224.47206 -1.873 0.010 -0.416 0.005 -0.439 0.005 1.457 0.011 1.434 0.011 -0.023 0.006
2453224.47243 -1.888 0.010 -0.427 0.005 -0.425 0.005 1.461 0.011 1.463 0.011 0.002 0.006
2453224.47281 -1.879 0.010 -0.378 0.005 -0.400 0.005 1.501 0.011 1.479 0.011 -0.022 0.006
2453224.47318 -1.886 0.010 -0.391 0.005 -0.406 0.005 1.495 0.011 1.480 0.011 -0.015 0.006


2453224.47392 -1.904 0.010 -0.427 0.005 -0.425 0.005 1.477 0.011 1.479 0.011 0.002 0.006
2453224.47431 -1.911 0.010 -0.427 0.005 -0.439 0.005 1.484 0.011 1.472 0.011 -0.012 0.006
2453224.47468 -1.860 0.010 -0.390 0.005 -0.409 0.005 1.470 0.011 1.451 0.011 -0.019 0.006
2453224.47505 -1.923 0.010 -0.425 0.005 -0.445 0.005 1.498 0.011 1.478 0.011 -0.020 0.006
2453224.47542 -1.887 0.009 -0.409 0.005 -0.440 0.005 1.478 0.010 1.447 0.010 -0.031 0.006
2453224.47580 -1.893 0.010 -0.405 0.005 -0.418 0.005 1.488 0.011 1.475 0.011 -0.013 0.006
2453224.47617 -1.890 0.010 99.999 9.999 -0.437 0.005 99.999 9.999 1.453 0.011 99.999 9.999
2453224.47654 -1.919 0.010 -0.452 0.005 -0.457 0.005 1.467 0.011 1.462 0.011 -0.005 0.006


2453224.47729 -1.902 0.010 -0.411 0.005 -0.432 0.005 1.491 0.011 1.470 0.011 -0.021 0.006
2453224.47766 -1.904 0.010 -0.411 0.005 -0.434 0.005 1.493 0.011 1.470 0.011 -0.023 0.006
2453224.47803 -1.935 0.010 -0.447 0.005 -0.456 0.005 1.488 0.011 1.479 0.011 -0.009 0.006
2453224.47840 -1.913 0.010 -0.429 0.005 -0.437 0.005 1.484 0.011 1.476 0.011 -0.008 0.006
2453224.47878 -1.896 0.010 -0.424 0.005 -0.434 0.005 1.472 0.011 1.462 0.011 -0.010 0.006
2453224.47916 99.999 9.999 99.999 9.999 -0.444 0.005 99.999 9.999 99.999 9.999 99.999 9.999
2453224.47953 -1.886 0.010 -0.417 0.005 -0.426 0.005 1.469 0.011 1.460 0.011 -0.009 0.006




2453224.48065 -1.922 0.010 -0.454 0.005 -0.452 0.005 1.468 0.011 1.470 0.011 0.002 0.006
2453224.48102 -1.930 0.010 -0.452 0.005 -0.454 0.005 1.478 0.011 1.476 0.011 -0.002 0.006


2453224.48177 -1.913 0.010 -0.422 0.005 -0.435 0.005 1.491 0.011 1.478 0.011 -0.013 0.006
2453224.48214 99.999 9.999 99.999 9.999 -0.480 0.005 99.999 9.999 99.999 9.999 99.999 9.999
2453224.48251 -1.910 0.010 -0.446 0.005 -0.466 0.005 1.464 0.011 1.444 0.011 -0.020 0.006
2453224.48288 -1.942 0.010 -0.469 0.005 -0.483 0.005 1.473 0.011 1.459 0.011 -0.014 0.006
2453224.48326 -1.955 0.010 -0.447 0.005 -0.459 0.005 1.508 0.011 1.496 0.011 -0.012 0.006
2453224.48363 99.999 9.999 99.999 9.999 -0.482 0.005 99.999 9.999 99.999 9.999 99.999 9.999
2453224.48400 -1.975 0.010 -0.482 0.005 -0.490 0.005 1.493 0.011 1.485 0.011 -0.008 0.006
2453224.48438 -1.930 0.010 -0.444 0.005 -0.460 0.005 1.486 0.011 1.470 0.011 -0.016 0.006


2453224.48513 -1.945 0.010 -0.464 0.005 -0.475 0.005 1.481 0.011 1.470 0.011 -0.011 0.006


2453224.48587 -1.952 0.010 -0.443 0.005 -0.452 0.005 1.509 0.011 1.500 0.011 -0.009 0.006
2453224.48625 -1.961 0.010 -0.477 0.005 -0.496 0.005 1.484 0.011 1.465 0.011 -0.019 0.006
2453224.48662 -1.950 0.010 -0.460 0.005 -0.476 0.005 1.490 0.011 1.474 0.011 -0.016 0.006
2453224.48699 -1.921 0.010 -0.446 0.005 -0.466 0.005 1.475 0.011 1.455 0.011 -0.020 0.006
2453224.48736 -1.926 0.010 -0.451 0.005 -0.452 0.005 1.475 0.011 1.474 0.011 -0.001 0.006
2453224.48774 -1.954 0.010 -0.477 0.005 -0.483 0.005 1.477 0.011 1.471 0.011 -0.006 0.006
2453224.48811 -1.938 0.010 -0.463 0.005 -0.475 0.005 1.475 0.011 1.463 0.011 -0.012 0.006
2453224.48848 -1.953 0.010 -0.455 0.005 -0.473 0.005 1.498 0.011 1.480 0.011 -0.018 0.006
2453224.48885 -1.923 0.010 -0.432 0.005 -0.449 0.005 1.491 0.011 1.474 0.011 -0.017 0.006
2453224.48924 -1.949 0.010 -0.476 0.005 -0.497 0.005 1.473 0.011 1.452 0.011 -0.021 0.006
2453224.48961 -1.935 0.010 -0.467 0.005 -0.474 0.005 1.468 0.011 1.461 0.011 -0.007 0.006
2453224.48998 -1.963 0.010 99.999 9.999 -0.502 0.005 99.999 9.999 1.461 0.011 99.999 9.999
2453224.49035 -1.974 0.010 -0.489 0.005 -0.506 0.005 1.485 0.011 1.468 0.011 -0.017 0.006
2453224.49073 99.999 9.999 99.999 9.999 -0.523 0.005 99.999 9.999 99.999 9.999 99.999 9.999
2453224.49110 -1.961 0.010 -0.475 0.005 -0.493 0.005 1.486 0.011 1.468 0.011 -0.018 0.006
2453224.49147 99.999 9.999 99.999 9.999 -0.506 0.005 99.999 9.999 99.999 9.999 99.999 9.999
2453224.49184 -1.974 0.010 -0.489 0.005 -0.501 0.005 1.485 0.011 1.473 0.011 -0.012 0.006
2453224.49222 -1.959 0.010 -0.480 0.005 -0.493 0.005 1.479 0.011 1.466 0.011 -0.013 0.006
2453224.49259 -1.961 0.010 -0.483 0.005 -0.494 0.005 1.478 0.011 1.467 0.011 -0.011 0.006
2453224.49296 99.999 9.999 99.999 9.999 -0.520 0.005 99.999 9.999 99.999 9.999 99.999 9.999
2453224.49333 -1.996 0.010 -0.484 0.005 -0.490 0.005 1.512 0.011 1.506 0.011 -0.006 0.006
2453224.49372 -1.952 0.010 -0.460 0.005 -0.471 0.005 1.492 0.011 1.481 0.011 -0.011 0.006


2453224.49446 -1.986 0.010 -0.517 0.005 -0.527 0.005 1.469 0.011 1.459 0.011 -0.010 0.006
2453224.49483 -1.956 0.010 -0.470 0.005 -0.484 0.005 1.486 0.011 1.472 0.011 -0.014 0.006
2453224.49521 -1.976 0.010 99.999 9.999 -0.503 0.005 99.999 9.999 1.473 0.011 99.999 9.999
2453224.49558 -1.982 0.010 99.999 9.999 -0.496 0.005 99.999 9.999 1.486 0.011 99.999 9.999
2453224.49595 99.999 9.999 99.999 9.999 -0.503 0.005 99.999 9.999 99.999 9.999 99.999 9.999
2453224.49632 -1.964 0.010 -0.467 0.005 -0.467 0.005 1.497 0.011 1.497 0.011 0.000 0.006
2453224.49670 -1.958 0.010 -0.482 0.005 -0.497 0.005 1.476 0.011 1.461 0.011 -0.015 0.006
2453224.49707 99.999 9.999 99.999 9.999 -0.543 0.005 99.999 9.999 99.999 9.999 99.999 9.999
2453224.49744 -1.981 0.010 -0.498 0.005 -0.514 0.005 1.483 0.011 1.467 0.011 -0.016 0.006
2453224.49781 -1.967 0.010 -0.483 0.005 -0.484 0.005 1.484 0.011 1.483 0.011 -0.001 0.006
2453224.49819 -1.997 0.010 99.999 9.999 -0.533 0.005 99.999 9.999 1.464 0.011 99.999 9.999
2453224.49856 -1.899 0.010 -0.432 0.005 -0.448 0.005 1.467 0.011 1.451 0.011 -0.016 0.006
2453224.49894 -1.966 0.010 -0.486 0.005 -0.496 0.005 1.480 0.011 1.470 0.011 -0.010 0.006


2453224.49969 -2.007 0.010 -0.515 0.005 -0.525 0.005 1.492 0.011 1.482 0.011 -0.010 0.006
2453224.50006 -1.998 0.010 99.999 9.999 -0.535 0.005 99.999 9.999 1.463 0.011 99.999 9.999
2453224.50043 -1.976 0.010 99.999 9.999 -0.505 0.005 99.999 9.999 1.471 0.011 99.999 9.999
2453224.50080 -1.973 0.010 -0.486 0.005 -0.502 0.005 1.487 0.011 1.471 0.011 -0.016 0.006
2453224.50118 -1.998 0.010 -0.495 0.005 -0.535 0.005 1.503 0.011 1.463 0.011 -0.040 0.006
2453224.50155 -1.982 0.010 -0.495 0.005 -0.495 0.005 1.487 0.011 1.487 0.011 0.000 0.006
2453224.50192 -2.004 0.010 -0.512 0.005 -0.521 0.005 1.492 0.011 1.483 0.011 -0.009 0.006
2453224.50229 99.999 9.999 99.999 9.999 -0.521 0.005 99.999 9.999 99.999 9.999 99.999 9.999
2453224.50267 -1.964 0.010 -0.465 0.005 -0.484 0.005 1.499 0.011 1.480 0.011 -0.019 0.006
2453224.50304 99.999 9.999 99.999 9.999 -0.521 0.005 99.999 9.999 99.999 9.999 99.999 9.999
2453224.50341 -1.995 0.010 -0.510 0.005 -0.522 0.005 1.485 0.011 1.473 0.011 -0.012 0.006
2453224.50378 -1.977 0.010 -0.511 0.005 -0.515 0.005 1.466 0.011 1.462 0.011 -0.004 0.006


2453224.50454 -2.013 0.010 -0.538 0.005 -0.530 0.005 1.475 0.011 1.483 0.011 0.008 0.006
2453224.50491 -1.976 0.010 -0.493 0.005 -0.491 0.005 1.483 0.011 1.485 0.011 0.002 0.006
2453224.50528 99.999 9.999 99.999 9.999 -0.508 0.005 99.999 9.999 99.999 9.999 99.999 9.999
2453224.50566 -2.000 0.011 -0.498 0.005 -0.507 0.005 1.502 0.012 1.493 0.012 -0.009 0.006
2453224.50603 -1.984 0.010 -0.491 0.005 -0.511 0.005 1.493 0.011 1.473 0.011 -0.020 0.006
2453224.50640 -1.964 0.010 -0.475 0.005 -0.473 0.005 1.489 0.011 1.491 0.011 0.002 0.006
2453224.50677 -2.011 0.010 -0.508 0.005 -0.533 0.005 1.503 0.011 1.478 0.011 -0.025 0.006
2453224.50715 -1.998 0.011 -0.511 0.005 -0.514 0.005 1.487 0.012 1.484 0.012 -0.003 0.006
2453224.50752 -1.984 0.011 -0.482 0.005 -0.495 0.005 1.502 0.012 1.489 0.012 -0.013 0.006
2453224.50789 -1.987 0.010 -0.494 0.005 -0.485 0.005 1.493 0.011 1.502 0.011 0.009 0.006
2453224.50826 -2.011 0.010 -0.520 0.005 -0.528 0.005 1.491 0.011 1.483 0.011 -0.008 0.006
2453224.50865 -1.978 0.010 -0.484 0.005 -0.501 0.005 1.494 0.011 1.477 0.011 -0.017 0.006
2453224.50902 -1.985 0.010 -0.484 0.005 -0.500 0.005 1.501 0.011 1.485 0.011 -0.016 0.006
2453224.50939 -1.966 0.010 -0.494 0.005 -0.496 0.005 1.472 0.011 1.470 0.011 -0.002 0.006
2453224.50976 -1.993 0.010 -0.490 0.005 -0.504 0.005 1.503 0.011 1.489 0.011 -0.014 0.006
2453224.51014 -1.980 0.010 -0.491 0.005 -0.492 0.005 1.489 0.011 1.488 0.011 -0.001 0.006
2453224.51051 -1.981 0.010 -0.481 0.005 -0.480 0.005 1.500 0.011 1.501 0.011 0.001 0.006
2453224.51088 -1.966 0.010 -0.505 0.005 -0.517 0.005 1.461 0.011 1.449 0.011 -0.012 0.006


2453224.51163 -1.954 0.010 -0.467 0.005 -0.473 0.005 1.487 0.011 1.481 0.011 -0.006 0.006
2453224.51200 -1.966 0.010 -0.484 0.005 -0.497 0.005 1.482 0.011 1.469 0.011 -0.013 0.006
2453224.51237 -1.955 0.010 -0.483 0.005 -0.473 0.005 1.472 0.011 1.482 0.011 0.010 0.006
2453224.51274 -1.969 0.010 -0.485 0.005 -0.498 0.005 1.484 0.011 1.471 0.011 -0.013 0.006
2453224.51313 -1.963 0.010 -0.476 0.005 -0.495 0.005 1.487 0.011 1.468 0.011 -0.019 0.006
2453224.51350 99.999 9.999 99.999 9.999 -0.519 0.005 99.999 9.999 99.999 9.999 99.999 9.999
2453224.51387 -2.013 0.010 -0.520 0.005 -0.546 0.005 1.493 0.011 1.467 0.011 -0.026 0.006
2453224.51424 -1.983 0.010 -0.479 0.005 -0.474 0.005 1.504 0.011 1.509 0.011 0.005 0.006
2453224.51462 -1.926 0.010 -0.457 0.005 -0.465 0.005 1.469 0.011 1.461 0.011 -0.008 0.006
2453224.51499 -1.994 0.010 -0.516 0.005 -0.526 0.005 1.478 0.011 1.468 0.011 -0.010 0.006
2453224.51536 -1.968 0.010 -0.473 0.005 -0.490 0.005 1.495 0.011 1.478 0.011 -0.017 0.006
2453224.51573 -1.973 0.010 -0.513 0.005 -0.531 0.005 1.460 0.011 1.442 0.011 -0.018 0.006
2453224.51611 -1.939 0.010 -0.463 0.005 -0.462 0.005 1.476 0.011 1.477 0.011 0.001 0.006
2453224.51648 -1.985 0.010 -0.515 0.005 -0.523 0.005 1.470 0.011 1.462 0.011 -0.008 0.006
2453224.51685 -1.948 0.010 -0.458 0.005 -0.478 0.005 1.490 0.011 1.470 0.011 -0.020 0.006
2453224.51722 -1.943 0.010 -0.455 0.005 -0.484 0.005 1.488 0.011 1.459 0.011 -0.029 0.006
2453224.51760 -1.948 0.010 -0.480 0.005 -0.487 0.005 1.468 0.011 1.461 0.011 -0.007 0.006
2453224.51797 -1.985 0.010 -0.509 0.005 -0.514 0.005 1.476 0.011 1.471 0.011 -0.005 0.006
2453224.51834 -1.970 0.010 -0.460 0.005 -0.472 0.005 1.510 0.011 1.498 0.011 -0.012 0.006


2453224.51910 -1.959 0.010 -0.475 0.005 -0.498 0.005 1.484 0.011 1.461 0.011 -0.023 0.006
2453224.51947 -1.952 0.010 -0.457 0.005 -0.466 0.005 1.495 0.011 1.486 0.011 -0.009 0.006
2453224.51984 -1.971 0.010 -0.505 0.005 -0.505 0.005 1.466 0.011 1.466 0.011 0.000 0.006
2453224.52021 -1.929 0.010 -0.448 0.005 -0.473 0.005 1.481 0.011 1.456 0.011 -0.025 0.006
2453224.52059 -1.945 0.010 -0.451 0.005 -0.454 0.005 1.494 0.011 1.491 0.011 -0.003 0.006
2453224.52096 -1.920 0.010 -0.441 0.005 -0.447 0.005 1.479 0.011 1.473 0.011 -0.006 0.006
2453224.52133 -1.930 0.010 -0.451 0.005 -0.457 0.005 1.479 0.011 1.473 0.011 -0.006 0.006
2453224.52170 -1.942 0.010 -0.437 0.005 -0.446 0.005 1.505 0.011 1.496 0.011 -0.009 0.006
2453224.52208 -1.936 0.010 -0.461 0.005 -0.465 0.005 1.475 0.011 1.471 0.011 -0.004 0.006
2453224.52245 -1.960 0.010 -0.479 0.005 -0.494 0.005 1.481 0.011 1.466 0.011 -0.015 0.006
2453224.52282 -1.928 0.010 99.999 9.999 -0.481 0.005 99.999 9.999 1.447 0.011 99.999 9.999
2453224.52319 -1.905 0.010 -0.421 0.005 -0.432 0.005 1.484 0.011 1.473 0.011 -0.011 0.006
2453224.52358 -1.935 0.010 -0.454 0.005 -0.441 0.005 1.481 0.011 1.494 0.011 0.013 0.006
2453224.52395 -1.947 0.010 -0.442 0.005 -0.462 0.005 1.505 0.011 1.485 0.011 -0.020 0.006
2453224.52432 -1.973 0.010 -0.462 0.005 -0.483 0.005 1.511 0.011 1.490 0.011 -0.021 0.006
2453224.52469 -1.937 0.010 -0.447 0.005 -0.460 0.005 1.490 0.011 1.477 0.011 -0.013 0.006
2453224.52507 -1.901 0.010 -0.442 0.005 -0.449 0.005 1.459 0.011 1.452 0.011 -0.007 0.006
2453224.52544 -1.959 0.010 -0.472 0.005 -0.473 0.005 1.487 0.011 1.486 0.011 -0.001 0.006
2453224.52581 -1.899 0.010 -0.415 0.005 -0.432 0.005 1.484 0.011 1.467 0.011 -0.017 0.006
2453224.52618 -1.949 0.010 -0.445 0.005 -0.451 0.005 1.504 0.011 1.498 0.011 -0.006 0.006
2453224.52656 -1.915 0.010 -0.417 0.005 -0.421 0.005 1.498 0.011 1.494 0.011 -0.004 0.006
2453224.52693 -1.940 0.010 99.999 9.999 -0.475 0.005 99.999 9.999 1.465 0.011 99.999 9.999


2453224.52767 -1.930 0.010 -0.421 0.005 -0.434 0.005 1.509 0.011 1.496 0.011 -0.013 0.006
2453224.52806 -1.943 0.010 -0.456 0.005 -0.475 0.005 1.487 0.011 1.468 0.011 -0.019 0.006
2453224.52843 -1.930 0.010 -0.454 0.005 -0.478 0.005 1.476 0.011 1.452 0.011 -0.024 0.006
2453224.52880 -1.906 0.010 -0.419 0.005 -0.438 0.005 1.487 0.011 1.468 0.011 -0.019 0.006
2453224.52917 -1.903 0.010 -0.425 0.005 -0.430 0.005 1.478 0.011 1.473 0.011 -0.005 0.006
2453224.52955 -1.926 0.010 -0.447 0.005 -0.456 0.005 1.479 0.011 1.470 0.011 -0.009 0.006
2453224.52992 -1.921 0.010 -0.433 0.005 -0.442 0.005 1.488 0.011 1.479 0.011 -0.009 0.006
2453224.53029 -1.885 0.010 -0.406 0.005 -0.417 0.005 1.479 0.011 1.468 0.011 -0.011 0.006
2453224.53066 -1.902 0.010 -0.432 0.005 -0.430 0.005 1.470 0.011 1.472 0.011 0.002 0.006
2453224.53104 -1.937 0.010 -0.448 0.005 -0.447 0.005 1.489 0.011 1.490 0.011 0.001 0.006
2453224.53141 -1.897 0.010 -0.400 0.005 -0.404 0.005 1.497 0.011 1.493 0.011 -0.004 0.006
2453224.53178 -1.889 0.010 -0.395 0.005 -0.407 0.005 1.494 0.011 1.482 0.011 -0.012 0.006
2453224.53215 -1.888 0.010 -0.395 0.005 -0.398 0.005 1.493 0.011 1.490 0.011 -0.003 0.006
2453224.53253 -1.906 0.010 -0.408 0.005 -0.426 0.005 1.498 0.011 1.480 0.011 -0.018 0.006
2453224.53291 -1.875 0.010 -0.394 0.005 -0.412 0.005 1.481 0.011 1.463 0.011 -0.018 0.006
2453224.53328 -1.912 0.010 -0.430 0.005 -0.440 0.005 1.482 0.011 1.472 0.011 -0.010 0.006
2453224.53365 -1.873 0.010 -0.393 0.005 -0.409 0.005 1.480 0.011 1.464 0.011 -0.016 0.006
2453224.53403 -1.893 0.010 -0.438 0.005 -0.440 0.005 1.455 0.011 1.453 0.011 -0.002 0.006
2453224.53440 -1.857 0.010 -0.386 0.005 -0.388 0.005 1.471 0.011 1.469 0.011 -0.002 0.006
2453224.53477 -1.882 0.010 -0.406 0.005 -0.416 0.005 1.476 0.011 1.466 0.011 -0.010 0.006
2453224.53514 -1.889 0.010 -0.422 0.005 -0.431 0.005 1.467 0.011 1.458 0.011 -0.009 0.006
2453224.53552 -1.892 0.010 99.999 9.999 -0.414 0.005 99.999 9.999 1.478 0.011 99.999 9.999
2453224.53589 -1.874 0.010 -0.378 0.005 -0.393 0.005 1.496 0.011 1.481 0.011 -0.015 0.006
2453224.53626 -1.871 0.011 -0.355 0.005 -0.369 0.005 1.516 0.012 1.502 0.012 -0.014 0.006
2453224.53663 -1.869 0.011 -0.374 0.005 -0.383 0.005 1.495 0.012 1.486 0.012 -0.009 0.006
2453224.53701 -1.891 0.011 -0.399 0.005 -0.403 0.005 1.492 0.012 1.488 0.012 -0.004 0.006
2453224.53738 -1.875 0.010 -0.382 0.005 -0.398 0.005 1.493 0.011 1.477 0.011 -0.016 0.006
2453224.53775 -1.828 0.011 -0.328 0.005 -0.345 0.005 1.500 0.012 1.483 0.012 -0.017 0.006
2453224.53813 -1.829 0.010 -0.347 0.005 -0.357 0.005 1.482 0.011 1.472 0.011 -0.010 0.006
2453224.53851 -1.843 0.011 -0.363 0.005 -0.382 0.005 1.480 0.012 1.461 0.012 -0.019 0.006
2453224.53888 -1.852 0.011 -0.372 0.005 -0.384 0.005 1.480 0.012 1.468 0.012 -0.012 0.006
2453224.53926 -1.829 0.011 -0.338 0.005 -0.339 0.005 1.491 0.012 1.490 0.012 -0.001 0.006
2453224.53963 -1.825 0.011 -0.342 0.005 -0.346 0.005 1.483 0.012 1.479 0.012 -0.004 0.006
2453224.54000 -1.822 0.010 -0.335 0.005 -0.337 0.005 1.487 0.011 1.485 0.011 -0.002 0.006
2453224.54037 -1.824 0.011 99.999 9.999 -0.354 0.005 99.999 9.999 1.470 0.012 99.999 9.999


2453224.54112 -1.794 0.011 -0.332 0.005 -0.331 0.005 1.462 0.012 1.463 0.012 0.001 0.006
2453224.54149 -1.827 0.011 -0.343 0.005 -0.359 0.005 1.484 0.012 1.468 0.012 -0.016 0.006
2453224.54186 -1.807 0.011 -0.314 0.005 -0.321 0.005 1.493 0.012 1.486 0.012 -0.007 0.006




2453224.54299 -1.804 0.010 -0.320 0.005 -0.330 0.005 1.484 0.011 1.474 0.011 -0.010 0.006
2453224.54336 -1.783 0.010 -0.288 0.005 -0.302 0.005 1.495 0.011 1.481 0.011 -0.014 0.006
2453224.54374 -1.766 0.011 -0.289 0.006 -0.278 0.006 1.477 0.011 1.488 0.011 0.011 0.006
2453224.54411 -1.784 0.010 -0.314 0.005 -0.313 0.005 1.470 0.011 1.471 0.011 0.001 0.006
2453224.54448 -1.737 0.010 -0.275 0.005 -0.291 0.005 1.462 0.011 1.446 0.011 -0.016 0.006
2453224.54485 -1.757 0.012 -0.277 0.006 -0.280 0.006 1.480 0.012 1.477 0.012 -0.003 0.006
2453224.54523 -1.736 0.011 -0.261 0.006 -0.270 0.006 1.475 0.011 1.466 0.011 -0.009 0.006
2453224.54560 -1.722 0.011 -0.245 0.006 -0.254 0.006 1.477 0.011 1.468 0.011 -0.009 0.006
2453224.54597 -1.721 0.011 -0.232 0.006 -0.239 0.006 1.489 0.011 1.482 0.011 -0.007 0.006
2453224.54634 -1.746 0.012 -0.260 0.006 -0.276 0.006 1.486 0.012 1.470 0.012 -0.016 0.006
2453224.54672 -1.707 0.012 -0.196 0.006 -0.232 0.006 1.511 0.012 1.475 0.012 -0.036 0.006
2453224.54709 -1.732 0.012 -0.229 0.006 -0.252 0.006 1.503 0.012 1.480 0.012 -0.023 0.006
2453224.54747 -1.747 0.012 -0.259 0.006 -0.259 0.006 1.488 0.012 1.488 0.012 0.000 0.006
2453224.54784 -1.700 0.011 -0.223 0.006 -0.227 0.006 1.477 0.011 1.473 0.011 -0.004 0.006
2453224.54822 -1.718 0.011 -0.213 0.006 -0.226 0.006 1.505 0.011 1.492 0.011 -0.013 0.006
2453224.54859 -1.683 0.011 -0.195 0.006 -0.195 0.006 1.488 0.011 1.488 0.011 0.000 0.006
2453224.54896 -1.662 0.011 -0.181 0.006 -0.198 0.006 1.481 0.011 1.464 0.011 -0.017 0.006
2453224.54933 -1.662 0.012 -0.180 0.006 -0.182 0.006 1.482 0.012 1.480 0.012 -0.002 0.006
2453224.54971 -1.642 0.012 -0.166 0.006 -0.182 0.006 1.476 0.012 1.460 0.012 -0.016 0.006
2453224.55008 -1.666 0.012 -0.179 0.006 -0.179 0.006 1.487 0.012 1.487 0.012 0.000 0.006
2453224.55045 -1.661 0.012 -0.184 0.006 -0.189 0.006 1.477 0.012 1.472 0.012 -0.005 0.006
2453224.55082 -1.640 0.012 -0.144 0.006 -0.163 0.006 1.496 0.012 1.477 0.012 -0.019 0.006
2453224.55120 -1.658 0.012 -0.180 0.006 -0.167 0.006 1.478 0.012 1.491 0.012 0.013 0.006
2453224.55157 -1.641 0.012 -0.158 0.006 -0.157 0.006 1.483 0.012 1.484 0.012 0.001 0.006
2453224.55194 -1.624 0.012 -0.127 0.006 -0.139 0.006 1.497 0.012 1.485 0.012 -0.012 0.006
2453224.55231 -1.605 0.012 -0.145 0.006 -0.152 0.006 1.460 0.012 1.453 0.012 -0.007 0.006
2453224.55270 -1.613 0.012 -0.142 0.006 -0.136 0.006 1.471 0.012 1.477 0.012 0.006 0.006
2453224.55307 -1.603 0.012 -0.107 0.006 -0.130 0.006 1.496 0.012 1.473 0.012 -0.023 0.006


2453224.55381 -1.577 0.012 -0.082 0.006 -0.091 0.006 1.495 0.012 1.486 0.012 -0.009 0.006
2453224.55419 -1.580 0.012 -0.091 0.006 -0.092 0.006 1.489 0.012 1.488 0.012 -0.001 0.006
2453224.55456 -1.554 0.012 -0.069 0.006 -0.071 0.006 1.485 0.012 1.483 0.012 -0.002 0.006
2453224.55493 -1.536 0.012 -0.066 0.006 -0.060 0.006 1.470 0.012 1.476 0.012 0.006 0.006
2453224.55530 -1.562 0.012 -0.086 0.006 -0.095 0.006 1.476 0.012 1.467 0.012 -0.009 0.006
2453224.55568 -1.529 0.012 -0.036 0.006 -0.045 0.006 1.493 0.012 1.484 0.012 -0.009 0.006
2453224.55605 -1.525 0.012 -0.018 0.006 -0.021 0.006 1.507 0.012 1.504 0.012 -0.003 0.006
2453224.55642 -1.479 0.012 -0.029 0.006 -0.024 0.006 1.450 0.012 1.455 0.012 0.005 0.006
2453224.55679 -1.504 0.012 -0.017 0.006 -0.029 0.006 1.487 0.012 1.475 0.012 -0.012 0.006
2453224.55718 -1.506 0.012 -0.020 0.006 -0.021 0.006 1.486 0.012 1.485 0.012 -0.001 0.006


2453224.55792 -1.463 0.012 -0.003 0.006 -0.004 0.006 1.460 0.012 1.459 0.012 -0.001 0.006
2453224.55829 -1.447 0.012 0.046 0.006 0.016 0.006 1.493 0.012 1.463 0.012 -0.030 0.006
2453224.55867 -1.446 0.012 0.045 0.006 0.056 0.006 1.491 0.012 1.502 0.012 0.011 0.006


2453224.55941 -1.434 0.012 0.061 0.006 0.036 0.006 1.495 0.012 1.470 0.012 -0.025 0.006
2453224.55978 -1.398 0.012 0.077 0.006 0.052 0.006 1.475 0.012 1.450 0.012 -0.025 0.006
2453224.56016 -1.420 0.012 0.066 0.006 0.072 0.006 1.486 0.012 1.492 0.012 0.006 0.006
2453224.56053 -1.406 0.012 0.072 0.006 0.057 0.006 1.478 0.012 1.463 0.012 -0.015 0.006
2453224.56090 -1.415 0.012 0.044 0.006 0.042 0.006 1.459 0.012 1.457 0.012 -0.002 0.006
2453224.56127 -1.425 0.012 0.078 0.006 0.078 0.006 1.503 0.012 1.503 0.012 0.000 0.006
2453224.56166 -1.397 0.012 0.113 0.006 0.101 0.006 1.510 0.012 1.498 0.012 -0.012 0.006
2453224.56203 -1.423 0.012 0.081 0.006 0.056 0.006 1.504 0.012 1.479 0.012 -0.025 0.006
2453224.56240 -1.411 0.012 0.074 0.006 0.067 0.006 1.485 0.012 1.478 0.012 -0.007 0.006
2453224.56277 -1.392 0.012 0.118 0.006 0.115 0.006 1.510 0.012 1.507 0.012 -0.003 0.006
2453224.56315 -1.363 0.012 0.110 0.006 0.116 0.006 1.473 0.012 1.479 0.012 0.006 0.006
2453224.56352 -1.383 0.012 0.100 0.006 0.101 0.006 1.483 0.012 1.484 0.012 0.001 0.006


2453224.56427 -1.388 0.012 0.084 0.006 0.091 0.006 1.472 0.012 1.479 0.012 0.007 0.006
2453224.56464 -1.381 0.012 0.111 0.006 0.111 0.006 1.492 0.012 1.492 0.012 0.000 0.006
2453224.56501 -1.399 0.012 0.089 0.006 0.078 0.006 1.488 0.012 1.477 0.012 -0.011 0.006
2453224.56538 -1.362 0.012 0.112 0.006 0.114 0.006 1.474 0.012 1.476 0.012 0.002 0.006
2453224.56576 -1.366 0.012 0.125 0.006 0.123 0.006 1.491 0.012 1.489 0.012 -0.002 0.006


2453224.56650 -1.376 0.012 0.111 0.006 0.097 0.006 1.487 0.012 1.473 0.012 -0.014 0.006
2453224.56688 -1.327 0.012 0.137 0.006 0.129 0.006 1.464 0.012 1.456 0.012 -0.008 0.006


2453224.56763 -1.387 0.012 0.106 0.006 0.108 0.006 1.493 0.012 1.495 0.012 0.002 0.006
2453224.56800 -1.383 0.012 0.083 0.006 0.073 0.006 1.466 0.012 1.456 0.012 -0.010 0.006
2453224.56837 -1.359 0.012 0.130 0.006 0.119 0.006 1.489 0.012 1.478 0.012 -0.011 0.006
2453224.56875 -1.356 0.012 0.131 0.006 0.117 0.006 1.487 0.012 1.473 0.012 -0.014 0.006
2453224.56912 -1.365 0.012 0.115 0.006 0.106 0.006 1.480 0.012 1.471 0.012 -0.009 0.006
2453224.56949 -1.378 0.012 0.122 0.006 0.113 0.006 1.500 0.012 1.491 0.012 -0.009 0.006
2453224.56986 -1.359 0.012 0.139 0.006 0.127 0.006 1.498 0.012 1.486 0.012 -0.012 0.006
2453224.57024 -1.357 0.012 0.102 0.006 0.114 0.006 1.459 0.012 1.471 0.012 0.012 0.006
2453224.57061 -1.361 0.012 0.100 0.006 0.102 0.006 1.461 0.012 1.463 0.012 0.002 0.006
2453224.57098 -1.357 0.012 0.127 0.006 0.127 0.006 1.484 0.012 1.484 0.012 0.000 0.006
2453224.57135 -1.373 0.012 0.106 0.006 0.096 0.006 1.479 0.012 1.469 0.012 -0.010 0.006
2453224.57174 -1.343 0.012 0.135 0.006 0.128 0.006 1.478 0.012 1.471 0.012 -0.007 0.006
