JD V-C s1 V-C1 s2 V-C2 s3 C-C1 s4 C-C2 s5 C1-C2 s6
Aperture: 2.00, Filter: 12.00
2453240.37072 -1.950 0.013 -0.481 0.006 -0.398 0.006 1.469 0.013 1.552 0.013 0.083 0.007




2453240.37184 99.999 9.999 -0.483 0.006 -0.402 0.006 99.999 9.999 99.999 9.999 0.081 0.007




2453240.37295 -1.884 0.013 -0.416 0.006 -0.408 0.006 1.468 0.013 1.476 0.013 0.008 0.007
2453240.37333 99.999 9.999 99.999 9.999 99.999 9.999 99.999 9.999 99.999 9.999 99.999 9.999
2453240.37370 -1.844 0.013 -0.386 0.006 -0.344 0.006 1.458 0.013 1.500 0.013 0.042 0.007
2453240.37407 -1.816 0.013 -0.341 0.006 -0.337 0.006 1.475 0.013 1.479 0.013 0.004 0.007
2453240.37444 99.999 9.999 99.999 9.999 99.999 9.999 99.999 9.999 99.999 9.999 99.999 9.999
2453240.37483 -1.918 0.013 -0.455 0.006 -0.391 0.006 1.463 0.013 1.527 0.013 0.064 0.007
2453240.37520 -1.807 0.013 -0.346 0.006 -0.341 0.006 1.461 0.013 1.466 0.013 0.005 0.007
2453240.37557 99.999 9.999 99.999 9.999 -0.314 0.006 99.999 9.999 99.999 9.999 99.999 9.999


2453240.37632 -1.862 0.013 -0.402 0.006 -0.353 0.006 1.460 0.013 1.509 0.013 0.049 0.007
2453240.37669 99.999 9.999 99.999 9.999 99.999 9.999 99.999 9.999 99.999 9.999 99.999 9.999
2453240.37706 -1.862 0.013 -0.360 0.006 -0.348 0.006 1.502 0.013 1.514 0.013 0.012 0.007
2453240.37743 -1.838 0.018 -0.323 0.008 -0.332 0.008 1.515 0.018 1.506 0.018 -0.009 0.008
2453240.37781 -1.819 0.013 -0.350 0.006 -0.345 0.006 1.469 0.013 1.474 0.013 0.005 0.007
2453240.37818 -1.843 0.013 -0.357 0.006 -0.363 0.006 1.486 0.013 1.480 0.013 -0.006 0.007
2453240.37855 -1.916 0.013 -0.442 0.006 -0.362 0.006 1.474 0.013 1.554 0.013 0.080 0.007
2453240.37892 -1.920 0.013 -0.450 0.006 -0.399 0.006 1.470 0.013 1.521 0.013 0.051 0.007
2453240.37931 -1.926 0.013 -0.463 0.006 -0.412 0.006 1.463 0.013 1.514 0.013 0.051 0.007
2453240.37968 -1.796 0.013 -0.363 0.006 -0.327 0.006 1.433 0.013 1.469 0.013 0.036 0.007
2453240.38005 -1.811 0.013 -0.350 0.006 -0.312 0.006 1.461 0.013 1.499 0.013 0.038 0.007
2453240.38042 -1.860 0.013 -0.362 0.006 -0.351 0.006 1.498 0.013 1.509 0.013 0.011 0.007


2453240.38117 -1.919 0.013 -0.428 0.006 -0.386 0.006 1.491 0.013 1.533 0.013 0.042 0.007
2453240.38154 99.999 9.999 99.999 9.999 -0.316 0.006 99.999 9.999 99.999 9.999 99.999 9.999
2453240.38191 99.999 9.999 99.999 9.999 -0.305 0.006 99.999 9.999 99.999 9.999 99.999 9.999
2453240.38229 -1.914 0.013 -0.409 0.006 -0.378 0.006 1.505 0.013 1.536 0.013 0.031 0.007
2453240.38266 -1.878 0.013 -0.408 0.006 -0.372 0.006 1.470 0.013 1.506 0.013 0.036 0.007


2453240.38340 -1.887 0.013 -0.391 0.006 -0.364 0.006 1.496 0.013 1.523 0.013 0.027 0.007
2453240.38378 99.999 9.999 99.999 9.999 99.999 9.999 99.999 9.999 99.999 9.999 99.999 9.999
2453240.38416 -1.832 0.013 -0.366 0.006 -0.292 0.006 1.466 0.013 1.540 0.013 0.074 0.007
2453240.38453 -1.752 0.013 -0.305 0.006 -0.285 0.006 1.447 0.013 1.467 0.013 0.020 0.007
2453240.38490 -1.818 0.013 -0.340 0.006 -0.307 0.006 1.478 0.013 1.511 0.013 0.033 0.007


2453240.38565 -1.742 0.012 -0.298 0.006 -0.250 0.006 1.444 0.012 1.492 0.012 0.048 0.007
2453240.38602 -1.826 0.013 -0.351 0.006 -0.296 0.006 1.475 0.013 1.530 0.013 0.055 0.007
2453240.38639 -1.817 0.013 -0.336 0.006 -0.256 0.006 1.481 0.013 1.561 0.013 0.080 0.007
2453240.38677 -1.795 0.013 -0.315 0.006 -0.303 0.006 1.480 0.013 1.492 0.013 0.012 0.007
2453240.38714 99.999 9.999 -0.257 0.006 -0.220 0.006 99.999 9.999 99.999 9.999 0.037 0.007
2453240.38751 -1.700 0.013 -0.231 0.006 -0.237 0.006 1.469 0.013 1.463 0.013 -0.006 0.007
2453240.38788 -1.738 0.013 -0.237 0.006 -0.249 0.006 1.501 0.013 1.489 0.013 -0.012 0.007
2453240.38826 -1.696 0.012 -0.245 0.006 -0.216 0.006 1.451 0.012 1.480 0.012 0.029 0.007
2453240.38863 -1.717 0.013 -0.275 0.006 -0.208 0.006 1.442 0.013 1.509 0.013 0.067 0.007
2453240.38900 -1.680 0.012 -0.227 0.006 -0.218 0.006 1.453 0.012 1.462 0.012 0.009 0.007
2453240.38938 -1.720 0.013 -0.272 0.006 -0.217 0.006 1.448 0.013 1.503 0.013 0.055 0.007
2453240.38976 99.999 9.999 -0.278 0.006 -0.207 0.006 99.999 9.999 99.999 9.999 0.071 0.007
2453240.39013 -1.704 0.013 -0.241 0.006 -0.219 0.006 1.463 0.013 1.485 0.013 0.022 0.007
2453240.39050 99.999 9.999 -0.253 0.006 -0.222 0.006 99.999 9.999 99.999 9.999 0.031 0.007
2453240.39087 -1.638 0.012 -0.200 0.006 -0.174 0.006 1.438 0.012 1.464 0.012 0.026 0.007
2453240.39125 99.999 9.999 99.999 9.999 -0.134 0.006 99.999 9.999 99.999 9.999 99.999 9.999
2453240.39162 -1.693 0.013 -0.209 0.006 -0.169 0.006 1.484 0.013 1.524 0.013 0.040 0.007
2453240.39199 -1.629 0.012 -0.181 0.007 -0.148 0.007 1.448 0.012 1.481 0.012 0.033 0.007
2453240.39236 -1.679 0.013 -0.198 0.007 -0.199 0.007 1.481 0.013 1.480 0.013 -0.001 0.007
2453240.39274 -1.699 0.013 -0.227 0.006 -0.176 0.006 1.472 0.013 1.523 0.013 0.051 0.007
2453240.39311 -1.732 0.013 -0.244 0.006 -0.200 0.006 1.488 0.013 1.532 0.013 0.044 0.007
2453240.39348 99.999 9.999 99.999 9.999 -0.144 0.006 99.999 9.999 99.999 9.999 99.999 9.999


2453240.39424 99.999 9.999 -0.199 0.007 -0.130 0.007 99.999 9.999 99.999 9.999 0.069 0.007
2453240.39461 -1.628 0.013 -0.157 0.007 -0.139 0.007 1.471 0.013 1.489 0.013 0.018 0.007
2453240.39498 -1.601 0.013 -0.142 0.007 -0.115 0.007 1.459 0.013 1.486 0.013 0.027 0.007
2453240.39535 -1.676 0.013 -0.200 0.007 -0.165 0.007 1.476 0.013 1.511 0.013 0.035 0.007


2453240.39610 -1.641 0.013 -0.160 0.007 -0.123 0.007 1.481 0.013 1.518 0.013 0.037 0.007
2453240.39647 99.999 9.999 -0.191 0.007 -0.129 0.007 99.999 9.999 99.999 9.999 0.062 0.007
2453240.39684 -1.578 0.013 -0.140 0.007 -0.071 0.007 1.438 0.013 1.507 0.013 0.069 0.007
2453240.39722 -1.640 0.013 -0.160 0.007 -0.134 0.007 1.480 0.013 1.506 0.013 0.026 0.007
2453240.39759 -1.553 0.012 -0.106 0.007 -0.064 0.007 1.447 0.012 1.489 0.012 0.042 0.007
2453240.39796 -1.559 0.013 -0.087 0.007 -0.068 0.007 1.472 0.013 1.491 0.013 0.019 0.007
2453240.39833 -1.598 0.013 -0.114 0.007 -0.108 0.007 1.484 0.013 1.490 0.013 0.006 0.007
2453240.39872 99.999 9.999 -0.065 0.007 -0.034 0.007 99.999 9.999 99.999 9.999 0.031 0.007
2453240.39909 -1.577 0.013 -0.124 0.007 -0.057 0.007 1.453 0.013 1.520 0.013 0.067 0.007
2453240.39946 -1.609 0.013 -0.084 0.007 -0.099 0.007 1.525 0.013 1.510 0.013 -0.015 0.007


2453240.40021 -1.483 0.013 -0.043 0.007 -0.036 0.007 1.440 0.013 1.447 0.013 0.007 0.007
2453240.40058 99.999 9.999 -0.116 0.007 -0.070 0.007 99.999 9.999 99.999 9.999 0.046 0.007


2453240.40132 -1.579 0.013 -0.085 0.007 -0.079 0.007 1.494 0.013 1.500 0.013 0.006 0.007




2453240.40244 -1.491 0.012 -0.023 0.007 -0.024 0.007 1.468 0.012 1.467 0.012 -0.001 0.007


2453240.40319 -1.452 0.013 0.006 0.007 0.026 0.007 1.458 0.013 1.478 0.013 0.020 0.007
2453240.40356 99.999 9.999 99.999 9.999 0.060 0.007 99.999 9.999 99.999 9.999 99.999 9.999


2453240.40432 -1.403 0.013 0.053 0.007 0.075 0.007 1.456 0.013 1.478 0.013 0.022 0.007




2453240.40543 -1.544 0.013 -0.052 0.007 -0.033 0.007 1.492 0.013 1.511 0.013 0.019 0.007
2453240.40581 99.999 9.999 0.007 0.007 0.072 0.007 99.999 9.999 99.999 9.999 0.065 0.007
2453240.40618 99.999 9.999 99.999 9.999 99.999 9.999 99.999 9.999 99.999 9.999 99.999 9.999


2453240.40692 99.999 9.999 0.051 0.007 0.043 0.007 99.999 9.999 99.999 9.999 -0.008 0.007
2453240.40730 -1.528 0.013 -0.037 0.007 0.010 0.007 1.491 0.013 1.538 0.013 0.047 0.007
2453240.40767 -1.406 0.013 0.070 0.007 0.065 0.007 1.476 0.013 1.471 0.013 -0.005 0.007
2453240.40804 99.999 9.999 -0.057 0.007 -0.003 0.007 99.999 9.999 99.999 9.999 0.054 0.007


2453240.40880 -1.508 0.013 -0.020 0.007 0.033 0.007 1.488 0.013 1.541 0.013 0.053 0.007
2453240.40917 99.999 9.999 0.033 0.007 0.075 0.007 99.999 9.999 99.999 9.999 0.042 0.007
2453240.40954 -1.512 0.013 -0.020 0.007 0.057 0.007 1.492 0.013 1.569 0.013 0.077 0.007
2453240.40991 -1.430 0.013 0.048 0.007 0.068 0.007 1.478 0.013 1.498 0.013 0.020 0.007


2453240.41066 -1.378 0.013 0.093 0.007 0.105 0.007 1.471 0.013 1.483 0.013 0.012 0.007
2453240.41103 99.999 9.999 0.009 0.007 0.058 0.007 99.999 9.999 99.999 9.999 0.049 0.007


2453240.41178 -1.413 0.013 0.060 0.007 0.081 0.007 1.473 0.013 1.494 0.013 0.021 0.007


2453240.41252 -1.376 0.012 0.081 0.007 0.135 0.007 1.457 0.012 1.511 0.012 0.054 0.007
2453240.41289 99.999 9.999 0.038 0.007 0.079 0.007 99.999 9.999 99.999 9.999 0.041 0.007


2453240.41365 -1.390 0.012 0.052 0.007 0.091 0.007 1.442 0.012 1.481 0.012 0.039 0.007
2453240.41402 99.999 9.999 0.058 0.007 0.112 0.007 99.999 9.999 99.999 9.999 0.054 0.007


2453240.41477 -1.355 0.012 0.087 0.007 0.129 0.007 1.442 0.012 1.484 0.012 0.042 0.007
2453240.41514 -1.338 0.012 0.104 0.007 0.115 0.007 1.442 0.012 1.453 0.012 0.011 0.007


2453240.41588 -1.358 0.013 0.100 0.007 0.132 0.007 1.458 0.013 1.490 0.013 0.032 0.007
2453240.41626 99.999 9.999 99.999 9.999 0.091 0.007 99.999 9.999 99.999 9.999 99.999 9.999
2453240.41663 -1.380 0.013 0.070 0.007 0.115 0.007 1.450 0.013 1.495 0.013 0.045 0.007
2453240.41700 99.999 9.999 -0.020 0.007 0.041 0.007 99.999 9.999 99.999 9.999 0.061 0.007
2453240.41738 99.999 9.999 -0.025 0.007 99.999 9.999 99.999 9.999 99.999 9.999 99.999 9.999
2453240.41775 -1.361 0.013 0.099 0.007 0.144 0.007 1.460 0.013 1.505 0.013 0.045 0.007
2453240.41813 99.999 9.999 0.004 0.007 0.079 0.007 99.999 9.999 99.999 9.999 0.075 0.007
2453240.41850 99.999 9.999 99.999 9.999 0.125 0.007 99.999 9.999 99.999 9.999 99.999 9.999
2453240.41888 -1.373 0.012 0.092 0.007 0.113 0.007 1.465 0.012 1.486 0.012 0.021 0.007




2453240.41999 99.999 9.999 -0.024 0.007 0.053 0.007 99.999 9.999 99.999 9.999 0.077 0.007




2453240.42111 99.999 9.999 -0.002 0.007 0.073 0.007 99.999 9.999 99.999 9.999 0.075 0.007


2453240.42186 -1.371 0.013 0.101 0.007 0.111 0.007 1.472 0.013 1.482 0.013 0.010 0.007
2453240.42223 -1.421 0.013 0.071 0.007 99.999 9.999 1.492 0.013 99.999 9.999 99.999 9.999


2453240.42297 -1.375 0.012 0.064 0.007 0.094 0.007 1.439 0.012 1.469 0.012 0.030 0.007
2453240.42336 99.999 9.999 99.999 9.999 0.096 0.007 99.999 9.999 99.999 9.999 99.999 9.999


2453240.42410 -1.564 0.013 -0.069 0.007 -0.044 0.007 1.495 0.013 1.520 0.013 0.025 0.007
2453240.42447 99.999 9.999 -0.094 0.007 99.999 9.999 99.999 9.999 99.999 9.999 99.999 9.999


2453240.42522 99.999 9.999 0.070 0.007 0.083 0.007 99.999 9.999 99.999 9.999 0.013 0.007
2453240.42596 -1.555 0.013 -0.064 0.007 -0.045 0.007 1.491 0.013 1.510 0.013 0.019 0.007
2453240.42634 -1.493 0.013 -0.029 0.007 -0.025 0.007 1.464 0.013 1.468 0.013 0.004 0.007


2453240.42708 99.999 9.999 -0.096 0.007 -0.032 0.007 99.999 9.999 99.999 9.999 0.064 0.007
2453240.42745 99.999 9.999 -0.128 0.007 99.999 9.999 99.999 9.999 99.999 9.999 99.999 9.999
2453240.42784 -1.545 0.013 -0.089 0.007 -0.034 0.007 1.456 0.013 1.511 0.013 0.055 0.007
2453240.42821 -1.565 0.013 -0.083 0.007 -0.084 0.007 1.482 0.013 1.481 0.013 -0.001 0.007
2453240.42858 99.999 9.999 99.999 9.999 -0.009 0.007 99.999 9.999 99.999 9.999 99.999 9.999
2453240.42895 -1.580 0.013 -0.110 0.007 -0.096 0.007 1.470 0.013 1.484 0.013 0.014 0.007
2453240.42933 -1.589 0.013 -0.093 0.007 -0.098 0.007 1.496 0.013 1.491 0.013 -0.005 0.007




2453240.43044 99.999 9.999 -0.169 0.007 -0.076 0.007 99.999 9.999 99.999 9.999 0.093 0.007


2453240.43119 -1.702 0.013 -0.199 0.007 -0.163 0.007 1.503 0.013 1.539 0.013 0.036 0.007
2453240.43156 99.999 9.999 99.999 9.999 -0.054 0.007 99.999 9.999 99.999 9.999 99.999 9.999
2453240.43193 -1.643 0.013 -0.202 0.007 -0.130 0.007 1.441 0.013 1.513 0.013 0.072 0.007
2453240.43231 -1.587 0.013 -0.112 0.007 -0.099 0.007 1.475 0.013 1.488 0.013 0.013 0.007
2453240.43269 99.999 9.999 -0.170 0.007 -0.169 0.007 99.999 9.999 99.999 9.999 0.001 0.007


2453240.43343 99.999 9.999 -0.217 0.007 -0.159 0.007 99.999 9.999 99.999 9.999 0.058 0.007
2453240.43381 99.999 9.999 -0.204 0.007 -0.150 0.007 99.999 9.999 99.999 9.999 0.054 0.007


2453240.43455 -1.649 0.013 -0.147 0.007 -0.168 0.007 1.502 0.013 1.481 0.013 -0.021 0.007


2453240.43530 -1.658 0.013 -0.168 0.007 -0.163 0.007 1.490 0.013 1.495 0.013 0.005 0.007
2453240.43567 -1.725 0.013 -0.215 0.006 -0.215 0.006 1.510 0.013 1.510 0.013 0.000 0.007
2453240.43604 99.999 9.999 -0.297 0.006 99.999 9.999 99.999 9.999 99.999 9.999 99.999 9.999
2453240.43641 -1.709 0.013 -0.267 0.006 -0.205 0.006 1.442 0.013 1.504 0.013 0.062 0.007
2453240.43679 -1.743 0.013 -0.261 0.006 -0.249 0.006 1.482 0.013 1.494 0.013 0.012 0.007


2453240.43753 -1.717 0.013 -0.298 0.006 -0.208 0.006 1.419 0.013 1.509 0.013 0.090 0.007
2453240.43791 99.999 9.999 99.999 9.999 -0.244 0.006 99.999 9.999 99.999 9.999 99.999 9.999
2453240.43829 -1.766 0.013 -0.301 0.006 -0.229 0.006 1.465 0.013 1.537 0.013 0.072 0.007
2453240.43866 -1.770 0.013 -0.269 0.006 -0.247 0.006 1.501 0.013 1.523 0.013 0.022 0.007
2453240.43903 -1.665 0.013 -0.235 0.006 -0.206 0.006 1.430 0.013 1.459 0.013 0.029 0.007


2453240.43978 -1.823 0.013 -0.341 0.006 -0.315 0.006 1.482 0.013 1.508 0.013 0.026 0.007


2453240.44052 -1.777 0.013 -0.279 0.006 -0.270 0.006 1.498 0.013 1.507 0.013 0.009 0.007
2453240.44089 99.999 9.999 -0.355 0.006 -0.296 0.006 99.999 9.999 99.999 9.999 0.059 0.007


2453240.44164 -1.786 0.013 -0.312 0.006 -0.304 0.006 1.474 0.013 1.482 0.013 0.008 0.007
2453240.44201 99.999 9.999 99.999 9.999 -0.248 0.006 99.999 9.999 99.999 9.999 99.999 9.999
2453240.44238 -1.864 0.013 -0.382 0.006 -0.326 0.006 1.482 0.013 1.538 0.013 0.056 0.007
2453240.44277 99.999 9.999 -0.360 0.006 99.999 9.999 99.999 9.999 99.999 9.999 99.999 9.999


2453240.44351 -1.829 0.013 -0.334 0.006 -0.317 0.006 1.495 0.013 1.512 0.013 0.017 0.007
2453240.44388 -1.866 0.013 -0.377 0.006 -0.338 0.006 1.489 0.013 1.528 0.013 0.039 0.007
2453240.44426 -1.874 0.013 -0.374 0.006 -0.325 0.006 1.500 0.013 1.549 0.013 0.049 0.007
2453240.44463 -1.840 0.013 -0.348 0.006 -0.338 0.006 1.492 0.013 1.502 0.013 0.010 0.007


2453240.44538 -1.894 0.014 -0.403 0.006 -0.344 0.006 1.491 0.014 1.550 0.014 0.059 0.007
2453240.44575 -1.824 0.013 -0.325 0.006 -0.329 0.006 1.499 0.013 1.495 0.013 -0.004 0.007
2453240.44612 -1.808 0.013 -0.345 0.006 -0.297 0.006 1.463 0.013 1.511 0.013 0.048 0.007
2453240.44649 -1.834 0.013 -0.375 0.006 -0.311 0.006 1.459 0.013 1.523 0.013 0.064 0.007
2453240.44687 -1.764 0.013 -0.297 0.006 -0.284 0.006 1.467 0.013 1.480 0.013 0.013 0.007
2453240.44725 -1.905 0.013 -0.409 0.006 -0.368 0.006 1.496 0.013 1.537 0.013 0.041 0.007
2453240.44762 -1.896 0.013 -0.399 0.006 -0.377 0.006 1.497 0.013 1.519 0.013 0.022 0.007


2453240.44837 -1.781 0.012 -0.347 0.006 -0.310 0.006 1.434 0.012 1.471 0.012 0.037 0.007
2453240.44874 -1.804 0.012 -0.320 0.006 -0.298 0.006 1.484 0.012 1.506 0.012 0.022 0.007
2453240.44911 -1.872 0.013 -0.400 0.006 -0.332 0.006 1.472 0.013 1.540 0.013 0.068 0.007
2453240.44948 -1.886 0.013 -0.398 0.006 -0.378 0.006 1.488 0.013 1.508 0.013 0.020 0.007
2453240.44986 -1.921 0.013 -0.420 0.006 -0.388 0.006 1.501 0.013 1.533 0.013 0.032 0.007
2453240.45023 -1.919 0.013 -0.436 0.006 -0.370 0.006 1.483 0.013 1.549 0.013 0.066 0.007
2453240.45060 -1.867 0.013 -0.389 0.006 -0.365 0.006 1.478 0.013 1.502 0.013 0.024 0.007


2453240.45135 -1.895 0.013 -0.421 0.006 -0.374 0.006 1.474 0.013 1.521 0.013 0.047 0.007
2453240.45172 99.999 9.999 -0.442 0.006 -0.405 0.006 99.999 9.999 99.999 9.999 0.037 0.007


2453240.45247 -1.813 0.013 -0.349 0.006 -0.337 0.006 1.464 0.013 1.476 0.013 0.012 0.007
2453240.45285 99.999 9.999 -0.444 0.006 -0.378 0.006 99.999 9.999 99.999 9.999 0.066 0.007
2453240.45322 -1.820 0.012 -0.369 0.006 -0.326 0.006 1.451 0.012 1.494 0.012 0.043 0.007
2453240.45359 -1.830 0.012 -0.370 0.006 -0.340 0.006 1.460 0.012 1.490 0.012 0.030 0.007
2453240.45396 99.999 9.999 -0.361 0.006 -0.344 0.006 99.999 9.999 99.999 9.999 0.017 0.007
2453240.45434 -1.874 0.013 -0.414 0.006 -0.377 0.006 1.460 0.013 1.497 0.013 0.037 0.007
2453240.45471 -1.883 0.013 -0.414 0.006 -0.378 0.006 1.469 0.013 1.505 0.013 0.036 0.007
2453240.45508 -1.858 0.013 -0.385 0.006 -0.353 0.006 1.473 0.013 1.505 0.013 0.032 0.007
2453240.45545 -1.840 0.012 -0.409 0.006 -0.354 0.006 1.431 0.012 1.486 0.012 0.055 0.007
2453240.45583 -1.944 0.013 -0.465 0.006 -0.430 0.006 1.479 0.013 1.514 0.013 0.035 0.007


2453240.45657 -1.963 0.013 -0.474 0.006 -0.435 0.006 1.489 0.013 1.528 0.013 0.039 0.007
2453240.45694 99.999 9.999 -0.466 0.006 -0.430 0.006 99.999 9.999 99.999 9.999 0.036 0.007
2453240.45733 99.999 9.999 -0.452 0.006 -0.393 0.006 99.999 9.999 99.999 9.999 0.059 0.007
2453240.45770 -1.878 0.013 -0.429 0.006 -0.396 0.006 1.449 0.013 1.482 0.013 0.033 0.007
2453240.45807 -1.840 0.012 -0.382 0.006 -0.373 0.006 1.458 0.012 1.467 0.012 0.009 0.007
2453240.45844 -1.918 0.013 -0.464 0.006 -0.392 0.006 1.454 0.013 1.526 0.013 0.072 0.007
2453240.45882 -1.853 0.013 -0.409 0.006 -0.360 0.006 1.444 0.013 1.493 0.013 0.049 0.007


2453240.45956 -1.857 0.013 -0.394 0.006 -0.372 0.006 1.463 0.013 1.485 0.013 0.022 0.007
2453240.45993 -2.000 0.013 -0.477 0.006 -0.458 0.006 1.523 0.013 1.542 0.013 0.019 0.007
2453240.46031 99.999 9.999 -0.495 0.006 -0.447 0.006 99.999 9.999 99.999 9.999 0.048 0.007
2453240.46068 -1.899 0.013 -0.440 0.006 -0.393 0.006 1.459 0.013 1.506 0.013 0.047 0.007
2453240.46105 -2.003 0.013 -0.523 0.006 -0.479 0.006 1.480 0.013 1.524 0.013 0.044 0.007
2453240.46142 99.999 9.999 -0.503 0.006 -0.465 0.006 99.999 9.999 99.999 9.999 0.038 0.007


2453240.46218 -1.883 0.013 -0.411 0.006 -0.407 0.006 1.472 0.013 1.476 0.013 0.004 0.007


2453240.46292 -1.897 0.013 -0.436 0.006 -0.402 0.006 1.461 0.013 1.495 0.013 0.034 0.007
2453240.46330 99.999 9.999 -0.524 0.006 -0.445 0.006 99.999 9.999 99.999 9.999 0.079 0.007
2453240.46367 99.999 9.999 99.999 9.999 -0.421 0.006 99.999 9.999 99.999 9.999 99.999 9.999
2453240.46404 -1.863 0.013 -0.408 0.006 -0.386 0.006 1.455 0.013 1.477 0.013 0.022 0.007
2453240.46441 99.999 9.999 -0.437 0.006 -0.398 0.006 99.999 9.999 99.999 9.999 0.039 0.007
2453240.46479 -1.912 0.013 -0.449 0.006 -0.401 0.006 1.463 0.013 1.511 0.013 0.048 0.007
2453240.46516 -1.984 0.013 -0.486 0.006 -0.493 0.006 1.498 0.013 1.491 0.013 -0.007 0.007
2453240.46553 -1.844 0.013 -0.399 0.006 -0.377 0.006 1.445 0.013 1.467 0.013 0.022 0.007


2453240.46628 -2.018 0.013 -0.535 0.006 -0.491 0.006 1.483 0.013 1.527 0.013 0.044 0.007
2453240.46666 -1.984 0.013 -0.502 0.006 -0.476 0.006 1.482 0.013 1.508 0.013 0.026 0.007
2453240.46703 -1.890 0.013 -0.431 0.006 -0.405 0.006 1.459 0.013 1.485 0.013 0.026 0.007
2453240.46740 -1.910 0.012 -0.460 0.006 -0.416 0.006 1.450 0.012 1.494 0.012 0.044 0.007
2453240.46778 99.999 9.999 -0.463 0.006 -0.413 0.006 99.999 9.999 99.999 9.999 0.050 0.007
2453240.46815 -1.920 0.013 -0.474 0.006 -0.445 0.006 1.446 0.013 1.475 0.013 0.029 0.007
2453240.46852 -1.941 0.013 -0.440 0.006 -0.450 0.006 1.501 0.013 1.491 0.013 -0.010 0.007
2453240.46889 -1.875 0.013 -0.424 0.006 -0.426 0.006 1.451 0.013 1.449 0.013 -0.002 0.007
2453240.46927 -1.923 0.013 -0.447 0.006 -0.433 0.006 1.476 0.013 1.490 0.013 0.014 0.007
2453240.46964 -2.025 0.013 -0.520 0.006 -0.509 0.006 1.505 0.013 1.516 0.013 0.011 0.007


2453240.47039 -2.040 0.013 -0.538 0.006 -0.484 0.006 1.502 0.013 1.556 0.013 0.054 0.007
2453240.47076 -1.940 0.013 -0.503 0.006 -0.455 0.006 1.437 0.013 1.485 0.013 0.048 0.007
2453240.47113 99.999 9.999 -0.489 0.006 -0.459 0.006 99.999 9.999 99.999 9.999 0.030 0.007
2453240.47150 -2.009 0.013 -0.522 0.006 -0.497 0.006 1.487 0.013 1.512 0.013 0.025 0.007
2453240.47189 -2.037 0.013 -0.529 0.006 -0.505 0.006 1.508 0.013 1.532 0.013 0.024 0.007


2453240.47263 -1.913 0.013 -0.453 0.006 -0.415 0.006 1.460 0.013 1.498 0.013 0.038 0.007
2453240.47300 -1.974 0.013 -0.502 0.006 -0.476 0.006 1.472 0.013 1.498 0.013 0.026 0.007
2453240.47338 -1.970 0.013 -0.479 0.006 -0.452 0.006 1.491 0.013 1.518 0.013 0.027 0.007
2453240.47375 -2.015 0.013 -0.545 0.006 -0.505 0.006 1.470 0.013 1.510 0.013 0.040 0.007
2453240.47412 99.999 9.999 -0.554 0.006 -0.479 0.006 99.999 9.999 99.999 9.999 0.075 0.007
2453240.47449 99.999 9.999 99.999 9.999 -0.430 0.006 99.999 9.999 99.999 9.999 99.999 9.999
2453240.47487 -2.014 0.013 -0.540 0.006 -0.493 0.006 1.474 0.013 1.521 0.013 0.047 0.007
2453240.47524 99.999 9.999 -0.560 0.006 -0.522 0.006 99.999 9.999 99.999 9.999 0.038 0.007


2453240.47598 -1.924 0.012 -0.468 0.006 -0.430 0.006 1.456 0.012 1.494 0.012 0.038 0.007


2453240.47674 -1.988 0.013 -0.535 0.006 -0.468 0.006 1.453 0.013 1.520 0.013 0.067 0.007
2453240.47711 99.999 9.999 -0.566 0.006 -0.532 0.006 99.999 9.999 99.999 9.999 0.034 0.007
2453240.47748 99.999 9.999 99.999 9.999 -0.463 0.006 99.999 9.999 99.999 9.999 99.999 9.999
2453240.47786 -1.998 0.013 -0.538 0.006 -0.476 0.006 1.460 0.013 1.522 0.013 0.062 0.007
2453240.47823 99.999 9.999 -0.563 0.006 -0.475 0.006 99.999 9.999 99.999 9.999 0.088 0.007
2453240.47860 99.999 9.999 -0.565 0.006 -0.520 0.006 99.999 9.999 99.999 9.999 0.045 0.007
2453240.47897 -1.919 0.012 -0.480 0.006 -0.444 0.006 1.439 0.012 1.475 0.012 0.036 0.007
2453240.47935 99.999 9.999 99.999 9.999 -0.495 0.006 99.999 9.999 99.999 9.999 99.999 9.999
2453240.47972 -2.029 0.013 -0.556 0.006 -0.488 0.006 1.473 0.013 1.541 0.013 0.068 0.007
2453240.48009 -2.017 0.013 -0.505 0.006 -0.512 0.006 1.512 0.013 1.505 0.013 -0.007 0.007
2453240.48047 99.999 9.999 99.999 9.999 -0.448 0.006 99.999 9.999 99.999 9.999 99.999 9.999


2453240.48122 -2.074 0.013 -0.569 0.006 -0.549 0.006 1.505 0.013 1.525 0.013 0.020 0.007
2453240.48159 99.999 9.999 99.999 9.999 99.999 9.999 99.999 9.999 99.999 9.999 99.999 9.999


2453240.48234 -2.059 0.013 -0.588 0.006 -0.534 0.006 1.471 0.013 1.525 0.013 0.054 0.007
2453240.48271 -2.045 0.013 -0.548 0.006 -0.542 0.006 1.497 0.013 1.503 0.013 0.006 0.007
2453240.48308 -2.026 0.013 -0.565 0.006 -0.525 0.006 1.461 0.013 1.501 0.013 0.040 0.007
2453240.48346 -2.005 0.013 -0.565 0.006 -0.501 0.006 1.440 0.013 1.504 0.013 0.064 0.007
2453240.48383 99.999 9.999 -0.573 0.006 -0.525 0.006 99.999 9.999 99.999 9.999 0.048 0.007


2453240.48457 -1.980 0.013 -0.494 0.006 -0.501 0.006 1.486 0.013 1.479 0.013 -0.007 0.007
2453240.48495 -2.052 0.013 -0.571 0.006 -0.533 0.006 1.481 0.013 1.519 0.013 0.038 0.007
2453240.48532 -1.987 0.013 -0.522 0.006 -0.458 0.006 1.465 0.013 1.529 0.013 0.064 0.007
2453240.48569 -1.979 0.013 -0.496 0.006 -0.473 0.006 1.483 0.013 1.506 0.013 0.023 0.007
2453240.48606 -2.068 0.013 -0.581 0.006 -0.534 0.006 1.487 0.013 1.534 0.013 0.047 0.007
2453240.48645 -2.067 0.013 -0.579 0.006 -0.552 0.006 1.488 0.013 1.515 0.013 0.027 0.007
2453240.48682 99.999 9.999 -0.561 0.006 -0.522 0.006 99.999 9.999 99.999 9.999 0.039 0.007


2453240.48756 -1.934 0.012 -0.511 0.006 -0.450 0.006 1.423 0.012 1.484 0.012 0.061 0.007
2453240.48794 99.999 9.999 -0.483 0.006 -0.447 0.006 99.999 9.999 99.999 9.999 0.036 0.007
2453240.48831 -1.936 0.013 -0.478 0.006 -0.451 0.006 1.458 0.013 1.485 0.013 0.027 0.007
2453240.48868 -1.919 0.012 -0.473 0.006 -0.444 0.006 1.446 0.012 1.475 0.012 0.029 0.007
2453240.48905 -1.984 0.013 -0.514 0.006 -0.483 0.006 1.470 0.013 1.501 0.013 0.031 0.007
2453240.48943 -2.069 0.013 -0.570 0.006 -0.537 0.006 1.499 0.013 1.532 0.013 0.033 0.007
2453240.48980 -2.062 0.013 -0.553 0.006 -0.545 0.006 1.509 0.013 1.517 0.013 0.008 0.007




2453240.49093 -2.033 0.013 -0.585 0.006 -0.504 0.006 1.448 0.013 1.529 0.013 0.081 0.007
2453240.49130 -1.951 0.013 -0.499 0.006 -0.447 0.006 1.452 0.013 1.504 0.013 0.052 0.007
2453240.49167 99.999 9.999 99.999 9.999 -0.434 0.006 99.999 9.999 99.999 9.999 99.999 9.999


2453240.49242 -1.972 0.013 -0.473 0.006 -0.449 0.006 1.499 0.013 1.523 0.013 0.024 0.007


2453240.49316 -1.924 0.013 -0.469 0.006 -0.439 0.006 1.455 0.013 1.485 0.013 0.030 0.007
2453240.49353 -1.914 0.012 -0.448 0.006 -0.434 0.006 1.466 0.012 1.480 0.012 0.014 0.007




2453240.49465 99.999 9.999 -0.570 0.006 -0.525 0.006 99.999 9.999 99.999 9.999 0.045 0.007
2453240.49502 -2.084 0.013 -0.583 0.006 -0.513 0.006 1.501 0.013 1.571 0.013 0.070 0.007
2453240.49541 -2.022 0.013 -0.563 0.006 -0.495 0.006 1.459 0.013 1.527 0.013 0.068 0.007
2453240.49578 99.999 9.999 -0.483 0.006 -0.461 0.006 99.999 9.999 99.999 9.999 0.022 0.007
2453240.49615 -1.972 0.013 -0.492 0.006 -0.458 0.006 1.480 0.013 1.514 0.013 0.034 0.007
2453240.49652 -2.000 0.013 -0.522 0.006 -0.462 0.006 1.478 0.013 1.538 0.013 0.060 0.007
2453240.49690 99.999 9.999 -0.566 0.006 -0.516 0.006 99.999 9.999 99.999 9.999 0.050 0.007
2453240.49727 -1.975 0.013 -0.526 0.006 -0.482 0.006 1.449 0.013 1.493 0.013 0.044 0.007
2453240.49764 -2.027 0.013 -0.544 0.006 -0.490 0.006 1.483 0.013 1.537 0.013 0.054 0.007
2453240.49801 -1.961 0.013 -0.487 0.006 -0.468 0.006 1.474 0.013 1.493 0.013 0.019 0.007
2453240.49839 -1.979 0.013 -0.498 0.006 -0.489 0.006 1.481 0.013 1.490 0.013 0.009 0.007
2453240.49876 -2.011 0.013 -0.529 0.006 -0.482 0.006 1.482 0.013 1.529 0.013 0.047 0.007
2453240.49913 -1.968 0.013 -0.478 0.006 -0.449 0.006 1.490 0.013 1.519 0.013 0.029 0.007
2453240.49951 -1.937 0.013 -0.468 0.006 -0.431 0.006 1.469 0.013 1.506 0.013 0.037 0.007
2453240.49988 -1.999 0.013 -0.510 0.006 -0.480 0.006 1.489 0.013 1.519 0.013 0.030 0.007
2453240.50025 -1.989 0.013 -0.532 0.006 -0.491 0.006 1.457 0.013 1.498 0.013 0.041 0.007
2453240.50062 -2.004 0.013 -0.527 0.006 -0.480 0.006 1.477 0.013 1.524 0.013 0.047 0.007
2453240.50101 -1.971 0.013 -0.483 0.006 -0.472 0.006 1.488 0.013 1.499 0.013 0.011 0.007
2453240.50138 -1.945 0.013 -0.481 0.006 -0.454 0.006 1.464 0.013 1.491 0.013 0.027 0.007
2453240.50175 -1.951 0.013 -0.489 0.006 -0.473 0.006 1.462 0.013 1.478 0.013 0.016 0.007
2453240.50212 -1.966 0.013 -0.485 0.006 -0.467 0.006 1.481 0.013 1.499 0.013 0.018 0.007
2453240.50250 -1.986 0.013 -0.519 0.006 -0.476 0.006 1.467 0.013 1.510 0.013 0.043 0.007
2453240.50287 -2.006 0.013 -0.518 0.006 -0.500 0.006 1.488 0.013 1.506 0.013 0.018 0.007
2453240.50324 -1.943 0.013 -0.485 0.006 -0.438 0.006 1.458 0.013 1.505 0.013 0.047 0.007
2453240.50361 -1.960 0.013 -0.508 0.006 -0.467 0.006 1.452 0.013 1.493 0.013 0.041 0.007
2453240.50399 -1.979 0.013 -0.524 0.006 -0.462 0.006 1.455 0.013 1.517 0.013 0.062 0.007
2453240.50436 -1.957 0.013 -0.489 0.006 -0.462 0.006 1.468 0.013 1.495 0.013 0.027 0.007
2453240.50473 -1.943 0.013 -0.486 0.006 -0.434 0.006 1.457 0.013 1.509 0.013 0.052 0.007
2453240.50510 -1.989 0.013 -0.518 0.006 -0.479 0.006 1.471 0.013 1.510 0.013 0.039 0.007
2453240.50549 -1.959 0.013 -0.498 0.006 -0.455 0.006 1.461 0.013 1.504 0.013 0.043 0.007
2453240.50586 -1.959 0.013 -0.470 0.006 -0.443 0.006 1.489 0.013 1.516 0.013 0.027 0.007
2453240.50623 -1.952 0.013 -0.497 0.006 -0.439 0.006 1.455 0.013 1.513 0.013 0.058 0.007
2453240.50660 -1.885 0.013 -0.442 0.006 -0.413 0.006 1.443 0.013 1.472 0.013 0.029 0.007
2453240.50698 99.999 9.999 -0.496 0.006 -0.432 0.006 99.999 9.999 99.999 9.999 0.064 0.007
2453240.50735 -1.925 0.013 -0.469 0.006 -0.410 0.006 1.456 0.013 1.515 0.013 0.059 0.007
2453240.50772 -1.921 0.013 -0.448 0.006 -0.436 0.006 1.473 0.013 1.485 0.013 0.012 0.007
2453240.50809 -1.891 0.013 -0.441 0.006 -0.418 0.006 1.450 0.013 1.473 0.013 0.023 0.007
2453240.50847 -2.010 0.013 -0.489 0.006 -0.469 0.006 1.521 0.013 1.541 0.013 0.020 0.007
2453240.50884 -1.951 0.013 -0.478 0.006 -0.444 0.006 1.473 0.013 1.507 0.013 0.034 0.007
2453240.50921 -1.967 0.013 -0.480 0.006 -0.451 0.006 1.487 0.013 1.516 0.013 0.029 0.007
2453240.50958 -1.933 0.013 -0.468 0.006 -0.428 0.006 1.465 0.013 1.505 0.013 0.040 0.007
2453240.50997 -1.901 0.013 -0.436 0.006 -0.408 0.006 1.465 0.013 1.493 0.013 0.028 0.007
2453240.51034 -1.938 0.013 -0.471 0.006 -0.437 0.006 1.467 0.013 1.501 0.013 0.034 0.007
2453240.51071 -1.957 0.013 -0.475 0.006 -0.437 0.006 1.482 0.013 1.520 0.013 0.038 0.007
2453240.51108 -1.936 0.013 -0.474 0.006 -0.420 0.006 1.462 0.013 1.516 0.013 0.054 0.007
2453240.51146 -1.974 0.013 -0.476 0.006 -0.452 0.006 1.498 0.013 1.522 0.013 0.024 0.007
2453240.51183 -1.911 0.013 -0.421 0.006 -0.413 0.006 1.490 0.013 1.498 0.013 0.008 0.007
2453240.51220 -1.930 0.013 -0.456 0.006 -0.440 0.006 1.474 0.013 1.490 0.013 0.016 0.007
2453240.51257 99.999 9.999 -0.478 0.006 -0.421 0.006 99.999 9.999 99.999 9.999 0.057 0.007
2453240.51295 -1.928 0.013 -0.439 0.006 -0.415 0.006 1.489 0.013 1.513 0.013 0.024 0.007
2453240.51332 -1.879 0.013 -0.395 0.006 -0.383 0.006 1.484 0.013 1.496 0.013 0.012 0.007
2453240.51369 99.999 9.999 -0.463 0.006 -0.401 0.006 99.999 9.999 99.999 9.999 0.062 0.007
2453240.51406 -1.962 0.013 -0.470 0.006 -0.427 0.006 1.492 0.013 1.535 0.013 0.043 0.007
2453240.51444 -1.916 0.013 -0.458 0.006 -0.406 0.006 1.458 0.013 1.510 0.013 0.052 0.007
2453240.51481 -1.876 0.013 -0.412 0.006 -0.402 0.006 1.464 0.013 1.474 0.013 0.010 0.007
2453240.51519 -1.862 0.013 -0.422 0.006 -0.378 0.006 1.440 0.013 1.484 0.013 0.044 0.007
2453240.51556 -1.849 0.013 -0.395 0.006 -0.385 0.006 1.454 0.013 1.464 0.013 0.010 0.007
2453240.51594 -1.900 0.013 -0.410 0.006 -0.419 0.006 1.490 0.013 1.481 0.013 -0.009 0.007


2453240.51668 -1.932 0.013 -0.449 0.006 -0.426 0.006 1.483 0.013 1.506 0.013 0.023 0.007
2453240.51706 99.999 9.999 -0.476 0.006 -0.396 0.006 99.999 9.999 99.999 9.999 0.080 0.007
2453240.51743 -1.944 0.013 -0.459 0.006 -0.425 0.006 1.485 0.013 1.519 0.013 0.034 0.007
2453240.51780 -1.941 0.014 -0.467 0.006 -0.403 0.006 1.474 0.014 1.538 0.014 0.064 0.007
2453240.51817 -1.849 0.013 -0.389 0.006 -0.350 0.006 1.460 0.013 1.499 0.013 0.039 0.007
2453240.51855 -1.916 0.013 -0.461 0.006 -0.390 0.006 1.455 0.013 1.526 0.013 0.071 0.007
2453240.51892 -1.911 0.013 -0.457 0.006 -0.410 0.006 1.454 0.013 1.501 0.013 0.047 0.007
2453240.51929 -1.916 0.013 -0.442 0.006 -0.389 0.006 1.474 0.013 1.527 0.013 0.053 0.007
2453240.51966 -1.872 0.013 -0.414 0.006 -0.377 0.006 1.458 0.013 1.495 0.013 0.037 0.007
2453240.52005 -1.868 0.013 -0.402 0.006 -0.361 0.006 1.466 0.013 1.507 0.013 0.041 0.007
2453240.52042 -1.839 0.013 -0.388 0.006 -0.338 0.006 1.451 0.013 1.501 0.013 0.050 0.007
2453240.52079 -1.901 0.013 -0.430 0.006 -0.366 0.006 1.471 0.013 1.535 0.013 0.064 0.007
2453240.52116 -1.887 0.013 -0.433 0.006 -0.372 0.006 1.454 0.013 1.515 0.013 0.061 0.007
2453240.52154 99.999 9.999 -0.399 0.006 -0.329 0.006 99.999 9.999 99.999 9.999 0.070 0.007
2453240.52191 -1.898 0.013 -0.426 0.006 -0.342 0.006 1.472 0.013 1.556 0.013 0.084 0.007
2453240.52228 -1.802 0.013 -0.329 0.006 -0.322 0.006 1.473 0.013 1.480 0.013 0.007 0.007
2453240.52265 -1.851 0.013 -0.357 0.006 -0.349 0.006 1.494 0.013 1.502 0.013 0.008 0.007
2453240.52303 -1.875 0.013 -0.389 0.006 -0.352 0.006 1.486 0.013 1.523 0.013 0.037 0.007
2453240.52340 -1.803 0.013 -0.350 0.006 -0.334 0.006 1.453 0.013 1.469 0.013 0.016 0.007
2453240.52377 -1.810 0.013 -0.325 0.006 -0.282 0.006 1.485 0.013 1.528 0.013 0.043 0.007
2453240.52414 -1.855 0.013 -0.379 0.006 -0.301 0.006 1.476 0.013 1.554 0.013 0.078 0.007
2453240.52453 -1.803 0.013 -0.375 0.006 -0.301 0.006 1.428 0.013 1.502 0.013 0.074 0.007
2453240.52490 99.999 9.999 -0.363 0.006 -0.285 0.006 99.999 9.999 99.999 9.999 0.078 0.007
2453240.52527 -1.849 0.014 -0.357 0.006 -0.336 0.006 1.492 0.014 1.513 0.014 0.021 0.007
2453240.52565 -1.769 0.013 -0.293 0.006 -0.273 0.006 1.476 0.013 1.496 0.013 0.020 0.007
2453240.52602 -1.723 0.013 -0.282 0.006 -0.272 0.006 1.441 0.013 1.451 0.013 0.010 0.007
2453240.52639 -1.792 0.013 -0.321 0.006 -0.317 0.006 1.471 0.013 1.475 0.013 0.004 0.007


2453240.52714 -1.748 0.013 -0.268 0.006 -0.251 0.006 1.480 0.013 1.497 0.013 0.017 0.007
2453240.52751 99.999 9.999 -0.336 0.006 -0.293 0.006 99.999 9.999 99.999 9.999 0.043 0.007


2453240.52825 -1.767 0.013 -0.304 0.006 -0.267 0.006 1.463 0.013 1.500 0.013 0.037 0.007
2453240.52863 99.999 9.999 -0.269 0.006 -0.221 0.006 99.999 9.999 99.999 9.999 0.048 0.007
2453240.52900 99.999 9.999 99.999 9.999 -0.229 0.006 99.999 9.999 99.999 9.999 99.999 9.999
2453240.52937 -1.709 0.013 -0.251 0.006 -0.216 0.006 1.458 0.013 1.493 0.013 0.035 0.007
2453240.52975 -1.701 0.013 -0.235 0.006 -0.204 0.006 1.466 0.013 1.497 0.013 0.031 0.007
2453240.53013 -1.678 0.013 -0.218 0.007 -0.180 0.007 1.460 0.013 1.498 0.013 0.038 0.007


2453240.53087 -1.710 0.013 -0.243 0.006 -0.224 0.006 1.467 0.013 1.486 0.013 0.019 0.007
2453240.53124 99.999 9.999 -0.193 0.007 -0.183 0.007 99.999 9.999 99.999 9.999 0.010 0.007
2453240.53162 -1.653 0.013 -0.182 0.007 -0.169 0.007 1.471 0.013 1.484 0.013 0.013 0.007
2453240.53199 -1.714 0.013 -0.210 0.007 -0.188 0.007 1.504 0.013 1.526 0.013 0.022 0.007
2453240.53236 -1.663 0.013 -0.159 0.007 -0.170 0.007 1.504 0.013 1.493 0.013 -0.011 0.007
2453240.53273 -1.714 0.013 -0.255 0.007 -0.177 0.007 1.459 0.013 1.537 0.013 0.078 0.007
2453240.53311 -1.700 0.013 -0.240 0.007 -0.175 0.007 1.460 0.013 1.525 0.013 0.065 0.007
2453240.53348 -1.697 0.013 -0.183 0.007 -0.181 0.007 1.514 0.013 1.516 0.013 0.002 0.007
2453240.53385 99.999 9.999 -0.201 0.007 -0.130 0.007 99.999 9.999 99.999 9.999 0.071 0.007
2453240.53424 -1.652 0.013 -0.173 0.007 -0.114 0.007 1.479 0.013 1.538 0.013 0.059 0.007


2453240.53498 -1.611 0.013 -0.131 0.007 -0.125 0.007 1.480 0.013 1.486 0.013 0.006 0.007
2453240.53535 -1.641 0.013 -0.168 0.007 -0.115 0.007 1.473 0.013 1.526 0.013 0.053 0.007
2453240.53573 -1.595 0.013 -0.110 0.007 -0.085 0.007 1.485 0.013 1.510 0.013 0.025 0.007
2453240.53610 -1.618 0.013 -0.177 0.007 -0.118 0.007 1.441 0.013 1.500 0.013 0.059 0.007
2453240.53647 99.999 9.999 -0.134 0.007 -0.071 0.007 99.999 9.999 99.999 9.999 0.063 0.007
2453240.53684 -1.580 0.013 -0.089 0.007 -0.066 0.007 1.491 0.013 1.514 0.013 0.023 0.007
2453240.53722 -1.577 0.013 -0.110 0.007 -0.057 0.007 1.467 0.013 1.520 0.013 0.053 0.007
2453240.53759 -1.562 0.013 -0.065 0.007 -0.058 0.007 1.497 0.013 1.504 0.013 0.007 0.007
2453240.53796 -1.507 0.013 -0.038 0.007 -0.012 0.007 1.469 0.013 1.495 0.013 0.026 0.007
2453240.53833 -1.583 0.014 -0.071 0.007 -0.027 0.007 1.512 0.014 1.556 0.014 0.044 0.007
2453240.53872 99.999 9.999 -0.055 0.007 -0.004 0.007 99.999 9.999 99.999 9.999 0.051 0.007
2453240.53909 -1.549 0.014 -0.071 0.007 -0.012 0.007 1.478 0.014 1.537 0.014 0.059 0.007
2453240.53946 -1.514 0.013 -0.042 0.007 -0.043 0.007 1.472 0.013 1.471 0.013 -0.001 0.007
2453240.53983 -1.547 0.013 -0.077 0.007 0.012 0.007 1.470 0.013 1.559 0.013 0.089 0.007
2453240.54021 99.999 9.999 -0.034 0.007 0.022 0.007 99.999 9.999 99.999 9.999 0.056 0.007
2453240.54058 -1.529 0.014 -0.055 0.007 0.006 0.007 1.474 0.014 1.535 0.014 0.061 0.007
2453240.54095 -1.489 0.013 -0.025 0.007 0.037 0.007 1.464 0.013 1.526 0.013 0.062 0.007
2453240.54132 -1.426 0.013 0.044 0.007 0.055 0.007 1.470 0.013 1.481 0.013 0.011 0.007
2453240.54170 -1.461 0.013 0.027 0.007 0.064 0.007 1.488 0.013 1.525 0.013 0.037 0.007
2453240.54207 -1.424 0.013 0.040 0.007 0.090 0.007 1.464 0.013 1.514 0.013 0.050 0.007
2453240.54244 -1.468 0.014 -0.008 0.007 0.059 0.007 1.460 0.014 1.527 0.014 0.067 0.007
2453240.54281 -1.431 0.013 0.048 0.007 0.064 0.007 1.479 0.013 1.495 0.013 0.016 0.007
2453240.54319 -1.421 0.014 0.050 0.007 0.103 0.007 1.471 0.014 1.524 0.014 0.053 0.007
2453240.54356 -1.395 0.013 0.051 0.007 0.134 0.007 1.446 0.013 1.529 0.013 0.083 0.007
2453240.54394 -1.375 0.013 0.075 0.007 0.116 0.007 1.450 0.013 1.491 0.013 0.041 0.007
2453240.54431 -1.395 0.014 0.089 0.007 0.112 0.007 1.484 0.014 1.507 0.014 0.023 0.007
2453240.54469 -1.419 0.013 0.058 0.007 0.095 0.007 1.477 0.013 1.514 0.013 0.037 0.007
2453240.54506 -1.368 0.013 0.091 0.007 0.112 0.007 1.459 0.013 1.480 0.013 0.021 0.007
2453240.54543 -1.361 0.014 0.099 0.007 0.110 0.007 1.460 0.014 1.471 0.014 0.011 0.007
2453240.54580 -1.365 0.014 0.112 0.007 0.166 0.007 1.477 0.014 1.531 0.014 0.054 0.007
2453240.54618 -1.376 0.014 0.102 0.007 0.131 0.007 1.478 0.014 1.507 0.014 0.029 0.007
2453240.54655 -1.341 0.013 0.109 0.007 0.134 0.007 1.450 0.013 1.475 0.013 0.025 0.007
2453240.54692 -1.359 0.013 0.132 0.007 0.148 0.007 1.491 0.013 1.507 0.013 0.016 0.007
2453240.54729 -1.408 0.014 0.091 0.007 0.119 0.007 1.499 0.014 1.527 0.014 0.028 0.007
2453240.54767 -1.357 0.013 0.110 0.007 0.133 0.007 1.467 0.013 1.490 0.013 0.023 0.007
2453240.54804 -1.331 0.013 0.150 0.007 0.147 0.007 1.481 0.013 1.478 0.013 -0.003 0.007
2453240.54841 -1.372 0.013 0.071 0.007 0.152 0.007 1.443 0.013 1.524 0.013 0.081 0.007
2453240.54878 99.999 9.999 0.093 0.007 0.154 0.007 99.999 9.999 99.999 9.999 0.061 0.007
2453240.54917 -1.357 0.014 0.111 0.007 0.160 0.007 1.468 0.014 1.517 0.014 0.049 0.007
2453240.54954 -1.349 0.014 0.102 0.008 0.136 0.008 1.451 0.014 1.485 0.014 0.034 0.007
2453240.54991 -1.367 0.013 0.098 0.007 0.128 0.007 1.465 0.013 1.495 0.013 0.030 0.007
2453240.55028 -1.392 0.014 0.094 0.007 0.137 0.007 1.486 0.014 1.529 0.014 0.043 0.007
2453240.55066 -1.427 0.014 0.045 0.007 0.136 0.007 1.472 0.014 1.563 0.014 0.091 0.007
2453240.55103 -1.346 0.014 0.124 0.008 0.156 0.008 1.470 0.014 1.502 0.014 0.032 0.007
2453240.55140 -1.381 0.014 0.091 0.007 0.105 0.007 1.472 0.014 1.486 0.014 0.014 0.007
2453240.55178 -1.341 0.013 0.106 0.007 0.140 0.007 1.447 0.013 1.481 0.013 0.034 0.007
2453240.55215 -1.341 0.013 0.107 0.007 0.167 0.007 1.448 0.013 1.508 0.013 0.060 0.007
2453240.55252 99.999 9.999 0.130 0.007 0.163 0.007 99.999 9.999 99.999 9.999 0.033 0.007
2453240.55289 -1.364 0.014 0.104 0.007 0.137 0.007 1.468 0.014 1.501 0.014 0.033 0.007
2453240.55328 -1.380 0.014 0.098 0.008 0.108 0.008 1.478 0.014 1.488 0.014 0.010 0.007
2453240.55365 -1.374 0.014 0.083 0.007 0.118 0.007 1.457 0.014 1.492 0.014 0.035 0.007
2453240.55402 -1.334 0.014 0.119 0.008 0.164 0.008 1.453 0.014 1.498 0.014 0.045 0.007
2453240.55439 -1.327 0.013 0.124 0.008 0.160 0.008 1.451 0.013 1.487 0.013 0.036 0.007
2453240.55477 -1.388 0.014 0.107 0.008 0.159 0.008 1.495 0.014 1.547 0.014 0.052 0.007
2453240.55514 -1.392 0.014 0.098 0.008 0.156 0.008 1.490 0.014 1.548 0.014 0.058 0.007
2453240.55551 -1.380 0.014 0.099 0.007 0.163 0.007 1.479 0.014 1.543 0.014 0.064 0.007
2453240.55588 -1.384 0.014 0.081 0.007 0.157 0.007 1.465 0.014 1.541 0.014 0.076 0.007
2453240.55626 -1.339 0.014 0.133 0.007 0.160 0.007 1.472 0.014 1.499 0.014 0.027 0.007
2453240.55663 -1.362 0.014 0.112 0.008 0.175 0.008 1.474 0.014 1.537 0.014 0.063 0.007
2453240.55700 -1.346 0.014 0.120 0.008 0.159 0.008 1.466 0.014 1.505 0.014 0.039 0.007
2453240.55737 -1.295 0.013 0.168 0.008 0.172 0.008 1.463 0.013 1.467 0.013 0.004 0.007
2453240.55775 -1.329 0.014 0.136 0.008 0.164 0.008 1.465 0.014 1.493 0.014 0.028 0.007
2453240.55813 -1.330 0.013 0.117 0.008 0.134 0.008 1.447 0.013 1.464 0.013 0.017 0.007
2453240.55850 -1.394 0.014 0.104 0.008 0.145 0.008 1.498 0.014 1.539 0.014 0.041 0.007
2453240.55887 -1.364 0.014 0.136 0.008 0.166 0.008 1.500 0.014 1.530 0.014 0.030 0.007
2453240.55925 -1.314 0.014 0.164 0.008 0.176 0.008 1.478 0.014 1.490 0.014 0.012 0.007
2453240.55962 -1.324 0.013 0.161 0.008 0.163 0.008 1.485 0.013 1.487 0.013 0.002 0.007
2453240.55999 -1.323 0.013 0.149 0.008 0.157 0.008 1.472 0.013 1.480 0.013 0.008 0.007
2453240.56036 -1.398 0.014 0.106 0.007 0.131 0.007 1.504 0.014 1.529 0.014 0.025 0.007
2453240.56074 -1.393 0.014 0.081 0.007 0.134 0.007 1.474 0.014 1.527 0.014 0.053 0.007
2453240.56111 -1.364 0.013 0.079 0.007 0.133 0.007 1.443 0.013 1.497 0.013 0.054 0.007
2453240.56148 -1.341 0.014 0.117 0.008 0.179 0.008 1.458 0.014 1.520 0.014 0.062 0.007
2453240.56185 -1.314 0.014 0.133 0.008 0.147 0.008 1.447 0.014 1.461 0.014 0.014 0.007
2453240.56223 -1.340 0.014 0.104 0.008 0.169 0.008 1.444 0.014 1.509 0.014 0.065 0.007
2453240.56260 -1.348 0.014 0.096 0.008 0.160 0.008 1.444 0.014 1.508 0.014 0.064 0.007
2453240.56297 -1.332 0.014 0.151 0.008 0.167 0.008 1.483 0.014 1.499 0.014 0.016 0.007
2453240.56334 -1.359 0.014 0.108 0.008 0.169 0.008 1.467 0.014 1.528 0.014 0.061 0.007
2453240.56373 -1.358 0.014 0.124 0.008 0.140 0.008 1.482 0.014 1.498 0.014 0.016 0.007
2453240.56410 -1.388 0.014 0.092 0.008 0.164 0.008 1.480 0.014 1.552 0.014 0.072 0.007
2453240.56447 -1.390 0.014 0.062 0.007 0.110 0.007 1.452 0.014 1.500 0.014 0.048 0.007
2453240.56484 -1.417 0.014 0.063 0.007 0.111 0.007 1.480 0.014 1.528 0.014 0.048 0.007
2453240.56522 -1.394 0.014 0.052 0.007 0.116 0.007 1.446 0.014 1.510 0.014 0.064 0.007
2453240.56559 -1.393 0.014 0.068 0.007 0.115 0.007 1.461 0.014 1.508 0.014 0.047 0.007
2453240.56596 -1.430 0.014 0.069 0.007 0.089 0.007 1.499 0.014 1.519 0.014 0.020 0.007
2453240.56633 -1.430 0.014 0.064 0.007 0.085 0.007 1.494 0.014 1.515 0.014 0.021 0.007
2453240.56671 -1.438 0.014 0.020 0.007 0.086 0.007 1.458 0.014 1.524 0.014 0.066 0.007
2453240.56708 -1.453 0.014 0.010 0.007 0.059 0.007 1.463 0.014 1.512 0.014 0.049 0.007
2453240.56745 -1.457 0.014 0.040 0.007 0.057 0.007 1.497 0.014 1.514 0.014 0.017 0.007
2453240.56782 -1.457 0.014 0.036 0.007 0.077 0.007 1.493 0.014 1.534 0.014 0.041 0.007
2453240.56821 -1.436 0.014 0.009 0.007 0.046 0.007 1.445 0.014 1.482 0.014 0.037 0.007
2453240.56858 -1.457 0.014 0.011 0.007 0.040 0.007 1.468 0.014 1.497 0.014 0.029 0.007
2453240.56895 -1.483 0.014 0.001 0.007 0.017 0.007 1.484 0.014 1.500 0.014 0.016 0.007
2453240.56933 -1.499 0.014 -0.037 0.007 -0.007 0.007 1.462 0.014 1.492 0.014 0.030 0.007
2453240.56970 -1.492 0.014 -0.009 0.007 -0.001 0.007 1.483 0.014 1.491 0.014 0.008 0.007
2453240.57007 -1.488 0.014 -0.021 0.007 0.006 0.007 1.467 0.014 1.494 0.014 0.027 0.007
2453240.57044 -1.511 0.014 -0.059 0.007 -0.035 0.007 1.452 0.014 1.476 0.014 0.024 0.007
2453240.57082 -1.503 0.014 -0.030 0.007 -0.001 0.007 1.473 0.014 1.502 0.014 0.029 0.007
2453240.57119 -1.552 0.014 -0.068 0.007 -0.030 0.007 1.484 0.014 1.522 0.014 0.038 0.007
2453240.57156 -1.551 0.014 -0.099 0.007 -0.036 0.007 1.452 0.014 1.515 0.014 0.063 0.007
2453240.57193 -1.532 0.014 -0.066 0.007 -0.046 0.007 1.466 0.014 1.486 0.014 0.020 0.007
2453240.57231 -1.544 0.014 -0.088 0.007 -0.075 0.007 1.456 0.014 1.469 0.014 0.013 0.007
2453240.57269 99.999 9.999 -0.091 0.007 -0.047 0.007 99.999 9.999 99.999 9.999 0.044 0.007
2453240.57306 -1.554 0.014 -0.083 0.007 -0.053 0.007 1.471 0.014 1.501 0.014 0.030 0.007


2453240.57381 -1.582 0.014 -0.142 0.007 -0.107 0.007 1.440 0.014 1.475 0.014 0.035 0.007
2453240.57418 -1.602 0.014 -0.134 0.007 -0.093 0.007 1.468 0.014 1.509 0.014 0.041 0.007
2453240.57455 -1.591 0.014 -0.122 0.007 -0.093 0.007 1.469 0.014 1.498 0.014 0.029 0.007
2453240.57492 -1.610 0.014 -0.150 0.007 -0.121 0.007 1.460 0.014 1.489 0.014 0.029 0.007
2453240.57530 -1.611 0.014 -0.130 0.007 -0.104 0.007 1.481 0.014 1.507 0.014 0.026 0.007
2453240.57567 -1.632 0.014 -0.163 0.007 -0.127 0.007 1.469 0.014 1.505 0.014 0.036 0.007
2453240.57604 -1.654 0.014 -0.188 0.007 -0.136 0.007 1.466 0.014 1.518 0.014 0.052 0.007
2453240.57641 -1.647 0.014 -0.201 0.007 -0.168 0.007 1.446 0.014 1.479 0.014 0.033 0.007
2453240.57679 -1.668 0.014 -0.191 0.007 -0.172 0.007 1.477 0.014 1.496 0.014 0.019 0.007
2453240.57716 -1.671 0.014 -0.191 0.007 -0.138 0.007 1.480 0.014 1.533 0.014 0.053 0.007
2453240.57753 -1.683 0.014 -0.205 0.007 -0.162 0.007 1.478 0.014 1.521 0.014 0.043 0.007
2453240.57791 -1.642 0.014 -0.169 0.007 -0.138 0.007 1.473 0.014 1.504 0.014 0.031 0.007
2453240.57829 -1.677 0.014 -0.230 0.007 -0.169 0.007 1.447 0.014 1.508 0.014 0.061 0.007
2453240.57866 -1.682 0.014 -0.215 0.007 -0.186 0.007 1.467 0.014 1.496 0.014 0.029 0.007
2453240.57903 -1.715 0.014 -0.232 0.007 -0.192 0.007 1.483 0.014 1.523 0.014 0.040 0.007
2453240.57940 -1.714 0.015 -0.215 0.007 -0.183 0.007 1.499 0.015 1.531 0.015 0.032 0.007
2453240.57978 -1.685 0.014 -0.205 0.007 -0.195 0.007 1.480 0.014 1.490 0.014 0.010 0.007
2453240.58015 -1.714 0.014 99.999 9.999 -0.220 0.007 99.999 9.999 1.494 0.014 99.999 9.999
2453240.58052 -1.718 0.015 -0.235 0.007 -0.206 0.007 1.483 0.015 1.512 0.015 0.029 0.007
2453240.58090 -1.708 0.014 -0.277 0.007 -0.230 0.007 1.431 0.014 1.478 0.014 0.047 0.007
2453240.58127 -1.720 0.014 -0.287 0.007 -0.237 0.007 1.433 0.014 1.483 0.014 0.050 0.007
2453240.58164 -1.724 0.014 -0.254 0.007 -0.216 0.007 1.470 0.014 1.508 0.014 0.038 0.007
2453240.58201 -1.722 0.014 -0.250 0.007 -0.242 0.007 1.472 0.014 1.480 0.014 0.008 0.007
2453240.58240 -1.727 0.014 -0.264 0.007 -0.245 0.007 1.463 0.014 1.482 0.014 0.019 0.007
2453240.58277 -1.775 0.014 -0.307 0.007 -0.262 0.007 1.468 0.014 1.513 0.014 0.045 0.007
2453240.58314 -1.768 0.014 -0.269 0.007 -0.258 0.007 1.499 0.014 1.510 0.014 0.011 0.007
2453240.58351 -1.737 0.014 -0.288 0.007 -0.250 0.007 1.449 0.014 1.487 0.014 0.038 0.007
2453240.58389 -1.787 0.014 -0.326 0.006 -0.275 0.006 1.461 0.014 1.512 0.014 0.051 0.007
2453240.58426 -1.744 0.014 -0.259 0.007 -0.258 0.007 1.485 0.014 1.486 0.014 0.001 0.007
2453240.58463 -1.793 0.014 -0.327 0.007 -0.273 0.007 1.466 0.014 1.520 0.014 0.054 0.007
2453240.58500 -1.806 0.015 -0.356 0.006 -0.277 0.006 1.450 0.015 1.529 0.015 0.079 0.007
2453240.58538 -1.765 0.014 -0.301 0.007 -0.275 0.007 1.464 0.014 1.490 0.014 0.026 0.007
2453240.58575 -1.755 0.014 -0.320 0.007 -0.284 0.007 1.435 0.014 1.471 0.014 0.036 0.007
2453240.58612 -1.789 0.014 -0.331 0.006 -0.333 0.006 1.458 0.014 1.456 0.014 -0.002 0.007
2453240.58649 -1.832 0.015 -0.332 0.006 -0.300 0.006 1.500 0.015 1.532 0.015 0.032 0.007
2453240.58688 -1.797 0.014 -0.341 0.006 -0.303 0.006 1.456 0.014 1.494 0.014 0.038 0.007
2453240.58725 -1.785 0.015 -0.310 0.007 -0.305 0.007 1.475 0.015 1.480 0.015 0.005 0.007
2453240.58762 -1.837 0.015 -0.349 0.006 -0.317 0.006 1.488 0.015 1.520 0.015 0.032 0.007
2453240.58799 -1.853 0.015 -0.361 0.006 -0.334 0.006 1.492 0.015 1.519 0.015 0.027 0.007
2453240.58837 -1.817 0.015 -0.370 0.006 -0.318 0.006 1.447 0.015 1.499 0.015 0.052 0.007
2453240.58874 -1.776 0.014 -0.336 0.006 -0.307 0.006 1.440 0.014 1.469 0.014 0.029 0.007
2453240.58911 -1.834 0.015 -0.344 0.006 -0.319 0.006 1.490 0.015 1.515 0.015 0.025 0.007
2453240.58948 -1.867 0.015 -0.407 0.006 -0.329 0.006 1.460 0.015 1.538 0.015 0.078 0.007
2453240.58986 -1.812 0.015 -0.350 0.006 -0.306 0.006 1.462 0.015 1.506 0.015 0.044 0.007
2453240.59023 -1.825 0.014 -0.328 0.006 -0.322 0.006 1.497 0.014 1.503 0.014 0.006 0.007
2453240.59060 -1.836 0.015 -0.356 0.006 -0.323 0.006 1.480 0.015 1.513 0.015 0.033 0.007
2453240.59097 -1.801 0.014 -0.360 0.006 -0.320 0.006 1.441 0.014 1.481 0.014 0.040 0.007
2453240.59135 -1.855 0.014 -0.393 0.006 -0.338 0.006 1.462 0.014 1.517 0.014 0.055 0.007
2453240.59172 -1.860 0.015 -0.389 0.006 -0.346 0.006 1.471 0.015 1.514 0.015 0.043 0.007
2453240.59209 -1.845 0.015 -0.373 0.006 -0.354 0.006 1.472 0.015 1.491 0.015 0.019 0.007
2453240.59247 -1.848 0.014 -0.376 0.006 -0.331 0.006 1.472 0.014 1.517 0.014 0.045 0.007
2453240.59285 -1.838 0.015 -0.389 0.006 -0.337 0.006 1.449 0.015 1.501 0.015 0.052 0.007
2453240.59322 -1.852 0.015 -0.400 0.006 -0.357 0.006 1.452 0.015 1.495 0.015 0.043 0.007
2453240.59359 -1.856 0.015 -0.415 0.007 -0.356 0.006 1.441 0.015 1.500 0.015 0.059 0.008
2453240.59396 -1.852 0.014 -0.402 0.006 -0.347 0.006 1.450 0.014 1.505 0.014 0.055 0.007
2453240.59434 -1.843 0.015 -0.400 0.006 -0.356 0.006 1.443 0.015 1.487 0.015 0.044 0.007
2453240.59471 -1.879 0.015 -0.405 0.006 -0.360 0.006 1.474 0.015 1.519 0.015 0.045 0.007
2453240.59508 -1.878 0.015 -0.405 0.007 -0.363 0.006 1.473 0.015 1.515 0.015 0.042 0.008
2453240.59545 -1.914 0.015 -0.424 0.006 -0.377 0.006 1.490 0.015 1.537 0.015 0.047 0.007
2453240.59583 -1.891 0.014 -0.422 0.006 -0.381 0.006 1.469 0.014 1.510 0.014 0.041 0.007
2453240.59620 -1.890 0.015 -0.431 0.006 -0.390 0.006 1.459 0.015 1.500 0.015 0.041 0.007
2453240.59657 -1.870 0.015 -0.412 0.007 -0.370 0.006 1.458 0.015 1.500 0.015 0.042 0.008
2453240.59694 -1.905 0.015 -0.412 0.006 -0.369 0.006 1.493 0.015 1.536 0.015 0.043 0.007
2453240.59733 -1.850 0.015 -0.361 0.006 -0.351 0.006 1.489 0.015 1.499 0.015 0.010 0.007
2453240.59770 -1.887 0.015 -0.439 0.006 -0.371 0.006 1.448 0.015 1.516 0.015 0.068 0.007
2453240.59807 -1.883 0.015 -0.435 0.006 -0.381 0.006 1.448 0.015 1.502 0.015 0.054 0.007
2453240.59845 -1.859 0.015 -0.392 0.006 -0.363 0.007 1.467 0.015 1.496 0.015 0.029 0.008
2453240.59882 -1.863 0.014 -0.418 0.007 -0.372 0.006 1.445 0.014 1.491 0.014 0.046 0.008
2453240.59919 -1.859 0.015 -0.398 0.006 -0.338 0.006 1.461 0.015 1.521 0.015 0.060 0.007
2453240.59956 -1.853 0.015 -0.428 0.007 -0.378 0.007 1.425 0.015 1.475 0.015 0.050 0.008
2453240.59994 -1.849 0.015 -0.413 0.006 -0.392 0.007 1.436 0.015 1.457 0.015 0.021 0.008
2453240.60031 -1.888 0.015 -0.430 0.007 -0.387 0.007 1.458 0.015 1.501 0.015 0.043 0.008
2453240.60068 -1.883 0.015 -0.427 0.006 -0.390 0.007 1.456 0.015 1.493 0.015 0.037 0.008
2453240.60105 -1.887 0.015 -0.425 0.006 -0.406 0.006 1.462 0.015 1.481 0.015 0.019 0.007
2453240.60144 -1.889 0.015 -0.421 0.007 -0.366 0.007 1.468 0.015 1.523 0.015 0.055 0.008
2453240.60181 -1.932 0.015 -0.460 0.006 -0.398 0.006 1.472 0.015 1.534 0.015 0.062 0.007
2453240.60218 -1.956 0.015 -0.476 0.007 -0.436 0.006 1.480 0.015 1.520 0.015 0.040 0.008
2453240.60255 -1.903 0.015 -0.424 0.006 -0.415 0.006 1.479 0.015 1.488 0.015 0.009 0.007
2453240.60293 -1.937 0.016 -0.458 0.007 -0.398 0.006 1.479 0.016 1.539 0.016 0.060 0.008
2453240.60330 -1.894 0.015 -0.436 0.007 -0.396 0.007 1.458 0.015 1.498 0.015 0.040 0.008
2453240.60367 -1.935 0.015 -0.454 0.007 -0.428 0.007 1.481 0.015 1.507 0.015 0.026 0.008
2453240.60404 -1.943 0.016 -0.444 0.007 -0.398 0.006 1.499 0.016 1.545 0.016 0.046 0.008
2453240.60442 -1.938 0.015 -0.432 0.006 -0.415 0.007 1.506 0.015 1.523 0.015 0.017 0.008
2453240.60479 -1.926 0.016 -0.462 0.007 -0.394 0.006 1.464 0.016 1.532 0.016 0.068 0.008
2453240.60516 -1.933 0.016 -0.468 0.007 -0.428 0.007 1.465 0.016 1.505 0.016 0.040 0.008
2453240.60553 -1.934 0.015 -0.462 0.007 -0.418 0.006 1.472 0.015 1.516 0.015 0.044 0.008
2453240.60591 -1.917 0.015 -0.456 0.007 -0.397 0.006 1.461 0.015 1.520 0.015 0.059 0.008
2453240.60628 -1.956 0.016 -0.466 0.007 -0.427 0.007 1.490 0.016 1.529 0.016 0.039 0.008
2453240.60666 -1.891 0.015 -0.458 0.007 -0.422 0.007 1.433 0.015 1.469 0.015 0.036 0.008
2453240.60703 -1.920 0.015 -0.483 0.007 -0.420 0.007 1.437 0.015 1.500 0.015 0.063 0.008
2453240.60741 -1.892 0.016 -0.434 0.007 -0.403 0.007 1.458 0.016 1.489 0.016 0.031 0.008
2453240.60778 -1.911 0.016 -0.450 0.007 -0.411 0.007 1.461 0.016 1.500 0.016 0.039 0.008
2453240.60815 -1.938 0.016 -0.494 0.007 -0.428 0.007 1.444 0.016 1.510 0.016 0.066 0.008
2453240.60853 -1.919 0.016 -0.461 0.007 -0.433 0.007 1.458 0.016 1.486 0.016 0.028 0.008
2453240.60890 -1.974 0.016 -0.509 0.007 -0.458 0.007 1.465 0.016 1.516 0.016 0.051 0.008
2453240.60927 -1.949 0.016 -0.469 0.007 -0.436 0.007 1.480 0.017 1.513 0.017 0.033 0.008
2453240.60964 -1.936 0.016 -0.461 0.007 -0.420 0.007 1.475 0.017 1.516 0.017 0.041 0.008
2453240.61002 -1.947 0.016 -0.487 0.007 -0.438 0.007 1.460 0.017 1.509 0.017 0.049 0.008
2453240.61039 -1.921 0.016 -0.481 0.007 -0.444 0.007 1.440 0.016 1.477 0.016 0.037 0.008
2453240.61076 -1.919 0.016 -0.447 0.007 -0.390 0.007 1.472 0.017 1.529 0.017 0.057 0.008
2453240.61113 -1.929 0.016 -0.470 0.007 -0.439 0.007 1.459 0.017 1.490 0.017 0.031 0.008
2453240.61152 -1.942 0.016 -0.493 0.007 -0.444 0.007 1.449 0.017 1.498 0.017 0.049 0.008
2453240.61189 -1.965 0.016 -0.489 0.007 -0.452 0.007 1.476 0.017 1.513 0.017 0.037 0.008
2453240.61226 -1.951 0.016 -0.468 0.007 -0.437 0.007 1.483 0.017 1.514 0.017 0.031 0.008
2453240.61263 -1.972 0.016 -0.493 0.007 -0.435 0.007 1.479 0.017 1.537 0.017 0.058 0.008
2453240.61301 -1.941 0.018 -0.457 0.008 -0.431 0.008 1.484 0.018 1.510 0.018 0.026 0.008
2453240.61338 -1.973 0.018 -0.505 0.008 -0.460 0.008 1.468 0.018 1.513 0.018 0.045 0.008
2453240.61375 -1.964 0.017 -0.483 0.007 -0.464 0.007 1.481 0.018 1.500 0.018 0.019 0.008
2453240.61412 -1.937 0.019 -0.486 0.008 -0.434 0.008 1.451 0.019 1.503 0.019 0.052 0.008
2453240.61450 -1.954 0.018 -0.490 0.008 -0.452 0.008 1.464 0.018 1.502 0.018 0.038 0.008
2453240.61487 -1.961 0.019 -0.489 0.008 -0.465 0.008 1.472 0.019 1.496 0.019 0.024 0.008
2453240.61524 -1.967 0.019 -0.515 0.008 -0.469 0.008 1.452 0.019 1.498 0.019 0.046 0.008
2453240.61561 -1.941 0.019 -0.517 0.008 -0.447 0.008 1.424 0.019 1.494 0.019 0.070 0.008
2453240.61600 -1.938 0.019 -0.484 0.008 -0.428 0.008 1.454 0.019 1.510 0.019 0.056 0.008
2453240.61637 -1.963 0.020 -0.472 0.008 -0.452 0.008 1.491 0.020 1.511 0.020 0.020 0.008
2453240.61674 -1.938 0.020 -0.487 0.009 -0.450 0.009 1.451 0.020 1.488 0.020 0.037 0.010
2453240.61711 -1.977 0.021 -0.498 0.009 -0.481 0.009 1.479 0.021 1.496 0.021 0.017 0.010
2453240.61749 -1.996 0.022 -0.508 0.009 -0.438 0.009 1.488 0.022 1.558 0.022 0.070 0.010
2453240.61786 -1.973 0.021 -0.518 0.009 -0.461 0.009 1.455 0.021 1.512 0.021 0.057 0.010
2453240.61823 -1.976 0.022 -0.489 0.009 -0.440 0.009 1.487 0.022 1.536 0.022 0.049 0.010
2453240.61860 -1.981 0.022 -0.487 0.009 -0.435 0.009 1.494 0.022 1.546 0.022 0.052 0.010
2453240.61898 -1.951 0.022 -0.486 0.009 -0.465 0.009 1.465 0.022 1.486 0.022 0.021 0.010
2453240.61935 -1.980 0.023 -0.483 0.009 -0.487 0.009 1.497 0.023 1.493 0.023 -0.004 0.010
2453240.61972 -1.906 0.022 -0.513 0.009 -0.473 0.009 1.393 0.022 1.433 0.022 0.040 0.010
2453240.62009 -1.923 0.024 -0.494 0.009 -0.465 0.009 1.429 0.024 1.458 0.024 0.029 0.010
2453240.62047 -1.963 0.024 -0.510 0.009 -0.441 0.009 1.453 0.024 1.522 0.024 0.069 0.010
2453240.62084 -2.008 0.025 -0.486 0.009 -0.455 0.009 1.522 0.026 1.553 0.026 0.031 0.011
2453240.62122 -2.028 0.025 -0.517 0.009 -0.469 0.009 1.511 0.026 1.559 0.026 0.048 0.011
2453240.62159 -1.985 0.025 -0.524 0.009 -0.449 0.009 1.461 0.026 1.536 0.026 0.075 0.011
2453240.62197 -1.991 0.025 -0.514 0.009 -0.508 0.009 1.477 0.026 1.483 0.026 0.006 0.011
2453240.62234 -1.973 0.028 -0.533 0.010 -0.455 0.010 1.440 0.028 1.518 0.028 0.078 0.011
2453240.62271 -1.958 0.028 -0.508 0.010 -0.454 0.010 1.450 0.028 1.504 0.028 0.054 0.011
2453240.62309 -2.000 0.030 -0.509 0.010 -0.443 0.010 1.491 0.030 1.557 0.030 0.066 0.011
2453240.62346 -2.011 0.029 -0.532 0.010 -0.471 0.010 1.479 0.029 1.540 0.029 0.061 0.011
2453240.62383 -1.931 0.029 -0.551 0.011 -0.481 0.010 1.380 0.029 1.450 0.029 0.070 0.012
2453240.62420 -1.978 0.032 -0.514 0.011 -0.461 0.011 1.464 0.032 1.517 0.032 0.053 0.013
2453240.62458 -1.946 0.031 -0.522 0.011 -0.449 0.011 1.424 0.031 1.497 0.031 0.073 0.013
2453240.62495 -2.003 0.033 -0.546 0.012 -0.507 0.012 1.457 0.034 1.496 0.034 0.039 0.014
2453240.62532 -2.012 0.035 -0.549 0.012 -0.500 0.012 1.463 0.035 1.512 0.035 0.049 0.014
2453240.62569 -1.986 0.034 -0.492 0.012 -0.481 0.012 1.494 0.034 1.505 0.034 0.011 0.014
2453240.62608 -1.974 0.036 -0.513 0.012 -0.443 0.012 1.461 0.036 1.531 0.036 0.070 0.014
2453240.62645 -1.980 0.035 -0.505 0.012 -0.441 0.012 1.475 0.035 1.539 0.035 0.064 0.014
2453240.62682 -1.917 0.036 -0.493 0.013 -0.451 0.012 1.424 0.037 1.466 0.036 0.042 0.015
2453240.62719 -1.958 0.037 -0.516 0.013 -0.462 0.012 1.442 0.038 1.496 0.037 0.054 0.015
2453240.62757 -1.937 0.039 -0.520 0.013 -0.420 0.013 1.417 0.040 1.517 0.040 0.100 0.016
2453240.62794 -2.036 0.043 -0.529 0.013 -0.492 0.013 1.507 0.043 1.544 0.043 0.037 0.016
2453240.62831 -1.993 0.044 -0.515 0.014 -0.467 0.014 1.478 0.044 1.526 0.045 0.048 0.016
2453240.62868 -2.017 0.046 -0.541 0.014 -0.483 0.014 1.476 0.047 1.534 0.047 0.058 0.017
2453240.62906 -2.001 0.047 -0.522 0.015 -0.442 0.014 1.479 0.048 1.559 0.048 0.080 0.018
2453240.62943 -1.973 0.049 -0.513 0.016 -0.453 0.016 1.460 0.050 1.520 0.050 0.060 0.018
