JD V-C s1 V-C1 s2 V-C2 s3 C-C1 s4 C-C2 s5 C1-C2 s6
Aperture: 2.00, Filter: 12.00
2453236.33009 -1.589 0.014 -0.128 0.007 -0.080 0.007 1.461 0.014 1.509 0.014 0.048 0.007
2453236.33046 -1.578 0.015 -0.118 0.007 -0.075 0.007 1.460 0.015 1.503 0.015 0.043 0.007
2453236.33084 -1.592 0.014 -0.133 0.007 -0.062 0.007 1.459 0.014 1.530 0.014 0.071 0.007
2453236.33122 -1.593 0.015 -0.094 0.007 -0.082 0.007 1.499 0.015 1.511 0.015 0.012 0.007
2453236.33159 -1.535 0.014 -0.074 0.007 -0.039 0.007 1.461 0.014 1.496 0.014 0.035 0.007
2453236.33197 -1.547 0.014 -0.083 0.007 -0.066 0.007 1.464 0.014 1.481 0.014 0.017 0.007
2453236.33234 -1.520 0.014 -0.055 0.007 -0.031 0.007 1.465 0.014 1.489 0.014 0.024 0.007
2453236.33271 -1.531 0.014 -0.061 0.007 -0.032 0.007 1.470 0.014 1.499 0.014 0.029 0.007
2453236.33308 -1.499 0.014 -0.029 0.007 -0.015 0.007 1.470 0.014 1.484 0.014 0.014 0.007
2453236.33346 -1.521 0.014 -0.042 0.007 -0.017 0.007 1.479 0.014 1.504 0.014 0.025 0.007
2453236.33383 -1.541 0.015 -0.069 0.007 -0.003 0.007 1.472 0.015 1.538 0.015 0.066 0.007
2453236.33420 -1.528 0.014 -0.043 0.007 -0.003 0.007 1.485 0.014 1.525 0.014 0.040 0.007
2453236.33457 -1.413 0.014 0.017 0.007 0.030 0.007 1.430 0.014 1.443 0.014 0.013 0.007
2453236.33495 -1.422 0.014 0.027 0.007 0.052 0.007 1.449 0.014 1.474 0.014 0.025 0.007
2453236.33532 -1.436 0.014 0.038 0.007 0.039 0.007 1.474 0.014 1.475 0.014 0.001 0.007
2453236.33569 -1.447 0.014 0.030 0.007 0.055 0.007 1.477 0.014 1.502 0.014 0.025 0.007
2453236.33608 -1.464 0.015 -0.012 0.007 0.035 0.007 1.452 0.015 1.499 0.015 0.047 0.007
2453236.33645 -1.447 0.014 99.999 9.999 0.088 0.007 99.999 9.999 1.535 0.014 99.999 9.999
2453236.33682 -1.428 0.014 0.085 0.007 0.085 0.007 1.513 0.014 1.513 0.014 0.000 0.007
2453236.33719 -1.424 0.014 0.049 0.007 0.093 0.007 1.473 0.014 1.517 0.014 0.044 0.007
2453236.33757 -1.428 0.014 0.040 0.008 0.075 0.008 1.468 0.014 1.503 0.014 0.035 0.007
2453236.33794 -1.384 0.014 0.094 0.008 99.999 9.999 1.478 0.014 99.999 9.999 99.999 9.999
2453236.33831 -1.395 0.014 0.086 0.008 0.128 0.008 1.481 0.014 1.523 0.014 0.042 0.007
2453236.33868 -1.381 0.014 99.999 9.999 0.116 0.008 99.999 9.999 1.497 0.014 99.999 9.999
2453236.33906 -1.406 0.014 0.072 0.008 0.098 0.008 1.478 0.014 1.504 0.014 0.026 0.007
2453236.33943 -1.367 0.014 0.113 0.008 0.134 0.008 1.480 0.014 1.501 0.014 0.021 0.007
2453236.33980 -1.392 0.015 0.077 0.008 0.085 0.008 1.469 0.015 1.477 0.015 0.008 0.007
2453236.34017 -1.387 0.014 0.059 0.008 99.999 9.999 1.446 0.014 99.999 9.999 99.999 9.999
2453236.34056 -1.414 0.015 0.040 0.008 0.097 0.008 1.454 0.015 1.511 0.015 0.057 0.007
2453236.34093 -1.413 0.014 0.037 0.008 0.092 0.008 1.450 0.014 1.505 0.014 0.055 0.007
2453236.34130 -1.356 0.014 0.110 0.008 0.171 0.008 1.466 0.014 1.527 0.014 0.061 0.007
2453236.34167 -1.422 0.015 0.074 0.008 99.999 9.999 1.496 0.015 99.999 9.999 99.999 9.999
2453236.34205 -1.419 0.014 0.044 0.008 0.104 0.008 1.463 0.014 1.523 0.014 0.060 0.007
2453236.34242 -1.333 0.014 0.117 0.008 0.175 0.008 1.450 0.014 1.508 0.014 0.058 0.007
2453236.34279 -1.402 0.014 99.999 9.999 99.999 9.999 99.999 9.999 99.999 9.999 99.999 9.999
2453236.34316 -1.337 0.014 0.140 0.008 99.999 9.999 1.477 0.014 99.999 9.999 99.999 9.999
2453236.34354 -1.329 0.014 0.159 0.008 0.153 0.008 1.488 0.014 1.482 0.014 -0.006 0.007
2453236.34391 -1.374 0.014 0.091 0.008 0.115 0.008 1.465 0.014 1.489 0.014 0.024 0.007
2453236.34428 -1.363 0.014 0.085 0.008 0.128 0.008 1.448 0.014 1.491 0.014 0.043 0.007
2453236.34465 -1.418 0.014 0.039 0.008 0.097 0.008 1.457 0.014 1.515 0.014 0.058 0.007
2453236.34503 -1.332 0.014 0.136 0.008 0.135 0.008 1.468 0.014 1.467 0.014 -0.001 0.007
2453236.34541 -1.281 0.014 0.169 0.008 0.187 0.008 1.450 0.014 1.468 0.014 0.018 0.007


2453236.34615 -1.327 0.014 0.132 0.008 0.172 0.008 1.459 0.014 1.499 0.014 0.040 0.007
2453236.34653 -1.336 0.014 0.154 0.008 0.164 0.008 1.490 0.014 1.500 0.014 0.010 0.007
2453236.34690 -1.306 0.014 0.158 0.008 0.171 0.008 1.464 0.014 1.477 0.014 0.013 0.007


2453236.34764 -1.374 0.014 0.094 0.008 0.157 0.008 1.468 0.014 1.531 0.014 0.063 0.007
2453236.34802 -1.371 0.014 99.999 9.999 99.999 9.999 99.999 9.999 99.999 9.999 99.999 9.999


2453236.34876 -1.300 0.014 0.153 0.008 0.176 0.008 1.453 0.014 1.476 0.014 0.023 0.007
2453236.34913 -1.316 0.014 0.164 0.008 0.178 0.008 1.480 0.014 1.494 0.014 0.014 0.007


2453236.34988 -1.330 0.014 0.136 0.008 0.136 0.008 1.466 0.014 1.466 0.014 0.000 0.007
2453236.35025 -1.412 0.014 0.094 0.008 0.120 0.008 1.506 0.014 1.532 0.014 0.026 0.007
2453236.35063 -1.417 0.014 0.067 0.008 99.999 9.999 1.484 0.014 99.999 9.999 99.999 9.999
2453236.35101 -1.388 0.014 0.074 0.008 0.111 0.008 1.462 0.014 1.499 0.014 0.037 0.007
2453236.35138 -1.367 0.014 0.109 0.008 0.111 0.008 1.476 0.014 1.478 0.014 0.002 0.007
2453236.35175 -1.369 0.014 99.999 9.999 99.999 9.999 99.999 9.999 99.999 9.999 99.999 9.999


2453236.35250 -1.384 0.014 0.075 0.008 0.117 0.008 1.459 0.014 1.501 0.014 0.042 0.007
2453236.35287 -1.309 0.014 0.174 0.008 0.194 0.008 1.483 0.014 1.503 0.014 0.020 0.007
2453236.35324 -1.382 0.014 99.999 9.999 99.999 9.999 99.999 9.999 99.999 9.999 99.999 9.999
2453236.35361 -1.317 0.014 0.156 0.008 0.176 0.008 1.473 0.014 1.493 0.014 0.020 0.007
2453236.35399 -1.288 0.014 0.170 0.008 0.203 0.008 1.458 0.014 1.491 0.014 0.033 0.007
2453236.35436 -1.308 0.014 0.168 0.008 0.196 0.008 1.476 0.014 1.504 0.014 0.028 0.007
2453236.35473 -1.319 0.014 0.140 0.008 0.147 0.008 1.459 0.014 1.466 0.014 0.007 0.007
2453236.35510 -1.364 0.014 0.099 0.008 0.119 0.008 1.463 0.014 1.483 0.014 0.020 0.007
2453236.35549 -1.307 0.014 0.148 0.008 0.151 0.008 1.455 0.014 1.458 0.014 0.003 0.007
2453236.35586 -1.289 0.014 0.165 0.008 0.172 0.008 1.454 0.014 1.461 0.014 0.007 0.007
2453236.35623 -1.380 0.014 0.073 0.008 0.115 0.008 1.453 0.014 1.495 0.014 0.042 0.007
2453236.35661 -1.388 0.014 0.073 0.008 0.116 0.008 1.461 0.014 1.504 0.014 0.043 0.007
2453236.35698 -1.323 0.014 99.999 9.999 0.159 0.008 99.999 9.999 1.482 0.014 99.999 9.999
2453236.35735 -1.323 0.014 0.147 0.008 0.158 0.008 1.470 0.014 1.481 0.014 0.011 0.007
2453236.35772 -1.358 0.014 0.082 0.008 0.103 0.008 1.440 0.014 1.461 0.014 0.021 0.007
2453236.35810 -1.417 0.014 0.045 0.007 0.098 0.007 1.462 0.014 1.515 0.014 0.053 0.007
2453236.35847 -1.408 0.014 0.053 0.007 0.111 0.007 1.461 0.014 1.519 0.014 0.058 0.007
2453236.35884 -1.417 0.014 0.056 0.007 0.079 0.007 1.473 0.014 1.496 0.014 0.023 0.007


2453236.35959 -1.461 0.014 0.020 0.007 0.051 0.007 1.481 0.014 1.512 0.014 0.031 0.007
2453236.35997 -1.398 0.014 0.049 0.007 0.075 0.007 1.447 0.014 1.473 0.014 0.026 0.007
2453236.36034 99.999 9.999 99.999 9.999 0.094 0.007 99.999 9.999 99.999 9.999 99.999 9.999
2453236.36071 -1.377 0.013 0.090 0.007 0.100 0.007 1.467 0.013 1.477 0.013 0.010 0.007
2453236.36109 -1.390 0.014 0.054 0.007 0.080 0.007 1.444 0.014 1.470 0.014 0.026 0.007
2453236.36146 99.999 9.999 99.999 9.999 0.086 0.007 99.999 9.999 99.999 9.999 99.999 9.999
2453236.36183 -1.474 0.014 99.999 9.999 0.047 0.007 99.999 9.999 1.521 0.014 99.999 9.999
2453236.36220 -1.406 0.013 0.044 0.007 0.044 0.007 1.450 0.013 1.450 0.013 0.000 0.007
2453236.36258 -1.453 0.014 0.026 0.007 0.028 0.007 1.479 0.014 1.481 0.014 0.002 0.007


2453236.36332 -1.472 0.013 -0.019 0.007 0.028 0.007 1.453 0.013 1.500 0.013 0.047 0.007
2453236.36369 99.999 9.999 99.999 9.999 99.999 9.999 99.999 9.999 99.999 9.999 99.999 9.999
2453236.36407 99.999 9.999 99.999 9.999 99.999 9.999 99.999 9.999 99.999 9.999 99.999 9.999
2453236.36444 -1.494 0.014 -0.031 0.007 0.022 0.007 1.463 0.014 1.516 0.014 0.053 0.007
2453236.36481 99.999 9.999 99.999 9.999 0.007 0.007 99.999 9.999 99.999 9.999 99.999 9.999
2453236.36519 -1.518 0.014 99.999 9.999 -0.021 0.007 99.999 9.999 1.497 0.014 99.999 9.999
2453236.36557 -1.507 0.014 -0.023 0.007 -0.024 0.007 1.484 0.014 1.483 0.014 -0.001 0.007
2453236.36594 -1.538 0.013 -0.089 0.007 -0.056 0.007 1.449 0.013 1.482 0.013 0.033 0.007
2453236.36631 -1.518 0.013 99.999 9.999 -0.020 0.007 99.999 9.999 1.498 0.013 99.999 9.999
2453236.36668 -1.576 0.014 -0.084 0.007 -0.059 0.007 1.492 0.014 1.517 0.014 0.025 0.007
2453236.36706 -1.564 0.014 -0.073 0.007 -0.042 0.007 1.491 0.014 1.522 0.014 0.031 0.007




2453236.36817 -1.623 0.014 -0.159 0.007 -0.138 0.007 1.464 0.014 1.485 0.014 0.021 0.007




2453236.36929 -1.576 0.013 -0.100 0.007 -0.098 0.007 1.476 0.013 1.478 0.013 0.002 0.007
2453236.36966 99.999 9.999 99.999 9.999 -0.106 0.007 99.999 9.999 99.999 9.999 99.999 9.999
2453236.37005 -1.616 0.014 -0.126 0.007 -0.133 0.007 1.490 0.014 1.483 0.014 -0.007 0.007
2453236.37042 -1.663 0.014 -0.200 0.007 -0.131 0.007 1.463 0.014 1.532 0.014 0.069 0.007




2453236.37154 -1.724 0.014 -0.251 0.007 -0.197 0.007 1.473 0.014 1.527 0.014 0.054 0.007
2453236.37191 99.999 9.999 99.999 9.999 -0.152 0.007 99.999 9.999 99.999 9.999 99.999 9.999
2453236.37228 -1.712 0.014 -0.260 0.007 -0.174 0.007 1.452 0.014 1.538 0.014 0.086 0.007
2453236.37266 -1.661 0.014 -0.200 0.007 -0.193 0.007 1.461 0.014 1.468 0.014 0.007 0.007
2453236.37303 -1.641 0.013 99.999 9.999 -0.172 0.007 99.999 9.999 1.469 0.013 99.999 9.999


2453236.37377 -1.703 0.014 -0.248 0.007 -0.192 0.007 1.455 0.014 1.511 0.014 0.056 0.007
2453236.37416 -1.730 0.014 -0.250 0.007 -0.236 0.007 1.480 0.014 1.494 0.014 0.014 0.007


2453236.37490 -1.778 0.014 -0.317 0.006 -0.253 0.006 1.461 0.014 1.525 0.014 0.064 0.007
2453236.37527 -1.750 0.014 -0.278 0.007 -0.240 0.007 1.472 0.014 1.510 0.014 0.038 0.007


2453236.37602 -1.748 0.014 -0.322 0.006 -0.268 0.006 1.426 0.014 1.480 0.014 0.054 0.007
2453236.37639 -1.808 0.014 99.999 9.999 99.999 9.999 99.999 9.999 99.999 9.999 99.999 9.999
2453236.37676 -1.781 0.014 -0.308 0.006 -0.305 0.006 1.473 0.014 1.476 0.014 0.003 0.007
2453236.37714 -1.720 0.013 -0.251 0.007 -0.233 0.007 1.469 0.013 1.487 0.013 0.018 0.007
2453236.37751 -1.756 0.014 -0.265 0.006 -0.233 0.006 1.491 0.014 1.523 0.014 0.032 0.007
2453236.37788 -1.756 0.014 -0.280 0.006 -0.272 0.006 1.476 0.014 1.484 0.014 0.008 0.007
2453236.37825 -1.828 0.014 -0.353 0.006 -0.316 0.006 1.475 0.014 1.512 0.014 0.037 0.007


2453236.37900 -1.828 0.014 -0.373 0.006 -0.298 0.006 1.455 0.014 1.530 0.014 0.075 0.007
2453236.37938 99.999 9.999 99.999 9.999 -0.262 0.006 99.999 9.999 99.999 9.999 99.999 9.999
2453236.37975 -1.785 0.013 -0.334 0.006 -0.283 0.006 1.451 0.013 1.502 0.013 0.051 0.007
2453236.38013 -1.808 0.014 -0.342 0.006 -0.296 0.006 1.466 0.014 1.512 0.014 0.046 0.007
2453236.38050 -1.791 0.014 -0.301 0.006 -0.311 0.006 1.490 0.014 1.480 0.014 -0.010 0.007


2453236.38124 -1.860 0.014 -0.392 0.006 -0.342 0.006 1.468 0.014 1.518 0.014 0.050 0.007
2453236.38162 99.999 9.999 99.999 9.999 -0.303 0.006 99.999 9.999 99.999 9.999 99.999 9.999
2453236.38199 -1.795 0.013 -0.306 0.006 -0.291 0.006 1.489 0.013 1.504 0.013 0.015 0.007
2453236.38236 -1.819 0.013 -0.368 0.006 -0.350 0.006 1.451 0.013 1.469 0.013 0.018 0.007
2453236.38273 -1.878 0.014 -0.407 0.006 -0.371 0.006 1.471 0.014 1.507 0.014 0.036 0.007


2453236.38348 -1.781 0.013 -0.328 0.006 -0.301 0.006 1.453 0.013 1.480 0.013 0.027 0.007
2453236.38385 -1.888 0.014 -0.386 0.006 -0.369 0.006 1.502 0.014 1.519 0.014 0.017 0.007


2453236.38461 -1.820 0.014 -0.352 0.006 -0.305 0.006 1.468 0.014 1.515 0.014 0.047 0.007
2453236.38498 99.999 9.999 99.999 9.999 -0.319 0.006 99.999 9.999 99.999 9.999 99.999 9.999


2453236.38572 -1.876 0.013 -0.399 0.006 -0.340 0.006 1.477 0.013 1.536 0.013 0.059 0.007
2453236.38610 -1.862 0.014 99.999 9.999 99.999 9.999 99.999 9.999 99.999 9.999 99.999 9.999


2453236.38684 -1.774 0.013 -0.327 0.006 -0.311 0.006 1.447 0.013 1.463 0.013 0.016 0.007
2453236.38721 -1.831 0.013 -0.352 0.006 -0.351 0.006 1.479 0.013 1.480 0.013 0.001 0.007
2453236.38759 -1.870 0.014 -0.381 0.006 -0.337 0.006 1.489 0.014 1.533 0.014 0.044 0.007
2453236.38796 -1.906 0.014 -0.430 0.006 -0.396 0.006 1.476 0.014 1.510 0.014 0.034 0.007
2453236.38833 99.999 9.999 99.999 9.999 99.999 9.999 99.999 9.999 99.999 9.999 99.999 9.999
2453236.38870 -1.916 0.014 -0.445 0.006 -0.421 0.006 1.471 0.014 1.495 0.014 0.024 0.007


2453236.38946 -1.860 0.014 -0.378 0.006 -0.359 0.006 1.482 0.014 1.501 0.014 0.019 0.007
2453236.42672 -1.900 0.013 -0.438 0.006 -0.442 0.006 1.462 0.013 1.458 0.013 -0.004 0.007
2453236.42709 -1.934 0.013 -0.469 0.006 -0.474 0.006 1.465 0.013 1.460 0.013 -0.005 0.007
2453236.42747 -1.981 0.013 -0.528 0.006 -0.498 0.006 1.453 0.013 1.483 0.013 0.030 0.007
2453236.42784 -1.978 0.014 -0.513 0.006 99.999 9.999 1.465 0.014 99.999 9.999 99.999 9.999
2453236.42822 -1.982 0.014 -0.532 0.006 -0.483 0.006 1.450 0.014 1.499 0.014 0.049 0.007


2453236.42896 -1.992 0.014 -0.515 0.006 -0.498 0.006 1.477 0.014 1.494 0.014 0.017 0.007
2453236.42933 -2.006 0.014 99.999 9.999 99.999 9.999 99.999 9.999 99.999 9.999 99.999 9.999
2453236.42971 -1.912 0.013 -0.459 0.006 -0.466 0.006 1.453 0.013 1.446 0.013 -0.007 0.007
2453236.43008 -1.907 0.013 -0.457 0.006 -0.460 0.006 1.450 0.013 1.447 0.013 -0.003 0.007
2453236.43045 -1.925 0.013 -0.442 0.006 -0.432 0.006 1.483 0.013 1.493 0.013 0.010 0.007
2453236.43083 -1.923 0.013 -0.480 0.006 -0.450 0.006 1.443 0.013 1.473 0.013 0.030 0.007
2453236.43120 99.999 9.999 99.999 9.999 -0.474 0.006 99.999 9.999 99.999 9.999 99.999 9.999
2453236.43157 99.999 9.999 99.999 9.999 99.999 9.999 99.999 9.999 99.999 9.999 99.999 9.999
2453236.43194 -1.962 0.013 -0.489 0.006 -0.488 0.006 1.473 0.013 1.474 0.013 0.001 0.007


2453236.43270 -1.915 0.013 -0.467 0.006 -0.437 0.006 1.448 0.013 1.478 0.013 0.030 0.007
2453236.43307 -1.884 0.013 -0.459 0.006 -0.424 0.006 1.425 0.013 1.460 0.013 0.035 0.007
2453236.43344 -2.019 0.014 -0.550 0.006 -0.512 0.006 1.469 0.014 1.507 0.014 0.038 0.007
2453236.43382 -2.002 0.014 -0.539 0.006 -0.469 0.006 1.463 0.014 1.533 0.014 0.070 0.007
2453236.43419 -1.946 0.013 -0.492 0.006 -0.447 0.006 1.454 0.013 1.499 0.013 0.045 0.007
2453236.43456 -1.990 0.014 -0.512 0.006 -0.494 0.006 1.478 0.014 1.496 0.014 0.018 0.007
2453236.43494 -1.946 0.013 99.999 9.999 -0.443 0.006 99.999 9.999 1.503 0.013 99.999 9.999
2453236.43531 -1.961 0.013 -0.512 0.006 -0.471 0.006 1.449 0.013 1.490 0.013 0.041 0.007
2453236.43568 -2.003 0.014 -0.530 0.006 -0.485 0.006 1.473 0.014 1.518 0.014 0.045 0.007
2453236.43605 -1.904 0.013 -0.442 0.006 -0.448 0.006 1.462 0.013 1.456 0.013 -0.006 0.007
2453236.43644 -2.004 0.014 -0.535 0.006 -0.480 0.006 1.469 0.014 1.524 0.014 0.055 0.007
2453236.43681 99.999 9.999 99.999 9.999 99.999 9.999 99.999 9.999 99.999 9.999 99.999 9.999
2453236.43718 -1.989 0.014 -0.530 0.006 -0.471 0.006 1.459 0.014 1.518 0.014 0.059 0.007
2453236.43755 -1.964 0.013 -0.482 0.006 -0.478 0.006 1.482 0.013 1.486 0.013 0.004 0.007
2453236.43793 -1.920 0.013 -0.440 0.006 -0.433 0.006 1.480 0.013 1.487 0.013 0.007 0.007
2453236.43830 -1.933 0.013 -0.442 0.006 -0.454 0.006 1.491 0.013 1.479 0.013 -0.012 0.007
2453236.43867 99.999 9.999 99.999 9.999 -0.401 0.006 99.999 9.999 99.999 9.999 99.999 9.999
2453236.43904 99.999 9.999 99.999 9.999 99.999 9.999 99.999 9.999 99.999 9.999 99.999 9.999
2453236.43942 -1.866 0.013 -0.408 0.006 -0.378 0.006 1.458 0.013 1.488 0.013 0.030 0.007
2453236.43979 99.999 9.999 99.999 9.999 -0.471 0.006 99.999 9.999 99.999 9.999 99.999 9.999
2453236.44016 -1.934 0.013 -0.474 0.006 -0.421 0.006 1.460 0.013 1.513 0.013 0.053 0.007
2453236.44053 -1.910 0.013 -0.463 0.006 -0.412 0.006 1.447 0.013 1.498 0.013 0.051 0.007
2453236.44091 99.999 9.999 99.999 9.999 99.999 9.999 99.999 9.999 99.999 9.999 99.999 9.999
2453236.44128 -1.967 0.014 -0.520 0.006 -0.463 0.006 1.447 0.014 1.504 0.014 0.057 0.007
2453236.44166 99.999 9.999 -0.514 0.006 -0.456 0.006 99.999 9.999 99.999 9.999 0.058 0.007


2453236.44241 -1.886 0.013 -0.393 0.006 -0.420 0.006 1.493 0.013 1.466 0.013 -0.027 0.007
2453236.44278 -1.934 0.014 -0.449 0.006 -0.467 0.006 1.485 0.014 1.467 0.014 -0.018 0.007
2453236.44315 -1.856 0.013 -0.412 0.006 -0.388 0.006 1.444 0.013 1.468 0.013 0.024 0.007
2453236.44352 -1.896 0.013 -0.426 0.006 -0.431 0.006 1.470 0.013 1.465 0.013 -0.005 0.007




2453236.44464 -1.935 0.014 -0.465 0.006 -0.453 0.006 1.470 0.014 1.482 0.014 0.012 0.007


2453236.44539 -1.873 0.013 -0.448 0.006 -0.395 0.006 1.425 0.013 1.478 0.013 0.053 0.007
2453236.44576 -1.880 0.014 -0.414 0.006 -0.403 0.006 1.466 0.014 1.477 0.014 0.011 0.007
2453236.44613 -1.868 0.013 -0.380 0.006 -0.359 0.006 1.488 0.013 1.509 0.013 0.021 0.007
2453236.44650 -1.941 0.014 -0.466 0.006 -0.421 0.006 1.475 0.014 1.520 0.014 0.045 0.007
2453236.44689 -1.852 0.013 -0.389 0.006 -0.376 0.006 1.463 0.013 1.476 0.013 0.013 0.007
2453236.44726 -1.863 0.013 -0.391 0.006 -0.358 0.006 1.472 0.013 1.505 0.013 0.033 0.007
2453236.44763 -1.810 0.013 -0.364 0.006 -0.359 0.006 1.446 0.013 1.451 0.013 0.005 0.007
2453236.44801 -1.906 0.013 -0.496 0.006 -0.430 0.006 1.410 0.013 1.476 0.013 0.066 0.007
2453236.44838 -1.887 0.014 -0.413 0.006 -0.401 0.006 1.474 0.014 1.486 0.014 0.012 0.007
2453236.44875 -1.944 0.014 -0.460 0.006 -0.429 0.006 1.484 0.014 1.515 0.014 0.031 0.007
2453236.44912 -1.853 0.013 -0.378 0.006 99.999 9.999 1.475 0.013 99.999 9.999 99.999 9.999
2453236.44950 -1.822 0.013 -0.381 0.006 -0.357 0.006 1.441 0.013 1.465 0.013 0.024 0.007


2453236.45024 -1.837 0.013 -0.400 0.006 -0.352 0.006 1.437 0.013 1.485 0.013 0.048 0.007
2453236.45061 99.999 9.999 99.999 9.999 -0.361 0.006 99.999 9.999 99.999 9.999 99.999 9.999
2453236.45100 -1.864 0.014 -0.420 0.006 -0.373 0.006 1.444 0.014 1.491 0.014 0.047 0.007
2453236.45137 -1.911 0.014 -0.453 0.006 -0.413 0.006 1.458 0.014 1.498 0.014 0.040 0.007


2453236.45249 99.999 9.999 99.999 9.999 -0.348 0.006 99.999 9.999 99.999 9.999 99.999 9.999
2453236.45286 -1.880 0.013 -0.441 0.006 -0.403 0.006 1.439 0.013 1.477 0.013 0.038 0.007
2453236.45323 -1.837 0.013 -0.406 0.006 -0.359 0.006 1.431 0.013 1.478 0.013 0.047 0.007


2453236.45398 -1.895 0.013 -0.421 0.006 -0.407 0.006 1.474 0.013 1.488 0.013 0.014 0.007
2453236.45435 -1.841 0.013 -0.363 0.006 -0.365 0.006 1.478 0.013 1.476 0.013 -0.002 0.007
2453236.45472 -1.793 0.013 -0.331 0.006 -0.336 0.006 1.462 0.013 1.457 0.013 -0.005 0.007
2453236.45509 -1.837 0.014 -0.340 0.006 -0.336 0.006 1.497 0.014 1.501 0.014 0.004 0.007
2453236.45547 -1.787 0.013 -0.343 0.006 99.999 9.999 1.444 0.013 99.999 9.999 99.999 9.999
2453236.45584 -1.878 0.013 -0.427 0.006 -0.392 0.006 1.451 0.013 1.486 0.013 0.035 0.007


2453236.45659 -1.816 0.013 -0.334 0.006 -0.329 0.006 1.482 0.013 1.487 0.013 0.005 0.007
2453236.45697 99.999 9.999 99.999 9.999 -0.297 0.006 99.999 9.999 99.999 9.999 99.999 9.999


2453236.45771 -1.765 0.013 -0.279 0.006 -0.273 0.006 1.486 0.013 1.492 0.013 0.006 0.007


2453236.45846 -1.823 0.014 -0.337 0.006 -0.326 0.006 1.486 0.014 1.497 0.014 0.011 0.007
2453236.45883 -1.838 0.014 -0.338 0.006 -0.333 0.006 1.500 0.014 1.505 0.014 0.005 0.007
2453236.45920 -1.791 0.013 -0.352 0.006 -0.316 0.006 1.439 0.013 1.475 0.013 0.036 0.007
2453236.45957 99.999 9.999 -0.367 0.006 -0.325 0.006 99.999 9.999 99.999 9.999 0.042 0.007
2453236.45995 -1.812 0.013 -0.364 0.006 -0.326 0.006 1.448 0.013 1.486 0.013 0.038 0.007
2453236.46032 -1.835 0.014 -0.356 0.006 -0.325 0.006 1.479 0.014 1.510 0.014 0.031 0.007
2453236.46069 -1.778 0.013 -0.320 0.006 -0.284 0.006 1.458 0.013 1.494 0.013 0.036 0.007
2453236.46106 -1.743 0.013 -0.269 0.006 -0.270 0.006 1.474 0.013 1.473 0.013 -0.001 0.007
2453236.46145 -1.733 0.013 -0.278 0.006 -0.275 0.006 1.455 0.013 1.458 0.013 0.003 0.007
2453236.46182 -1.722 0.013 -0.289 0.006 -0.259 0.006 1.433 0.013 1.463 0.013 0.030 0.007
2453236.46219 -1.784 0.014 -0.278 0.006 -0.262 0.006 1.506 0.014 1.522 0.014 0.016 0.007
2453236.46256 -1.786 0.013 -0.342 0.006 -0.303 0.006 1.444 0.013 1.483 0.013 0.039 0.007


2453236.46331 -1.814 0.014 -0.322 0.006 -0.305 0.006 1.492 0.014 1.509 0.014 0.017 0.007
2453236.46368 -1.732 0.013 -0.300 0.006 -0.249 0.006 1.432 0.013 1.483 0.013 0.051 0.007


2453236.46443 -1.709 0.013 -0.245 0.006 -0.222 0.006 1.464 0.013 1.487 0.013 0.023 0.007
2453236.46480 -1.757 0.013 -0.285 0.006 -0.273 0.006 1.472 0.013 1.484 0.013 0.012 0.007
2453236.46517 99.999 9.999 99.999 9.999 -0.234 0.006 99.999 9.999 99.999 9.999 99.999 9.999


2453236.46593 -1.737 0.013 -0.289 0.006 -0.261 0.006 1.448 0.013 1.476 0.013 0.028 0.007




2453236.46705 -1.708 0.013 -0.220 0.007 -0.212 0.007 1.488 0.013 1.496 0.013 0.008 0.007


2453236.46779 -1.697 0.013 -0.245 0.007 -0.185 0.007 1.452 0.013 1.512 0.013 0.060 0.007
2453236.46816 99.999 9.999 99.999 9.999 -0.187 0.007 99.999 9.999 99.999 9.999 99.999 9.999
2453236.46854 -1.625 0.013 -0.170 0.007 -0.139 0.007 1.455 0.013 1.486 0.013 0.031 0.007
2453236.46891 -1.683 0.013 -0.193 0.007 -0.190 0.007 1.490 0.013 1.493 0.013 0.003 0.007


2453236.46965 -1.632 0.013 -0.163 0.007 -0.126 0.007 1.469 0.013 1.506 0.013 0.037 0.007
2453236.47003 99.999 9.999 99.999 9.999 -0.131 0.007 99.999 9.999 99.999 9.999 99.999 9.999
2453236.47041 -1.575 0.013 -0.149 0.007 -0.124 0.007 1.426 0.013 1.451 0.013 0.025 0.007
2453236.47078 99.999 9.999 -0.210 0.007 -0.157 0.007 99.999 9.999 99.999 9.999 0.053 0.007


2453236.47153 -1.610 0.014 -0.123 0.007 -0.117 0.007 1.487 0.014 1.493 0.014 0.006 0.007


2453236.47227 -1.572 0.013 -0.117 0.007 99.999 9.999 1.455 0.013 99.999 9.999 99.999 9.999
2453236.47264 -1.573 0.013 99.999 9.999 -0.096 0.007 99.999 9.999 1.477 0.013 99.999 9.999


2453236.47339 -1.526 0.013 -0.075 0.007 -0.059 0.007 1.451 0.013 1.467 0.013 0.016 0.007
2453236.47376 -1.521 0.013 -0.050 0.007 -0.046 0.007 1.471 0.013 1.475 0.013 0.004 0.007
2453236.47413 -1.555 0.013 -0.112 0.007 -0.059 0.007 1.443 0.013 1.496 0.013 0.053 0.007
2453236.47451 -1.601 0.013 -0.119 0.007 -0.101 0.007 1.482 0.013 1.500 0.013 0.018 0.007
2453236.47488 -1.591 0.014 -0.118 0.007 -0.082 0.007 1.473 0.014 1.509 0.014 0.036 0.007
2453236.47525 -1.553 0.013 -0.141 0.007 -0.085 0.007 1.412 0.013 1.468 0.013 0.056 0.007
2453236.47564 -1.584 0.014 -0.089 0.007 -0.070 0.007 1.495 0.014 1.514 0.014 0.019 0.007


2453236.47638 99.999 9.999 -0.098 0.007 -0.054 0.007 99.999 9.999 99.999 9.999 0.044 0.007


2453236.47713 -1.458 0.013 -0.007 0.007 0.010 0.007 1.451 0.013 1.468 0.013 0.017 0.007
2453236.47750 -1.452 0.013 0.011 0.007 0.013 0.007 1.463 0.013 1.465 0.013 0.002 0.007
2453236.47787 -1.538 0.014 -0.055 0.007 -0.037 0.007 1.483 0.014 1.501 0.014 0.018 0.007
2453236.47824 -1.478 0.013 0.012 0.007 0.012 0.007 1.490 0.013 1.490 0.013 0.000 0.007
2453236.47862 -1.444 0.013 0.011 0.007 0.049 0.007 1.455 0.013 1.493 0.013 0.038 0.007
2453236.47899 -1.454 0.014 0.032 0.007 0.048 0.007 1.486 0.014 1.502 0.014 0.016 0.007


2453236.47973 -1.486 0.014 0.003 0.007 0.003 0.007 1.489 0.014 1.489 0.014 0.000 0.007


2453236.48049 -1.406 0.013 0.058 0.007 0.074 0.007 1.464 0.013 1.480 0.013 0.016 0.007
2453236.48086 99.999 9.999 -0.029 0.007 0.041 0.007 99.999 9.999 99.999 9.999 0.070 0.007
2453236.48123 -1.512 0.014 -0.020 0.007 99.999 9.999 1.492 0.014 99.999 9.999 99.999 9.999
2453236.48161 -1.402 0.013 0.060 0.007 0.080 0.007 1.462 0.013 1.482 0.013 0.020 0.007
2453236.48198 -1.420 0.013 0.064 0.007 0.055 0.007 1.484 0.013 1.475 0.013 -0.009 0.007
2453236.48235 -1.494 0.014 -0.002 0.007 99.999 9.999 1.492 0.014 99.999 9.999 99.999 9.999
2453236.48272 -1.422 0.013 0.039 0.007 0.077 0.007 1.461 0.013 1.499 0.013 0.038 0.007
2453236.48310 99.999 9.999 99.999 9.999 0.084 0.007 99.999 9.999 99.999 9.999 99.999 9.999


2453236.48384 -1.465 0.014 0.017 0.007 0.043 0.007 1.482 0.014 1.508 0.014 0.026 0.007
2453236.48421 99.999 9.999 99.999 9.999 0.057 0.007 99.999 9.999 99.999 9.999 99.999 9.999


2453236.48497 -1.413 0.013 0.054 0.007 0.067 0.007 1.467 0.013 1.480 0.013 0.013 0.007
2453236.48534 -1.456 0.014 0.053 0.007 0.049 0.007 1.509 0.014 1.505 0.014 -0.004 0.007
2453236.48571 -1.429 0.013 0.020 0.007 0.048 0.007 1.449 0.013 1.477 0.013 0.028 0.007
2453236.48609 -1.433 0.013 0.037 0.007 0.060 0.007 1.470 0.013 1.493 0.013 0.023 0.007
2453236.48646 -1.443 0.013 0.051 0.007 0.043 0.007 1.494 0.013 1.486 0.013 -0.008 0.007
2453236.48683 -1.411 0.013 0.041 0.007 0.083 0.007 1.452 0.013 1.494 0.013 0.042 0.007
2453236.48720 -1.433 0.013 0.012 0.007 0.059 0.007 1.445 0.013 1.492 0.013 0.047 0.007
2453236.48758 99.999 9.999 99.999 9.999 0.070 0.007 99.999 9.999 99.999 9.999 99.999 9.999


2453236.48832 -1.381 0.013 0.066 0.007 0.094 0.007 1.447 0.013 1.475 0.013 0.028 0.007
2453236.48869 -1.444 0.013 0.033 0.007 0.054 0.007 1.477 0.013 1.498 0.013 0.021 0.007
2453236.48907 -1.482 0.014 0.000 0.007 0.025 0.007 1.482 0.014 1.507 0.014 0.025 0.007
2453236.48944 -1.471 0.013 -0.007 0.007 0.040 0.007 1.464 0.013 1.511 0.013 0.047 0.007
2453236.48981 -1.459 0.013 0.005 0.007 0.039 0.007 1.464 0.013 1.498 0.013 0.034 0.007
2453236.49019 -1.457 0.014 0.014 0.007 0.056 0.007 1.471 0.014 1.513 0.014 0.042 0.007
2453236.49057 -1.415 0.013 0.066 0.007 0.072 0.007 1.481 0.013 1.487 0.013 0.006 0.007
2453236.49094 -1.458 0.014 0.017 0.007 0.065 0.007 1.475 0.014 1.523 0.014 0.048 0.007
2453236.49131 -1.415 0.014 0.034 0.008 0.085 0.008 1.449 0.014 1.500 0.014 0.051 0.008
2453236.49168 -1.437 0.013 0.026 0.007 0.073 0.007 1.463 0.013 1.510 0.013 0.047 0.007
2453236.49206 -1.378 0.013 0.073 0.007 0.087 0.007 1.451 0.013 1.465 0.013 0.014 0.007
2453236.49243 -1.431 0.013 99.999 9.999 0.060 0.007 99.999 9.999 1.491 0.013 99.999 9.999
2453236.49280 -1.400 0.013 0.056 0.007 0.076 0.007 1.456 0.013 1.476 0.013 0.020 0.007
2453236.49317 -1.393 0.013 0.056 0.007 0.061 0.007 1.449 0.013 1.454 0.013 0.005 0.007
2453236.49355 -1.426 0.013 0.039 0.007 0.039 0.007 1.465 0.013 1.465 0.013 0.000 0.007
2453236.49392 -1.424 0.013 0.042 0.007 0.048 0.007 1.466 0.013 1.472 0.013 0.006 0.007


2453236.49466 -1.465 0.013 0.025 0.007 0.072 0.007 1.490 0.013 1.537 0.013 0.047 0.007
2453236.49505 -1.462 0.013 0.025 0.007 0.063 0.007 1.487 0.013 1.525 0.013 0.038 0.007
2453236.49542 -1.432 0.013 0.047 0.007 0.044 0.007 1.479 0.013 1.476 0.013 -0.003 0.007


2453236.49616 -1.444 0.013 0.016 0.007 0.060 0.007 1.460 0.013 1.504 0.013 0.044 0.007
2453236.49654 -1.405 0.013 0.056 0.007 0.056 0.007 1.461 0.013 1.461 0.013 0.000 0.007
2453236.49691 -1.437 0.013 0.044 0.007 0.043 0.007 1.481 0.013 1.480 0.013 -0.001 0.007
2453236.49728 99.999 9.999 0.002 0.007 99.999 9.999 99.999 9.999 99.999 9.999 99.999 9.999


2453236.49803 -1.464 0.013 -0.009 0.007 0.028 0.007 1.455 0.013 1.492 0.013 0.037 0.007
2453236.49840 -1.514 0.014 -0.033 0.007 0.011 0.007 1.481 0.014 1.525 0.014 0.044 0.007
2453236.49877 -1.476 0.013 -0.007 0.007 0.014 0.007 1.469 0.013 1.490 0.013 0.021 0.007
2453236.49914 -1.493 0.013 -0.025 0.007 0.009 0.007 1.468 0.013 1.502 0.013 0.034 0.007
2453236.49953 -1.435 0.013 -0.003 0.007 -0.009 0.007 1.432 0.013 1.426 0.013 -0.006 0.007


2453236.50027 -1.525 0.014 -0.049 0.007 -0.030 0.007 1.476 0.014 1.495 0.014 0.019 0.007
2453236.50065 -1.503 0.014 -0.019 0.007 0.001 0.007 1.484 0.014 1.504 0.014 0.020 0.007
2453236.50102 -1.493 0.013 -0.019 0.007 -0.014 0.007 1.474 0.013 1.479 0.013 0.005 0.007
2453236.50139 -1.577 0.014 -0.106 0.007 99.999 9.999 1.471 0.014 99.999 9.999 99.999 9.999
2453236.50176 -1.552 0.013 -0.081 0.007 -0.050 0.007 1.471 0.013 1.502 0.013 0.031 0.007


2453236.50251 -1.536 0.013 -0.072 0.007 -0.057 0.007 1.464 0.013 1.479 0.013 0.015 0.007
2453236.50288 -1.604 0.014 -0.140 0.007 -0.077 0.007 1.464 0.014 1.527 0.014 0.063 0.007
2453236.50325 -1.546 0.013 -0.069 0.007 -0.061 0.007 1.477 0.013 1.485 0.013 0.008 0.007
2453236.50363 -1.560 0.013 -0.087 0.007 -0.085 0.007 1.473 0.013 1.475 0.013 0.002 0.007
2453236.50400 -1.603 0.014 99.999 9.999 -0.080 0.007 99.999 9.999 1.523 0.014 99.999 9.999
2453236.50438 -1.601 0.013 99.999 9.999 -0.081 0.007 99.999 9.999 1.520 0.013 99.999 9.999
2453236.50475 -1.558 0.013 -0.090 0.007 -0.097 0.007 1.468 0.013 1.461 0.013 -0.007 0.007
2453236.50513 -1.616 0.014 -0.144 0.007 -0.115 0.007 1.472 0.014 1.501 0.014 0.029 0.007
2453236.50550 -1.592 0.013 -0.126 0.007 -0.097 0.007 1.466 0.013 1.495 0.013 0.029 0.007
2453236.50587 -1.633 0.014 -0.162 0.007 -0.108 0.007 1.471 0.014 1.525 0.014 0.054 0.007
2453236.50624 -1.594 0.013 -0.130 0.007 -0.139 0.007 1.464 0.013 1.455 0.013 -0.009 0.007
2453236.50662 -1.667 0.014 -0.206 0.007 -0.148 0.007 1.461 0.014 1.519 0.014 0.058 0.007


2453236.50736 -1.669 0.014 -0.207 0.007 -0.160 0.007 1.462 0.014 1.509 0.014 0.047 0.007
2453236.50773 -1.656 0.013 -0.227 0.007 -0.172 0.007 1.429 0.013 1.484 0.013 0.055 0.007
2453236.50811 -1.626 0.013 -0.160 0.007 -0.137 0.007 1.466 0.013 1.489 0.013 0.023 0.007
2453236.50848 -1.678 0.013 -0.218 0.007 -0.176 0.007 1.460 0.013 1.502 0.013 0.042 0.007
2453236.50885 -1.706 0.014 -0.226 0.007 -0.179 0.007 1.480 0.014 1.527 0.014 0.047 0.007
2453236.50922 -1.650 0.013 99.999 9.999 -0.177 0.007 99.999 9.999 1.473 0.013 99.999 9.999
2453236.50961 -1.744 0.014 99.999 9.999 -0.192 0.007 99.999 9.999 1.552 0.014 99.999 9.999
2453236.50998 -1.659 0.013 -0.215 0.007 -0.205 0.007 1.444 0.013 1.454 0.013 0.010 0.007
2453236.51035 -1.669 0.013 -0.198 0.007 -0.173 0.007 1.471 0.013 1.496 0.013 0.025 0.007
2453236.51072 -1.688 0.013 -0.209 0.007 -0.218 0.007 1.479 0.013 1.470 0.013 -0.009 0.007
2453236.51110 -1.673 0.013 -0.208 0.007 -0.197 0.007 1.465 0.013 1.476 0.013 0.011 0.007
2453236.51147 -1.658 0.013 -0.200 0.007 -0.194 0.007 1.458 0.013 1.464 0.013 0.006 0.007
2453236.51184 -1.711 0.013 -0.267 0.007 -0.220 0.007 1.444 0.013 1.491 0.013 0.047 0.007
2453236.51221 -1.731 0.014 -0.249 0.007 -0.226 0.007 1.482 0.014 1.505 0.014 0.023 0.007


2453236.51296 -1.725 0.014 99.999 9.999 -0.240 0.006 99.999 9.999 1.485 0.014 99.999 9.999
2453236.51333 -1.710 0.013 -0.238 0.007 -0.239 0.007 1.472 0.013 1.471 0.013 -0.001 0.007
2453236.51370 -1.708 0.013 -0.262 0.006 -0.257 0.006 1.446 0.013 1.451 0.013 0.005 0.007
2453236.51409 -1.770 0.014 -0.300 0.006 -0.252 0.006 1.470 0.014 1.518 0.014 0.048 0.007
2453236.51446 -1.781 0.014 -0.308 0.006 -0.248 0.006 1.473 0.014 1.533 0.014 0.060 0.007
2453236.51483 -1.806 0.014 -0.325 0.006 99.999 9.999 1.481 0.014 99.999 9.999 99.999 9.999
2453236.51520 -1.761 0.014 -0.271 0.006 -0.274 0.006 1.490 0.014 1.487 0.014 -0.003 0.007
2453236.51558 -1.767 0.013 -0.286 0.006 -0.272 0.006 1.481 0.013 1.495 0.013 0.014 0.007
2453236.51595 -1.805 0.014 -0.310 0.006 -0.284 0.006 1.495 0.014 1.521 0.014 0.026 0.007


2453236.51669 -1.754 0.013 -0.281 0.006 -0.275 0.006 1.473 0.013 1.479 0.013 0.006 0.007
2453236.51707 -1.781 0.013 -0.312 0.006 -0.310 0.006 1.469 0.013 1.471 0.013 0.002 0.007
2453236.51744 -1.803 0.013 -0.340 0.006 -0.318 0.006 1.463 0.013 1.485 0.013 0.022 0.007
2453236.51781 -1.807 0.014 -0.351 0.006 -0.318 0.006 1.456 0.014 1.489 0.014 0.033 0.007
2453236.51818 -1.859 0.014 -0.333 0.006 -0.317 0.006 1.526 0.014 1.542 0.014 0.016 0.007
2453236.51856 -1.805 0.014 -0.350 0.006 99.999 9.999 1.455 0.014 99.999 9.999 99.999 9.999
2453236.51894 -1.810 0.013 -0.332 0.006 -0.328 0.006 1.478 0.013 1.482 0.013 0.004 0.007
2453236.51931 -1.993 0.013 -0.527 0.006 -0.489 0.006 1.466 0.013 1.504 0.013 0.038 0.007
2453236.51969 -1.749 0.013 99.999 9.999 -0.292 0.006 99.999 9.999 1.457 0.013 99.999 9.999
2453236.52006 -1.788 0.013 -0.325 0.006 -0.294 0.006 1.463 0.013 1.494 0.013 0.031 0.007
2453236.52043 -1.840 0.013 -0.361 0.006 -0.340 0.006 1.479 0.013 1.500 0.013 0.021 0.007
2453236.52080 -1.827 0.013 -0.384 0.006 -0.334 0.006 1.443 0.013 1.493 0.013 0.050 0.007
2453236.52118 -1.840 0.013 -0.392 0.006 -0.344 0.006 1.448 0.013 1.496 0.013 0.048 0.007


2453236.52192 -1.801 0.013 -0.330 0.006 -0.322 0.006 1.471 0.013 1.479 0.013 0.008 0.007
2453236.52229 -1.835 0.013 -0.361 0.006 -0.341 0.006 1.474 0.013 1.494 0.013 0.020 0.007
2453236.52267 -1.813 0.013 -0.347 0.006 -0.321 0.006 1.466 0.013 1.492 0.013 0.026 0.007
2453236.52304 -1.873 0.013 -0.405 0.006 -0.364 0.006 1.468 0.013 1.509 0.013 0.041 0.007
2453236.52341 -1.876 0.014 -0.394 0.006 -0.356 0.006 1.482 0.014 1.520 0.014 0.038 0.007
2453236.52378 -1.793 0.013 -0.369 0.006 -0.336 0.006 1.424 0.013 1.457 0.013 0.033 0.007
2453236.52417 -1.851 0.013 -0.409 0.006 -0.372 0.006 1.442 0.013 1.479 0.013 0.037 0.007
2453236.52454 -1.876 0.014 -0.407 0.006 -0.401 0.006 1.469 0.014 1.475 0.014 0.006 0.007
2453236.52491 99.999 9.999 99.999 9.999 -0.346 0.006 99.999 9.999 99.999 9.999 99.999 9.999
2453236.52528 -1.890 0.013 -0.425 0.006 -0.399 0.006 1.465 0.013 1.491 0.013 0.026 0.007
2453236.52566 -1.883 0.013 -0.427 0.006 -0.406 0.006 1.456 0.013 1.477 0.013 0.021 0.007
2453236.52603 -1.833 0.013 -0.352 0.006 -0.349 0.006 1.481 0.013 1.484 0.013 0.003 0.007
2453236.52640 -1.832 0.013 -0.403 0.006 -0.365 0.006 1.429 0.013 1.467 0.013 0.038 0.007
2453236.52677 -1.882 0.013 -0.393 0.006 -0.388 0.006 1.489 0.013 1.494 0.013 0.005 0.007


2453236.52752 -1.876 0.013 -0.407 0.006 -0.394 0.006 1.469 0.013 1.482 0.013 0.013 0.007
2453236.52789 -1.857 0.013 -0.395 0.006 -0.383 0.006 1.462 0.013 1.474 0.013 0.012 0.007
2453236.52826 -1.910 0.014 -0.425 0.006 -0.406 0.006 1.485 0.014 1.504 0.014 0.019 0.007
2453236.52865 -1.886 0.014 -0.406 0.006 -0.392 0.006 1.480 0.014 1.494 0.014 0.014 0.007
2453236.52902 -1.875 0.013 -0.384 0.006 -0.376 0.006 1.491 0.013 1.499 0.013 0.008 0.007
2453236.52939 -1.909 0.013 -0.443 0.006 -0.422 0.006 1.466 0.013 1.487 0.013 0.021 0.007


2453236.53014 -1.895 0.013 -0.450 0.006 -0.414 0.006 1.445 0.013 1.481 0.013 0.036 0.007
2453236.53051 99.999 9.999 99.999 9.999 -0.371 0.006 99.999 9.999 99.999 9.999 99.999 9.999
2453236.53088 -1.865 0.013 -0.427 0.006 -0.405 0.006 1.438 0.013 1.460 0.013 0.022 0.007
2453236.53125 -1.927 0.014 -0.430 0.006 -0.418 0.006 1.497 0.014 1.509 0.014 0.012 0.007


2453236.53200 -1.860 0.013 -0.401 0.006 -0.367 0.006 1.459 0.013 1.493 0.013 0.034 0.007
2453236.53237 99.999 9.999 99.999 9.999 -0.386 0.006 99.999 9.999 99.999 9.999 99.999 9.999
2453236.53275 -1.856 0.013 -0.424 0.006 -0.391 0.006 1.432 0.013 1.465 0.013 0.033 0.007
2453236.53313 -1.907 0.013 -0.453 0.006 -0.413 0.006 1.454 0.013 1.494 0.013 0.040 0.007




2453236.53425 99.999 9.999 -0.477 0.006 -0.454 0.006 99.999 9.999 99.999 9.999 0.023 0.007


2453236.53499 -1.907 0.013 -0.425 0.006 -0.412 0.006 1.482 0.013 1.495 0.013 0.013 0.007
2453236.53536 -1.926 0.014 -0.457 0.006 99.999 9.999 1.469 0.014 99.999 9.999 99.999 9.999
2453236.53574 -1.954 0.014 -0.474 0.006 -0.463 0.006 1.480 0.014 1.491 0.014 0.011 0.007
2453236.53611 -1.972 0.014 -0.488 0.006 -0.463 0.006 1.484 0.014 1.509 0.014 0.025 0.007
2453236.53648 -1.923 0.014 -0.434 0.006 -0.433 0.006 1.489 0.014 1.490 0.014 0.001 0.007
2453236.53685 -1.881 0.013 -0.459 0.006 -0.406 0.006 1.422 0.013 1.475 0.013 0.053 0.007
2453236.53723 -1.882 0.013 99.999 9.999 -0.401 0.006 99.999 9.999 1.481 0.013 99.999 9.999
2453236.53760 -1.929 0.013 -0.472 0.006 -0.431 0.006 1.457 0.013 1.498 0.013 0.041 0.007
2453236.53797 -1.878 0.013 -0.455 0.006 -0.426 0.006 1.423 0.013 1.452 0.013 0.029 0.007
2453236.53834 -1.898 0.014 -0.452 0.006 99.999 9.999 1.446 0.014 99.999 9.999 99.999 9.999
2453236.53873 -1.970 0.014 -0.461 0.006 -0.447 0.006 1.509 0.014 1.523 0.014 0.014 0.007
2453236.53910 -1.927 0.013 -0.447 0.006 -0.441 0.006 1.480 0.013 1.486 0.013 0.006 0.007
2453236.53947 -1.933 0.014 -0.462 0.006 -0.437 0.006 1.471 0.014 1.496 0.014 0.025 0.007
2453236.53984 -1.961 0.014 -0.492 0.006 -0.459 0.006 1.469 0.014 1.502 0.014 0.033 0.007


2453236.54059 -1.932 0.013 -0.490 0.006 -0.451 0.006 1.442 0.013 1.481 0.013 0.039 0.007
2453236.54096 99.999 9.999 99.999 9.999 -0.433 0.006 99.999 9.999 99.999 9.999 99.999 9.999
2453236.54133 -1.941 0.013 -0.489 0.006 99.999 9.999 1.452 0.013 99.999 9.999 99.999 9.999
2453236.54171 -1.922 0.013 -0.463 0.006 -0.437 0.006 1.459 0.013 1.485 0.013 0.026 0.007


2453236.54245 -1.927 0.014 -0.482 0.006 -0.447 0.006 1.445 0.014 1.480 0.014 0.035 0.007
2453236.54282 99.999 9.999 99.999 9.999 -0.449 0.006 99.999 9.999 99.999 9.999 99.999 9.999


2453236.54358 -1.959 0.014 -0.482 0.006 -0.447 0.006 1.477 0.014 1.512 0.014 0.035 0.007


2453236.54432 -1.993 0.014 -0.520 0.006 -0.500 0.006 1.473 0.014 1.493 0.014 0.020 0.007
2453236.54470 99.999 9.999 99.999 9.999 -0.456 0.006 99.999 9.999 99.999 9.999 99.999 9.999
2453236.54507 -2.018 0.014 -0.502 0.006 -0.492 0.006 1.516 0.014 1.526 0.014 0.010 0.007
2453236.54544 -1.946 0.014 -0.495 0.006 -0.464 0.006 1.451 0.014 1.482 0.014 0.031 0.007
2453236.54581 -1.930 0.013 -0.508 0.006 99.999 9.999 1.422 0.013 99.999 9.999 99.999 9.999
2453236.54619 -1.932 0.013 -0.490 0.006 -0.472 0.006 1.442 0.013 1.460 0.013 0.018 0.007
2453236.54656 -1.966 0.014 -0.499 0.006 -0.487 0.006 1.467 0.014 1.479 0.014 0.012 0.007
2453236.54693 -1.955 0.014 -0.507 0.006 99.999 9.999 1.448 0.014 99.999 9.999 99.999 9.999
2453236.54730 -1.985 0.014 -0.511 0.006 -0.504 0.006 1.474 0.014 1.481 0.014 0.007 0.007
2453236.54769 -1.956 0.014 -0.516 0.006 -0.477 0.006 1.440 0.014 1.479 0.014 0.039 0.007
2453236.54806 -1.964 0.014 -0.503 0.006 -0.460 0.006 1.461 0.014 1.504 0.014 0.043 0.007
2453236.54843 -1.955 0.014 -0.524 0.006 -0.495 0.006 1.431 0.014 1.460 0.014 0.029 0.007
2453236.54880 -2.007 0.014 -0.555 0.006 -0.530 0.006 1.452 0.014 1.477 0.014 0.025 0.007
2453236.54918 -1.920 0.013 -0.496 0.006 -0.458 0.006 1.424 0.013 1.462 0.013 0.038 0.007
2453236.54955 -1.959 0.014 -0.510 0.006 -0.474 0.006 1.449 0.014 1.485 0.014 0.036 0.007
2453236.54992 -1.949 0.013 -0.487 0.006 -0.460 0.006 1.462 0.013 1.489 0.013 0.027 0.007
2453236.55029 -2.007 0.014 -0.536 0.006 -0.509 0.006 1.471 0.014 1.498 0.014 0.027 0.007
2453236.55067 -1.979 0.014 -0.521 0.006 -0.522 0.006 1.458 0.014 1.457 0.014 -0.001 0.007
2453236.55104 -2.002 0.014 -0.522 0.006 -0.494 0.006 1.480 0.014 1.508 0.014 0.028 0.007
2453236.55141 99.999 9.999 -0.549 0.006 -0.502 0.006 99.999 9.999 99.999 9.999 0.047 0.007
2453236.55178 -1.997 0.014 -0.541 0.006 -0.498 0.006 1.456 0.014 1.499 0.014 0.043 0.007
2453236.55216 -1.998 0.014 -0.532 0.006 -0.493 0.006 1.466 0.014 1.505 0.014 0.039 0.007
2453236.55253 -1.981 0.014 -0.511 0.006 -0.490 0.006 1.470 0.014 1.491 0.014 0.021 0.007
2453236.55291 -1.987 0.014 -0.552 0.006 -0.512 0.006 1.435 0.014 1.475 0.014 0.040 0.007
2453236.55328 -1.989 0.014 -0.524 0.006 -0.505 0.006 1.465 0.014 1.484 0.014 0.019 0.007
2453236.55366 -1.986 0.014 -0.524 0.006 -0.502 0.006 1.462 0.014 1.484 0.014 0.022 0.007
2453236.55403 -1.964 0.014 -0.508 0.006 -0.474 0.006 1.456 0.014 1.490 0.014 0.034 0.007


2453236.55477 -2.015 0.014 -0.545 0.006 -0.532 0.006 1.470 0.014 1.483 0.014 0.013 0.007
2453236.55515 -1.984 0.014 -0.563 0.006 -0.525 0.006 1.421 0.014 1.459 0.014 0.038 0.007
2453236.55552 -1.983 0.014 -0.550 0.006 -0.489 0.006 1.433 0.014 1.494 0.014 0.061 0.007
2453236.55589 -1.972 0.014 -0.519 0.006 -0.498 0.006 1.453 0.014 1.474 0.014 0.021 0.007
2453236.55627 -2.029 0.014 -0.557 0.006 -0.544 0.006 1.472 0.014 1.485 0.014 0.013 0.007
2453236.55664 -1.996 0.014 -0.534 0.006 -0.522 0.006 1.462 0.014 1.474 0.014 0.012 0.007
2453236.55701 -2.018 0.014 -0.556 0.006 -0.508 0.006 1.462 0.014 1.510 0.014 0.048 0.007
2453236.55738 -1.999 0.014 -0.551 0.006 -0.519 0.006 1.448 0.014 1.480 0.014 0.032 0.007
2453236.55777 -1.974 0.014 -0.525 0.006 -0.493 0.006 1.449 0.014 1.481 0.014 0.032 0.007
2453236.55814 -2.004 0.014 -0.526 0.006 99.999 9.999 1.478 0.014 99.999 9.999 99.999 9.999
2453236.55851 -2.005 0.014 -0.536 0.006 -0.502 0.006 1.469 0.014 1.503 0.014 0.034 0.007
2453236.55888 -2.029 0.014 -0.535 0.006 -0.497 0.006 1.494 0.014 1.532 0.014 0.038 0.007
2453236.55926 -1.996 0.014 -0.548 0.006 -0.508 0.006 1.448 0.014 1.488 0.014 0.040 0.007
2453236.55963 -1.978 0.014 -0.517 0.006 -0.482 0.006 1.461 0.014 1.496 0.014 0.035 0.007
2453236.56000 -1.973 0.014 -0.533 0.006 -0.488 0.006 1.440 0.014 1.485 0.014 0.045 0.007
2453236.56037 -2.005 0.014 -0.523 0.006 -0.498 0.006 1.482 0.014 1.507 0.014 0.025 0.007
2453236.56075 -1.965 0.014 -0.525 0.006 -0.493 0.006 1.440 0.014 1.472 0.014 0.032 0.007
2453236.56112 -2.008 0.014 -0.531 0.006 -0.507 0.006 1.477 0.014 1.501 0.014 0.024 0.007
2453236.56149 -2.035 0.014 -0.545 0.006 -0.528 0.006 1.490 0.014 1.507 0.014 0.017 0.007
2453236.56188 -1.980 0.014 -0.555 0.006 -0.528 0.006 1.425 0.014 1.452 0.014 0.027 0.007
2453236.56225 -2.000 0.014 -0.534 0.006 -0.514 0.006 1.466 0.014 1.486 0.014 0.020 0.007
2453236.56262 -1.979 0.014 -0.517 0.006 -0.511 0.006 1.462 0.014 1.468 0.014 0.006 0.007
2453236.56299 -1.976 0.014 -0.550 0.006 -0.500 0.006 1.426 0.014 1.476 0.014 0.050 0.007
2453236.56337 -2.012 0.014 -0.548 0.006 -0.544 0.006 1.464 0.014 1.468 0.014 0.004 0.007
2453236.56374 -1.991 0.014 -0.536 0.006 -0.518 0.006 1.455 0.014 1.473 0.014 0.018 0.007
2453236.56411 -2.008 0.014 -0.513 0.006 -0.496 0.006 1.495 0.014 1.512 0.014 0.017 0.007
2453236.56448 -1.966 0.014 -0.537 0.006 -0.489 0.006 1.429 0.014 1.477 0.014 0.048 0.007
2453236.56486 -1.971 0.014 -0.521 0.006 -0.506 0.006 1.450 0.014 1.465 0.014 0.015 0.007


2453236.56560 -1.983 0.014 -0.518 0.006 -0.488 0.006 1.465 0.014 1.495 0.014 0.030 0.007
2453236.56597 -1.982 0.014 -0.521 0.006 -0.496 0.006 1.461 0.014 1.486 0.014 0.025 0.007
2453236.56635 -1.975 0.014 -0.543 0.006 -0.493 0.006 1.432 0.014 1.482 0.014 0.050 0.007
2453236.56672 -2.014 0.014 -0.563 0.006 -0.523 0.006 1.451 0.014 1.491 0.014 0.040 0.007
2453236.56709 -2.019 0.014 -0.541 0.006 -0.497 0.006 1.478 0.014 1.522 0.014 0.044 0.007
2453236.56747 -1.981 0.014 -0.500 0.006 -0.474 0.006 1.481 0.014 1.507 0.014 0.026 0.007
