JD V-C s1 V-C1 s2 V-C2 s3 C-C1 s4 C-C2 s5 C1-C2 s6
Aperture: 2.00, Filter: V
2453265.25031 99.999 9.999 0.470 0.008 0.657 0.007 99.999 9.999 99.999 9.999 0.187 0.006
2453265.25068 99.999 9.999 0.436 0.008 0.650 0.007 99.999 9.999 99.999 9.999 0.214 0.006




2453265.25181 99.999 9.999 0.478 0.008 0.663 0.007 99.999 9.999 99.999 9.999 0.185 0.006


2453265.25256 99.999 9.999 0.512 0.008 0.684 0.007 99.999 9.999 99.999 9.999 0.172 0.006
2453265.25293 99.999 9.999 0.449 0.008 99.999 9.999 99.999 9.999 99.999 9.999 99.999 9.999
2453265.25331 0.305 0.008 0.455 0.008 0.670 0.007 0.150 0.007 0.365 0.006 0.215 0.006


2453265.25405 0.295 0.008 0.543 0.008 99.999 9.999 0.248 0.007 99.999 9.999 99.999 9.999
2453265.25443 0.301 0.008 99.999 9.999 0.632 0.007 99.999 9.999 0.331 0.006 99.999 9.999
2453265.25480 99.999 9.999 0.459 0.008 0.677 0.007 99.999 9.999 99.999 9.999 0.218 0.006
2453265.25517 99.999 9.999 0.463 0.008 0.655 0.007 99.999 9.999 99.999 9.999 0.192 0.006


2453265.25593 0.305 0.008 0.531 0.008 0.702 0.007 0.226 0.007 0.397 0.006 0.171 0.006
2453265.25630 99.999 9.999 0.477 0.008 0.685 0.007 99.999 9.999 99.999 9.999 0.208 0.006
2453265.25668 0.321 0.008 99.999 9.999 0.676 0.007 99.999 9.999 0.355 0.006 99.999 9.999
2453265.25705 0.312 0.008 0.479 0.008 0.653 0.007 0.167 0.007 0.341 0.006 0.174 0.006
2453265.25742 99.999 9.999 0.460 0.008 0.667 0.007 99.999 9.999 99.999 9.999 0.207 0.006


2453265.25817 0.339 0.008 99.999 9.999 0.668 0.007 99.999 9.999 0.329 0.006 99.999 9.999
2453265.25854 0.349 0.008 0.506 0.008 99.999 9.999 0.157 0.007 99.999 9.999 99.999 9.999
2453265.25891 0.304 0.008 0.468 0.008 0.644 0.007 0.164 0.007 0.340 0.006 0.176 0.006


2453265.25966 99.999 9.999 0.461 0.008 0.653 0.007 99.999 9.999 99.999 9.999 0.192 0.006
2453265.26003 0.347 0.008 99.999 9.999 0.666 0.007 99.999 9.999 0.319 0.006 99.999 9.999
2453265.26042 0.302 0.008 99.999 9.999 0.687 0.007 99.999 9.999 0.385 0.006 99.999 9.999
2453265.26079 0.304 0.008 0.513 0.007 99.999 9.999 0.209 0.006 99.999 9.999 99.999 9.999


2453265.26154 0.292 0.008 0.520 0.008 0.691 0.007 0.228 0.007 0.399 0.006 0.171 0.006
2453265.26191 0.304 0.008 0.566 0.007 99.999 9.999 0.262 0.006 99.999 9.999 99.999 9.999


2453265.26266 99.999 9.999 0.427 0.008 0.655 0.007 99.999 9.999 99.999 9.999 0.228 0.006
2453265.26303 0.284 0.008 0.479 0.008 0.649 0.007 0.195 0.007 0.365 0.006 0.170 0.006
2453265.26340 0.309 0.008 99.999 9.999 0.684 0.007 99.999 9.999 0.375 0.006 99.999 9.999
2453265.26378 99.999 9.999 0.505 0.007 0.670 0.007 99.999 9.999 99.999 9.999 0.165 0.006
2453265.26416 0.306 0.008 0.467 0.008 0.656 0.007 0.161 0.007 0.350 0.006 0.189 0.006
2453265.26453 0.403 0.008 99.999 9.999 0.647 0.007 99.999 9.999 0.244 0.006 99.999 9.999
2453265.26491 99.999 9.999 0.415 0.008 0.652 0.007 99.999 9.999 99.999 9.999 0.237 0.006


2453265.26565 0.275 0.008 0.419 0.008 0.627 0.007 0.144 0.007 0.352 0.006 0.208 0.006
2453265.26603 99.999 9.999 0.448 0.007 0.658 0.007 99.999 9.999 99.999 9.999 0.210 0.006
2453265.26640 0.289 0.008 0.518 0.007 99.999 9.999 0.229 0.006 99.999 9.999 99.999 9.999


2453265.26715 99.999 9.999 0.421 0.008 0.663 0.007 99.999 9.999 99.999 9.999 0.242 0.006


2453265.26789 0.282 0.008 99.999 9.999 0.626 0.007 99.999 9.999 0.344 0.006 99.999 9.999
2453265.26826 99.999 9.999 0.473 0.008 99.999 9.999 99.999 9.999 99.999 9.999 99.999 9.999


2453265.26902 99.999 9.999 0.454 0.008 0.634 0.007 99.999 9.999 99.999 9.999 0.180 0.006
2453265.26939 0.322 0.008 0.484 0.008 0.641 0.007 0.162 0.007 0.319 0.006 0.157 0.006
2453265.26977 0.280 0.008 0.418 0.008 0.623 0.007 0.138 0.007 0.343 0.006 0.205 0.006
2453265.27014 0.313 0.008 0.476 0.008 0.647 0.007 0.163 0.007 0.334 0.006 0.171 0.006
2453265.27051 0.304 0.008 0.505 0.007 99.999 9.999 0.201 0.006 99.999 9.999 99.999 9.999
2453265.27089 0.325 0.008 99.999 9.999 0.664 0.007 99.999 9.999 0.339 0.006 99.999 9.999
2453265.27126 0.314 0.008 0.475 0.008 0.643 0.007 0.161 0.007 0.329 0.006 0.168 0.006
2453265.27163 0.289 0.008 0.516 0.007 99.999 9.999 0.227 0.006 99.999 9.999 99.999 9.999
2453265.27201 0.259 0.008 99.999 9.999 0.653 0.007 99.999 9.999 0.394 0.006 99.999 9.999
2453265.27238 0.295 0.008 0.550 0.007 99.999 9.999 0.255 0.006 99.999 9.999 99.999 9.999
2453265.27275 0.303 0.008 0.462 0.008 0.656 0.007 0.159 0.007 0.353 0.006 0.194 0.006


2453265.27351 0.305 0.008 0.499 0.008 0.638 0.007 0.194 0.007 0.333 0.006 0.139 0.006
2453265.27388 0.322 0.008 99.999 9.999 0.689 0.007 99.999 9.999 0.367 0.006 99.999 9.999


2453265.27463 99.999 9.999 0.470 0.008 0.665 0.007 99.999 9.999 99.999 9.999 0.195 0.006




2453265.27575 0.283 0.008 0.485 0.008 99.999 9.999 0.202 0.007 99.999 9.999 99.999 9.999
2453265.27612 0.303 0.008 0.475 0.008 0.658 0.007 0.172 0.007 0.355 0.006 0.183 0.006
2453265.27649 0.290 0.008 0.454 0.008 0.655 0.007 0.164 0.007 0.365 0.006 0.201 0.006
2453265.27688 0.286 0.008 0.509 0.007 99.999 9.999 0.223 0.006 99.999 9.999 99.999 9.999


2453265.27762 0.317 0.008 0.479 0.008 0.690 0.007 0.162 0.007 0.373 0.006 0.211 0.006
2453265.27799 0.295 0.008 0.510 0.008 99.999 9.999 0.215 0.007 99.999 9.999 99.999 9.999


2453265.27874 0.324 0.008 0.498 0.008 0.679 0.007 0.174 0.007 0.355 0.006 0.181 0.006
2453265.27911 0.341 0.008 0.488 0.008 0.694 0.007 0.147 0.007 0.353 0.006 0.206 0.006


2453265.27986 0.341 0.008 99.999 9.999 0.676 0.007 99.999 9.999 0.335 0.006 99.999 9.999
2453265.28023 99.999 9.999 0.479 0.008 0.695 0.007 99.999 9.999 99.999 9.999 0.216 0.006
2453265.28061 99.999 9.999 0.486 0.009 0.691 0.009 99.999 9.999 99.999 9.999 0.205 0.007
2453265.28098 0.316 0.011 99.999 9.999 0.677 0.010 99.999 9.999 0.361 0.009 99.999 9.999
2453265.28135 99.999 9.999 0.491 0.009 0.649 0.009 99.999 9.999 99.999 9.999 0.158 0.007


2453265.28211 0.322 0.010 0.521 0.010 0.698 0.009 0.199 0.008 0.376 0.008 0.177 0.008
2453265.28249 99.999 9.999 0.479 0.009 0.688 0.009 99.999 9.999 99.999 9.999 0.209 0.007
2453265.28286 0.350 0.008 99.999 9.999 0.711 0.007 99.999 9.999 0.361 0.006 99.999 9.999
2453265.28323 0.328 0.008 0.487 0.008 0.704 0.007 0.159 0.007 0.376 0.006 0.217 0.006
2453265.28360 99.999 9.999 0.508 0.008 0.709 0.007 99.999 9.999 99.999 9.999 0.201 0.006
2453265.28398 0.323 0.009 0.479 0.009 0.719 0.009 0.156 0.008 0.396 0.008 0.240 0.007
2453265.28435 0.338 0.009 0.535 0.009 0.691 0.009 0.197 0.007 0.353 0.007 0.156 0.007
2453265.28472 0.348 0.009 0.564 0.009 0.699 0.008 0.216 0.007 0.351 0.006 0.135 0.006


2453265.28547 99.999 9.999 0.530 0.009 0.744 0.008 99.999 9.999 99.999 9.999 0.214 0.006




2453265.28660 0.385 0.009 0.541 0.009 0.714 0.009 0.156 0.007 0.329 0.007 0.173 0.007
2453265.28697 0.371 0.009 0.517 0.009 0.730 0.008 0.146 0.007 0.359 0.006 0.213 0.006


2453265.28772 0.356 0.008 0.582 0.008 99.999 9.999 0.226 0.007 99.999 9.999 99.999 9.999


2453265.28847 0.357 0.008 0.527 0.008 0.740 0.007 0.170 0.007 0.383 0.006 0.213 0.006
2453265.28884 0.382 0.009 0.562 0.009 0.750 0.009 0.180 0.007 0.368 0.007 0.188 0.007




2453265.28997 0.359 0.010 0.557 0.010 0.735 0.009 0.198 0.008 0.376 0.008 0.178 0.008
2453265.29034 0.378 0.010 0.571 0.010 0.748 0.009 0.193 0.008 0.370 0.008 0.177 0.008


2453265.29109 99.999 9.999 0.573 0.009 0.782 0.009 99.999 9.999 99.999 9.999 0.209 0.007
2453265.29146 0.355 0.010 0.541 0.010 0.762 0.009 0.186 0.008 0.407 0.008 0.221 0.008
2453265.29183 0.362 0.011 0.530 0.010 0.745 0.009 0.168 0.009 0.383 0.009 0.215 0.008
2453265.29221 0.385 0.011 0.613 0.010 99.999 9.999 0.228 0.009 99.999 9.999 99.999 9.999
2453265.29258 0.401 0.010 0.603 0.010 0.758 0.009 0.202 0.008 0.357 0.008 0.155 0.008
2453265.29295 0.399 0.010 0.628 0.010 0.768 0.009 0.229 0.008 0.369 0.008 0.140 0.008


2453265.29370 99.999 9.999 0.555 0.009 0.758 0.009 99.999 9.999 99.999 9.999 0.203 0.007




2453265.29483 0.386 0.009 0.561 0.009 0.743 0.009 0.175 0.007 0.357 0.007 0.182 0.007
2453265.29520 0.410 0.009 0.575 0.009 0.778 0.008 0.165 0.007 0.368 0.006 0.203 0.006
2453265.29557 0.405 0.009 0.553 0.009 0.754 0.008 0.148 0.007 0.349 0.006 0.201 0.006
2453265.29595 0.376 0.009 0.609 0.009 0.784 0.008 0.233 0.007 0.408 0.006 0.175 0.006
2453265.29632 0.410 0.009 0.598 0.009 0.768 0.008 0.188 0.007 0.358 0.006 0.170 0.006
2453265.29669 0.396 0.008 0.614 0.007 0.760 0.007 0.218 0.006 0.364 0.006 0.146 0.006
2453265.29707 0.415 0.008 0.574 0.008 0.771 0.007 0.159 0.007 0.356 0.006 0.197 0.006
2453265.29744 0.370 0.009 0.562 0.009 0.768 0.008 0.192 0.007 0.398 0.006 0.206 0.006
2453265.29781 0.432 0.009 0.577 0.009 0.762 0.009 0.145 0.008 0.330 0.008 0.185 0.007
2453265.29819 0.416 0.008 0.611 0.008 0.789 0.007 0.195 0.007 0.373 0.006 0.178 0.006
2453265.29856 0.417 0.008 0.610 0.008 0.774 0.007 0.193 0.007 0.357 0.006 0.164 0.006
2453265.29894 0.407 0.009 0.599 0.009 0.777 0.009 0.192 0.008 0.370 0.008 0.178 0.007
2453265.29932 0.404 0.010 0.606 0.010 0.766 0.009 0.202 0.008 0.362 0.008 0.160 0.008
2453265.29969 0.371 0.009 0.600 0.009 0.781 0.009 0.229 0.008 0.410 0.008 0.181 0.007
2453265.30006 0.406 0.009 0.620 0.009 0.769 0.009 0.214 0.008 0.363 0.008 0.149 0.007
2453265.30043 0.405 0.009 0.586 0.009 0.778 0.009 0.181 0.008 0.373 0.008 0.192 0.007
2453265.30081 0.362 0.011 0.646 0.011 0.766 0.011 0.284 0.009 0.404 0.009 0.120 0.008
2453265.30118 0.408 0.013 0.568 0.012 0.849 0.012 0.160 0.011 0.441 0.010 0.281 0.009
2453265.30155 0.402 0.013 0.642 0.012 0.794 0.012 0.240 0.011 0.392 0.010 0.152 0.009
2453265.30193 0.408 0.011 0.633 0.011 0.766 0.011 0.225 0.009 0.358 0.009 0.133 0.008
2453265.30230 0.408 0.010 0.625 0.009 0.768 0.009 0.217 0.008 0.360 0.008 0.143 0.007
2453265.30267 0.412 0.009 0.627 0.009 0.795 0.008 0.215 0.008 0.383 0.007 0.168 0.006
2453265.30306 0.420 0.009 0.628 0.009 0.778 0.008 0.208 0.007 0.358 0.006 0.150 0.006
2453265.30343 0.416 0.009 0.588 0.009 0.788 0.008 0.172 0.007 0.372 0.006 0.200 0.006
2453265.30380 0.417 0.010 0.629 0.009 0.784 0.009 0.212 0.008 0.367 0.008 0.155 0.007
2453265.30418 0.442 0.010 0.608 0.009 0.750 0.009 0.166 0.008 0.308 0.008 0.142 0.007
2453265.30455 0.436 0.011 0.599 0.011 0.865 0.010 0.163 0.009 0.429 0.009 0.266 0.008
2453265.30492 0.394 0.009 0.610 0.009 0.821 0.009 0.216 0.008 0.427 0.008 0.211 0.007
2453265.30530 0.432 0.009 0.643 0.009 0.802 0.008 0.211 0.007 0.370 0.006 0.159 0.006
2453265.30567 0.427 0.009 0.605 0.009 0.800 0.008 0.178 0.007 0.373 0.006 0.195 0.006
2453265.30604 0.446 0.009 0.635 0.009 0.815 0.009 0.189 0.008 0.369 0.008 0.180 0.007
2453265.30642 0.440 0.010 0.610 0.010 0.785 0.009 0.170 0.008 0.345 0.008 0.175 0.008
2453265.30679 0.421 0.010 0.615 0.009 0.807 0.009 0.194 0.008 0.386 0.008 0.192 0.007
2453265.30716 0.447 0.011 0.612 0.011 0.808 0.011 0.165 0.009 0.361 0.009 0.196 0.008
2453265.30753 0.422 0.009 0.605 0.009 0.818 0.009 0.183 0.008 0.396 0.008 0.213 0.007
2453265.30792 0.440 0.010 0.648 0.009 0.791 0.009 0.208 0.008 0.351 0.008 0.143 0.007
2453265.30829 0.415 0.008 0.623 0.008 0.796 0.007 0.208 0.007 0.381 0.006 0.173 0.006
2453265.30866 0.428 0.008 0.605 0.008 0.801 0.007 0.177 0.007 0.373 0.006 0.196 0.006
2453265.30904 0.437 0.009 0.642 0.009 0.808 0.008 0.205 0.007 0.371 0.006 0.166 0.006


2453265.30978 0.434 0.008 0.638 0.008 0.820 0.007 0.204 0.007 0.386 0.006 0.182 0.006
2453265.31016 0.427 0.008 0.604 0.007 0.808 0.007 0.177 0.006 0.381 0.006 0.204 0.006
2453265.31053 0.451 0.008 0.638 0.007 0.838 0.007 0.187 0.006 0.387 0.006 0.200 0.006
2453265.31090 0.468 0.008 0.673 0.007 0.851 0.007 0.205 0.006 0.383 0.006 0.178 0.006
2453265.31128 0.477 0.008 0.662 0.007 0.819 0.007 0.185 0.006 0.342 0.006 0.157 0.006
2453265.31166 0.462 0.008 0.689 0.007 0.841 0.007 0.227 0.006 0.379 0.006 0.152 0.006
2453265.31203 0.455 0.008 0.670 0.007 0.847 0.007 0.215 0.006 0.392 0.006 0.177 0.006
2453265.31241 0.460 0.008 0.667 0.007 0.822 0.007 0.207 0.006 0.362 0.006 0.155 0.006
2453265.31278 0.455 0.008 0.670 0.007 0.827 0.007 0.215 0.006 0.372 0.006 0.157 0.006
2453265.31315 0.463 0.008 0.644 0.008 0.852 0.007 0.181 0.007 0.389 0.006 0.208 0.006
2453265.31353 0.455 0.008 0.675 0.007 0.839 0.007 0.220 0.006 0.384 0.006 0.164 0.006
2453265.31390 0.462 0.008 0.646 0.007 0.837 0.007 0.184 0.006 0.375 0.006 0.191 0.006
2453265.31427 0.373 0.008 0.543 0.007 0.732 0.007 0.170 0.006 0.359 0.006 0.189 0.006
2453265.31465 0.471 0.008 0.653 0.007 0.845 0.007 0.182 0.006 0.374 0.006 0.192 0.006
2453265.31502 0.458 0.008 0.668 0.007 0.847 0.007 0.210 0.006 0.389 0.006 0.179 0.006
2453265.31539 0.458 0.008 0.669 0.007 0.845 0.007 0.211 0.006 0.387 0.006 0.176 0.006
2453265.31578 0.457 0.008 0.653 0.007 0.829 0.007 0.196 0.006 0.372 0.006 0.176 0.006
2453265.31615 0.480 0.008 0.651 0.007 0.853 0.007 0.171 0.006 0.373 0.006 0.202 0.006
2453265.31652 0.447 0.008 0.647 0.007 0.826 0.007 0.200 0.006 0.379 0.006 0.179 0.006
2453265.31689 0.478 0.008 0.666 0.008 0.863 0.007 0.188 0.007 0.385 0.006 0.197 0.006
2453265.31727 0.487 0.009 0.682 0.008 0.863 0.008 0.195 0.006 0.376 0.006 0.181 0.006
2453265.31764 0.462 0.008 0.684 0.007 0.860 0.007 0.222 0.006 0.398 0.006 0.176 0.006
2453265.31801 0.463 0.008 0.677 0.007 0.846 0.007 0.214 0.006 0.383 0.006 0.169 0.006
2453265.31839 0.492 0.008 0.650 0.007 0.867 0.007 0.158 0.006 0.375 0.006 0.217 0.006
2453265.31876 0.488 0.008 0.670 0.008 0.844 0.007 0.182 0.007 0.356 0.006 0.174 0.006
2453265.31913 0.491 0.009 0.678 0.008 0.844 0.008 0.187 0.006 0.353 0.006 0.166 0.006
2453265.31951 0.447 0.008 0.654 0.007 0.839 0.007 0.207 0.006 0.392 0.006 0.185 0.006
2453265.31988 0.459 0.008 0.677 0.007 0.838 0.007 0.218 0.006 0.379 0.006 0.161 0.006
2453265.32025 0.462 0.008 0.659 0.007 0.836 0.007 0.197 0.006 0.374 0.006 0.177 0.006
2453265.32064 0.468 0.008 0.698 0.007 0.869 0.007 0.230 0.006 0.401 0.006 0.171 0.006
2453265.32101 0.463 0.008 0.673 0.007 0.843 0.007 0.210 0.006 0.380 0.006 0.170 0.006
2453265.32138 0.481 0.008 0.693 0.007 0.851 0.007 0.212 0.006 0.370 0.006 0.158 0.006
2453265.32176 0.466 0.008 0.642 0.007 0.849 0.007 0.176 0.006 0.383 0.006 0.207 0.006
2453265.32213 0.486 0.008 0.673 0.007 0.849 0.007 0.187 0.006 0.363 0.006 0.176 0.006
2453265.32250 0.463 0.008 0.660 0.008 0.841 0.007 0.197 0.007 0.378 0.006 0.181 0.006
2453265.32288 0.458 0.008 0.647 0.007 0.837 0.007 0.189 0.006 0.379 0.006 0.190 0.006
2453265.32325 0.450 0.008 0.643 0.007 0.830 0.007 0.193 0.006 0.380 0.006 0.187 0.006
2453265.32362 0.483 0.008 0.656 0.008 0.834 0.007 0.173 0.007 0.351 0.006 0.178 0.006
2453265.32400 0.471 0.008 0.641 0.008 0.854 0.007 0.170 0.007 0.383 0.006 0.213 0.006
2453265.32438 0.459 0.008 0.654 0.007 0.836 0.007 0.195 0.006 0.377 0.006 0.182 0.006
2453265.32475 0.488 0.008 0.702 0.007 0.877 0.007 0.214 0.006 0.389 0.006 0.175 0.006
2453265.32513 0.479 0.008 0.690 0.007 0.861 0.007 0.211 0.006 0.382 0.006 0.171 0.006
2453265.32550 0.502 0.009 0.713 0.008 0.860 0.008 0.211 0.006 0.358 0.006 0.147 0.006
2453265.32587 0.504 0.008 0.716 0.007 0.883 0.007 0.212 0.006 0.379 0.006 0.167 0.006
2453265.32624 0.453 0.008 0.671 0.007 0.846 0.007 0.218 0.006 0.393 0.006 0.175 0.006
2453265.32662 0.485 0.008 0.701 0.007 0.869 0.007 0.216 0.006 0.384 0.006 0.168 0.006
2453265.32699 0.475 0.008 0.682 0.007 0.858 0.007 0.207 0.006 0.383 0.006 0.176 0.006
2453265.32736 0.484 0.008 0.683 0.007 0.859 0.007 0.199 0.006 0.375 0.006 0.176 0.006
2453265.32774 0.482 0.008 0.662 0.007 0.837 0.007 0.180 0.006 0.355 0.006 0.175 0.006
2453265.32811 0.489 0.008 0.687 0.007 0.850 0.007 0.198 0.006 0.361 0.006 0.163 0.006
2453265.32848 0.491 0.008 0.691 0.007 0.853 0.007 0.200 0.006 0.362 0.006 0.162 0.006
2453265.32887 0.473 0.008 0.679 0.007 0.853 0.007 0.206 0.006 0.380 0.006 0.174 0.006
2453265.32924 0.487 0.008 0.695 0.007 0.858 0.007 0.208 0.006 0.371 0.006 0.163 0.006
2453265.32961 0.485 0.008 0.698 0.007 0.868 0.007 0.213 0.006 0.383 0.006 0.170 0.006
2453265.32999 0.464 0.008 0.655 0.007 0.835 0.007 0.191 0.006 0.371 0.006 0.180 0.006
2453265.33036 0.454 0.008 0.675 0.007 0.862 0.007 0.221 0.006 0.408 0.006 0.187 0.006
2453265.33073 0.485 0.008 0.677 0.007 0.838 0.007 0.192 0.006 0.353 0.006 0.161 0.006
2453265.33110 0.485 0.008 0.672 0.007 0.859 0.007 0.187 0.006 0.374 0.006 0.187 0.006
2453265.33148 0.495 0.008 0.682 0.007 0.849 0.007 0.187 0.006 0.354 0.006 0.167 0.006
2453265.33185 0.517 0.008 0.671 0.007 0.868 0.007 0.154 0.006 0.351 0.006 0.197 0.006
2453265.33222 0.493 0.008 0.694 0.007 0.866 0.007 0.201 0.006 0.373 0.006 0.172 0.006
2453265.33260 0.478 0.008 0.691 0.007 0.859 0.007 0.213 0.006 0.381 0.006 0.168 0.006
2453265.33297 0.496 0.008 0.675 0.007 0.859 0.007 0.179 0.006 0.363 0.006 0.184 0.006
2453265.33334 0.499 0.009 0.705 0.009 0.871 0.008 0.206 0.007 0.372 0.006 0.166 0.006
2453265.33373 0.513 0.009 0.698 0.009 0.864 0.008 0.185 0.007 0.351 0.006 0.166 0.006
2453265.33410 0.484 0.009 0.682 0.008 0.868 0.008 0.198 0.006 0.384 0.006 0.186 0.006
2453265.33447 0.478 0.008 0.700 0.007 0.873 0.007 0.222 0.006 0.395 0.006 0.173 0.006
2453265.33485 0.484 0.008 0.678 0.007 0.867 0.007 0.194 0.006 0.383 0.006 0.189 0.006
2453265.33522 0.488 0.008 0.679 0.008 0.853 0.007 0.191 0.007 0.365 0.006 0.174 0.006
2453265.33559 0.458 0.008 0.648 0.008 0.832 0.007 0.190 0.007 0.374 0.006 0.184 0.006
2453265.33597 0.466 0.008 0.676 0.007 0.848 0.007 0.210 0.006 0.382 0.006 0.172 0.006
2453265.33634 0.494 0.009 0.678 0.009 0.863 0.008 0.184 0.007 0.369 0.006 0.185 0.006
2453265.33671 0.471 0.008 0.646 0.008 0.838 0.007 0.175 0.007 0.367 0.006 0.192 0.006
2453265.33709 0.485 0.008 0.670 0.008 0.858 0.007 0.185 0.007 0.373 0.006 0.188 0.006
2453265.33747 0.469 0.008 0.691 0.007 0.856 0.007 0.222 0.006 0.387 0.006 0.165 0.006
2453265.33784 0.464 0.008 0.664 0.008 0.850 0.007 0.200 0.007 0.386 0.006 0.186 0.006
2453265.33822 0.476 0.008 0.662 0.007 0.861 0.007 0.186 0.006 0.385 0.006 0.199 0.006
2453265.33859 0.476 0.008 0.686 0.007 0.862 0.007 0.210 0.006 0.386 0.006 0.176 0.006
2453265.33896 0.444 0.008 0.651 0.008 0.837 0.007 0.207 0.007 0.393 0.006 0.186 0.006
2453265.33934 0.467 0.008 0.674 0.007 0.828 0.007 0.207 0.006 0.361 0.006 0.154 0.006
2453265.33971 0.501 0.008 0.679 0.007 0.874 0.007 0.178 0.006 0.373 0.006 0.195 0.006
2453265.34008 0.475 0.008 0.678 0.007 0.842 0.007 0.203 0.006 0.367 0.006 0.164 0.006
2453265.34046 0.499 0.009 0.674 0.009 0.848 0.008 0.175 0.007 0.349 0.006 0.174 0.006
2453265.34083 0.456 0.008 0.662 0.007 0.839 0.007 0.206 0.006 0.383 0.006 0.177 0.006
2453265.34120 0.485 0.009 0.693 0.008 0.843 0.008 0.208 0.006 0.358 0.006 0.150 0.006
2453265.34159 0.472 0.008 0.676 0.007 0.838 0.007 0.204 0.006 0.366 0.006 0.162 0.006
2453265.34196 0.463 0.008 0.656 0.008 0.842 0.007 0.193 0.007 0.379 0.006 0.186 0.006
2453265.34233 0.469 0.008 0.648 0.008 0.833 0.007 0.179 0.007 0.364 0.006 0.185 0.006
2453265.34270 0.457 0.008 0.660 0.007 0.844 0.007 0.203 0.006 0.387 0.006 0.184 0.006
2453265.34308 0.443 0.008 0.655 0.007 0.827 0.007 0.212 0.006 0.384 0.006 0.172 0.006
2453265.34345 0.482 0.009 0.660 0.009 0.850 0.008 0.178 0.007 0.368 0.006 0.190 0.006
2453265.34382 0.456 0.008 0.624 0.007 0.807 0.007 0.168 0.006 0.351 0.006 0.183 0.006
2453265.34420 0.427 0.008 0.656 0.007 0.835 0.007 0.229 0.006 0.408 0.006 0.179 0.006
2453265.34457 0.472 0.008 0.689 0.007 0.836 0.007 0.217 0.006 0.364 0.006 0.147 0.006
2453265.34494 0.476 0.008 0.687 0.007 0.860 0.007 0.211 0.006 0.384 0.006 0.173 0.006
2453265.34532 0.453 0.008 0.635 0.007 0.821 0.007 0.182 0.006 0.368 0.006 0.186 0.006
2453265.34569 0.467 0.008 0.666 0.007 0.843 0.007 0.199 0.006 0.376 0.006 0.177 0.006
2453265.34606 0.459 0.009 0.678 0.008 0.845 0.008 0.219 0.006 0.386 0.006 0.167 0.006
2453265.34645 0.467 0.008 0.660 0.007 0.826 0.007 0.193 0.006 0.359 0.006 0.166 0.006
2453265.34682 0.467 0.008 0.678 0.007 0.843 0.007 0.211 0.006 0.376 0.006 0.165 0.006
2453265.34719 0.430 0.008 0.655 0.007 0.827 0.007 0.225 0.006 0.397 0.006 0.172 0.006
2453265.34757 0.465 0.008 0.644 0.008 0.839 0.007 0.179 0.007 0.374 0.006 0.195 0.006
2453265.34794 0.450 0.008 0.670 0.007 0.848 0.007 0.220 0.006 0.398 0.006 0.178 0.006
2453265.34831 0.437 0.008 0.659 0.007 0.826 0.007 0.222 0.006 0.389 0.006 0.167 0.006
2453265.34869 0.440 0.008 0.670 0.007 0.829 0.007 0.230 0.006 0.389 0.006 0.159 0.006
2453265.34906 0.464 0.008 0.653 0.007 0.838 0.007 0.189 0.006 0.374 0.006 0.185 0.006
2453265.34943 0.434 0.008 0.630 0.007 0.827 0.007 0.196 0.006 0.393 0.006 0.197 0.006
2453265.34981 0.442 0.008 0.625 0.008 0.812 0.007 0.183 0.007 0.370 0.006 0.187 0.006
2453265.35019 0.456 0.008 0.657 0.007 0.822 0.007 0.201 0.006 0.366 0.006 0.165 0.006
2453265.35056 0.449 0.008 0.662 0.007 0.813 0.007 0.213 0.006 0.364 0.006 0.151 0.006
2453265.35094 0.448 0.008 0.636 0.007 0.810 0.007 0.188 0.006 0.362 0.006 0.174 0.006
2453265.35131 0.446 0.008 0.634 0.008 0.827 0.007 0.188 0.007 0.381 0.006 0.193 0.006
2453265.35168 0.434 0.008 0.644 0.007 0.802 0.007 0.210 0.006 0.368 0.006 0.158 0.006
2453265.35205 0.449 0.008 0.626 0.008 0.803 0.007 0.177 0.007 0.354 0.006 0.177 0.006
2453265.35243 0.412 0.008 0.605 0.008 0.798 0.007 0.193 0.007 0.386 0.006 0.193 0.006
2453265.35280 0.430 0.008 0.614 0.008 0.800 0.007 0.184 0.007 0.370 0.006 0.186 0.006
2453265.35317 0.448 0.008 0.644 0.008 0.807 0.007 0.196 0.007 0.359 0.006 0.163 0.006
2453265.35355 0.417 0.008 0.620 0.008 0.799 0.007 0.203 0.007 0.382 0.006 0.179 0.006
2453265.35392 0.410 0.008 0.619 0.007 0.773 0.007 0.209 0.006 0.363 0.006 0.154 0.006
2453265.35429 0.416 0.008 0.617 0.007 0.804 0.007 0.201 0.006 0.388 0.006 0.187 0.006
2453265.35468 0.399 0.008 0.611 0.007 0.772 0.007 0.212 0.006 0.373 0.006 0.161 0.006
2453265.35505 0.385 0.008 0.589 0.007 0.783 0.007 0.204 0.006 0.398 0.006 0.194 0.006
2453265.35542 0.386 0.008 0.591 0.008 0.787 0.007 0.205 0.007 0.401 0.006 0.196 0.006
2453265.35580 0.404 0.008 0.624 0.007 0.776 0.007 0.220 0.006 0.372 0.006 0.152 0.006
2453265.35617 0.393 0.008 0.591 0.008 0.759 0.007 0.198 0.007 0.366 0.006 0.168 0.006
2453265.35654 0.412 0.008 0.580 0.008 0.778 0.007 0.168 0.007 0.366 0.006 0.198 0.006
2453265.35692 0.427 0.008 0.601 0.008 0.771 0.007 0.174 0.007 0.344 0.006 0.170 0.006
2453265.35729 0.398 0.008 0.595 0.007 0.771 0.007 0.197 0.006 0.373 0.006 0.176 0.006
2453265.35766 0.389 0.008 0.589 0.007 0.767 0.007 0.200 0.006 0.378 0.006 0.178 0.006
2453265.35804 0.386 0.008 0.577 0.007 0.760 0.007 0.191 0.006 0.374 0.006 0.183 0.006
2453265.35841 0.385 0.008 0.591 0.007 0.762 0.007 0.206 0.006 0.377 0.006 0.171 0.006
2453265.35878 0.407 0.008 0.608 0.007 0.767 0.007 0.201 0.006 0.360 0.006 0.159 0.006
2453265.35917 0.387 0.008 0.584 0.007 0.776 0.007 0.197 0.006 0.389 0.006 0.192 0.006
2453265.35954 0.391 0.008 0.598 0.007 0.771 0.007 0.207 0.006 0.380 0.006 0.173 0.006
2453265.35991 0.409 0.008 0.609 0.008 0.781 0.007 0.200 0.007 0.372 0.006 0.172 0.006
2453265.36028 0.381 0.008 0.584 0.007 0.748 0.007 0.203 0.006 0.367 0.006 0.164 0.006
2453265.36066 0.392 0.008 0.599 0.007 0.773 0.007 0.207 0.006 0.381 0.006 0.174 0.006
2453265.36103 0.379 0.008 0.565 0.008 0.747 0.007 0.186 0.007 0.368 0.006 0.182 0.006
2453265.36140 0.385 0.008 0.594 0.008 0.772 0.007 0.209 0.007 0.387 0.006 0.178 0.006
2453265.36178 0.390 0.008 0.567 0.008 0.756 0.007 0.177 0.007 0.366 0.006 0.189 0.006
2453265.36215 0.406 0.008 0.599 0.007 0.764 0.007 0.193 0.006 0.358 0.006 0.165 0.006
2453265.36252 0.381 0.008 0.582 0.007 0.758 0.007 0.201 0.006 0.377 0.006 0.176 0.006
2453265.36291 0.366 0.008 0.586 0.008 0.750 0.007 0.220 0.007 0.384 0.006 0.164 0.006
2453265.36328 0.371 0.008 0.570 0.007 0.724 0.007 0.199 0.006 0.353 0.006 0.154 0.006
2453265.36365 0.368 0.008 0.586 0.007 0.756 0.007 0.218 0.006 0.388 0.006 0.170 0.006
2453265.36403 0.364 0.008 0.569 0.008 0.745 0.007 0.205 0.007 0.381 0.006 0.176 0.006
2453265.36440 0.363 0.008 0.570 0.007 0.737 0.007 0.207 0.006 0.374 0.006 0.167 0.006
2453265.36477 0.372 0.008 0.565 0.007 0.745 0.007 0.193 0.006 0.373 0.006 0.180 0.006
2453265.36515 0.367 0.008 0.553 0.007 0.740 0.007 0.186 0.006 0.373 0.006 0.187 0.006
2453265.36552 0.374 0.008 0.559 0.008 0.734 0.007 0.185 0.007 0.360 0.006 0.175 0.006
2453265.36589 0.367 0.008 0.587 0.007 0.757 0.007 0.220 0.006 0.390 0.006 0.170 0.006
2453265.36627 0.372 0.008 0.567 0.007 0.745 0.007 0.195 0.006 0.373 0.006 0.178 0.006
2453265.36664 0.378 0.008 0.561 0.007 0.747 0.007 0.183 0.006 0.369 0.006 0.186 0.006
2453265.36701 0.366 0.008 0.572 0.007 0.734 0.007 0.206 0.006 0.368 0.006 0.162 0.006
2453265.36740 0.344 0.008 0.546 0.008 0.715 0.007 0.202 0.007 0.371 0.006 0.169 0.006
2453265.36777 0.369 0.008 0.585 0.007 0.744 0.007 0.216 0.006 0.375 0.006 0.159 0.006
2453265.36814 0.343 0.008 0.555 0.007 0.725 0.007 0.212 0.006 0.382 0.006 0.170 0.006
2453265.36852 0.359 0.008 0.547 0.007 0.733 0.007 0.188 0.006 0.374 0.006 0.186 0.006
2453265.36889 0.352 0.008 0.563 0.007 0.731 0.007 0.211 0.006 0.379 0.006 0.168 0.006
2453265.36926 0.348 0.008 0.564 0.007 0.740 0.007 0.216 0.006 0.392 0.006 0.176 0.006
2453265.36964 0.380 0.008 0.581 0.007 0.747 0.007 0.201 0.006 0.367 0.006 0.166 0.006
2453265.37001 0.342 0.008 0.533 0.008 0.737 0.007 0.191 0.007 0.395 0.006 0.204 0.006
2453265.37038 0.354 0.008 0.547 0.008 0.746 0.007 0.193 0.007 0.392 0.006 0.199 0.006
2453265.37076 0.335 0.008 0.561 0.007 0.717 0.007 0.226 0.006 0.382 0.006 0.156 0.006
2453265.37113 0.368 0.008 0.557 0.007 0.729 0.007 0.189 0.006 0.361 0.006 0.172 0.006
2453265.37150 0.356 0.008 0.537 0.008 0.730 0.007 0.181 0.007 0.374 0.006 0.193 0.006
2453265.37189 0.338 0.008 0.555 0.007 0.732 0.007 0.217 0.006 0.394 0.006 0.177 0.006
2453265.37226 0.360 0.008 0.545 0.008 0.724 0.007 0.185 0.007 0.364 0.006 0.179 0.006
2453265.37263 0.341 0.008 0.516 0.008 0.699 0.007 0.175 0.007 0.358 0.006 0.183 0.006
2453265.37301 0.336 0.008 0.521 0.008 0.701 0.007 0.185 0.007 0.365 0.006 0.180 0.006
2453265.37338 0.324 0.008 0.533 0.008 0.712 0.007 0.209 0.007 0.388 0.006 0.179 0.006
2453265.37375 0.320 0.008 0.502 0.008 0.669 0.007 0.182 0.007 0.349 0.006 0.167 0.006
2453265.37412 0.331 0.008 0.540 0.007 0.710 0.007 0.209 0.006 0.379 0.006 0.170 0.006
2453265.37450 0.328 0.008 0.531 0.007 0.716 0.007 0.203 0.006 0.388 0.006 0.185 0.006
2453265.37487 0.332 0.008 0.550 0.007 0.711 0.007 0.218 0.006 0.379 0.006 0.161 0.006
2453265.37524 0.342 0.008 0.547 0.007 0.734 0.007 0.205 0.006 0.392 0.006 0.187 0.006
2453265.37563 0.326 0.008 0.539 0.007 0.708 0.007 0.213 0.006 0.382 0.006 0.169 0.006
2453265.37600 0.329 0.008 0.541 0.008 0.709 0.007 0.212 0.007 0.380 0.006 0.168 0.006
2453265.37637 0.341 0.008 0.535 0.007 0.718 0.007 0.194 0.006 0.377 0.006 0.183 0.006
2453265.37675 0.343 0.008 0.546 0.007 0.715 0.007 0.203 0.006 0.372 0.006 0.169 0.006
2453265.37712 0.328 0.008 0.520 0.008 0.697 0.007 0.192 0.007 0.369 0.006 0.177 0.006
2453265.37749 0.298 0.008 0.510 0.008 0.699 0.007 0.212 0.007 0.401 0.006 0.189 0.006
2453265.37787 0.329 0.008 0.508 0.008 0.704 0.007 0.179 0.007 0.375 0.006 0.196 0.006
2453265.37824 0.341 0.008 0.535 0.008 0.700 0.007 0.194 0.007 0.359 0.006 0.165 0.006
2453265.37862 0.339 0.008 0.493 0.008 0.685 0.007 0.154 0.007 0.346 0.006 0.192 0.006
2453265.37899 0.326 0.008 0.526 0.007 0.680 0.007 0.200 0.006 0.354 0.006 0.154 0.006
2453265.37936 0.317 0.008 0.519 0.007 0.677 0.007 0.202 0.006 0.360 0.006 0.158 0.006
2453265.37975 0.315 0.008 0.517 0.008 0.687 0.007 0.202 0.007 0.372 0.006 0.170 0.006
2453265.38012 0.305 0.008 0.489 0.007 0.684 0.007 0.184 0.006 0.379 0.006 0.195 0.006
2453265.38049 0.303 0.008 0.503 0.007 0.683 0.007 0.200 0.006 0.380 0.006 0.180 0.006
2453265.38086 0.296 0.008 0.494 0.008 0.663 0.007 0.198 0.007 0.367 0.006 0.169 0.006
2453265.38124 0.299 0.008 0.494 0.008 0.678 0.007 0.195 0.007 0.379 0.006 0.184 0.006
2453265.38161 0.289 0.008 0.511 0.007 0.671 0.007 0.222 0.006 0.382 0.006 0.160 0.006
2453265.38199 0.327 0.008 0.515 0.008 0.708 0.007 0.188 0.007 0.381 0.006 0.193 0.006
2453265.38236 0.287 0.008 0.510 0.007 0.668 0.007 0.223 0.006 0.381 0.006 0.158 0.006
2453265.38273 0.291 0.008 0.486 0.007 0.658 0.007 0.195 0.006 0.367 0.006 0.172 0.006
2453265.38310 0.299 0.008 0.494 0.007 0.685 0.007 0.195 0.006 0.386 0.006 0.191 0.006
2453265.38348 0.302 0.008 0.503 0.007 0.676 0.007 0.201 0.006 0.374 0.006 0.173 0.006
2453265.38385 0.292 0.008 0.491 0.007 0.662 0.007 0.199 0.006 0.370 0.006 0.171 0.006
2453265.38422 0.301 0.008 0.492 0.008 0.691 0.007 0.191 0.007 0.390 0.006 0.199 0.006
2453265.38461 0.300 0.008 0.491 0.008 0.670 0.007 0.191 0.007 0.370 0.006 0.179 0.006
2453265.38498 0.303 0.008 0.501 0.007 0.671 0.007 0.198 0.006 0.368 0.006 0.170 0.006
2453265.38535 0.304 0.008 0.497 0.008 0.679 0.007 0.193 0.007 0.375 0.006 0.182 0.006
2453265.38573 0.290 0.008 0.479 0.008 0.671 0.007 0.189 0.007 0.381 0.006 0.192 0.006
2453265.38610 0.291 0.008 0.478 0.008 0.683 0.007 0.187 0.007 0.392 0.006 0.205 0.006
2453265.38647 0.288 0.008 0.474 0.008 0.664 0.007 0.186 0.007 0.376 0.006 0.190 0.006
2453265.38685 0.294 0.008 0.484 0.008 0.668 0.007 0.190 0.007 0.374 0.006 0.184 0.006
2453265.38722 0.290 0.008 0.467 0.008 0.667 0.007 0.177 0.007 0.377 0.006 0.200 0.006
2453265.38759 0.258 0.008 0.471 0.007 0.636 0.007 0.213 0.006 0.378 0.006 0.165 0.006
2453265.38797 0.269 0.008 0.498 0.007 0.654 0.007 0.229 0.006 0.385 0.006 0.156 0.006
2453265.38834 0.266 0.008 0.469 0.007 0.645 0.007 0.203 0.006 0.379 0.006 0.176 0.006
2453265.38872 0.277 0.008 0.475 0.008 0.655 0.007 0.198 0.007 0.378 0.006 0.180 0.006
2453265.38910 0.291 0.008 0.480 0.008 0.647 0.007 0.189 0.007 0.356 0.006 0.167 0.006
2453265.38947 0.282 0.008 0.466 0.008 0.645 0.007 0.184 0.007 0.363 0.006 0.179 0.006
2453265.38984 0.264 0.008 0.452 0.008 0.626 0.007 0.188 0.007 0.362 0.006 0.174 0.006
2453265.39022 0.271 0.008 0.462 0.008 0.638 0.007 0.191 0.007 0.367 0.006 0.176 0.006
2453265.39059 0.265 0.008 0.439 0.008 0.621 0.007 0.174 0.007 0.356 0.006 0.182 0.006
2453265.39096 0.232 0.008 0.447 0.008 0.627 0.007 0.215 0.007 0.395 0.006 0.180 0.006
2453265.39134 0.265 0.008 0.450 0.008 0.636 0.007 0.185 0.007 0.371 0.006 0.186 0.006
2453265.39171 0.260 0.008 0.445 0.008 0.651 0.007 0.185 0.007 0.391 0.006 0.206 0.006
2453265.39208 0.246 0.008 0.435 0.008 0.629 0.007 0.189 0.007 0.383 0.006 0.194 0.006
2453265.39247 0.257 0.008 0.456 0.008 0.643 0.007 0.199 0.007 0.386 0.006 0.187 0.006
2453265.39284 0.247 0.008 0.443 0.008 0.621 0.007 0.196 0.007 0.374 0.006 0.178 0.006
2453265.39321 0.249 0.008 0.455 0.008 0.633 0.007 0.206 0.007 0.384 0.006 0.178 0.006
2453265.39358 0.229 0.008 0.440 0.008 0.622 0.007 0.211 0.007 0.393 0.006 0.182 0.006
2453265.39396 0.224 0.008 0.436 0.008 0.616 0.007 0.212 0.007 0.392 0.006 0.180 0.006
2453265.39433 0.251 0.008 0.457 0.007 0.620 0.007 0.206 0.006 0.369 0.006 0.163 0.006
2453265.39471 0.250 0.008 0.443 0.008 0.645 0.007 0.193 0.007 0.395 0.006 0.202 0.006
2453265.39508 0.235 0.008 0.438 0.008 0.632 0.007 0.203 0.007 0.397 0.006 0.194 0.006
2453265.39545 0.250 0.008 0.429 0.008 0.623 0.007 0.179 0.007 0.373 0.006 0.194 0.006
2453265.39582 0.235 0.008 0.430 0.008 0.633 0.007 0.195 0.007 0.398 0.006 0.203 0.006
2453265.39620 0.236 0.008 0.444 0.008 0.609 0.007 0.208 0.007 0.373 0.006 0.165 0.006
2453265.39657 0.222 0.008 0.431 0.008 0.598 0.007 0.209 0.007 0.376 0.006 0.167 0.006
2453265.39694 0.229 0.008 0.421 0.008 0.588 0.007 0.192 0.007 0.359 0.006 0.167 0.006
2453265.39733 0.240 0.008 0.426 0.008 0.607 0.007 0.186 0.007 0.367 0.006 0.181 0.006
2453265.39770 0.251 0.008 0.446 0.008 0.599 0.007 0.195 0.007 0.348 0.006 0.153 0.006
2453265.39807 0.207 0.008 0.413 0.008 0.601 0.007 0.206 0.007 0.394 0.006 0.188 0.006
2453265.39845 0.203 0.008 0.383 0.008 0.587 0.007 0.180 0.007 0.384 0.006 0.204 0.006
2453265.39882 0.224 0.008 0.422 0.007 0.566 0.007 0.198 0.006 0.342 0.006 0.144 0.006
2453265.39919 0.237 0.008 0.424 0.008 0.596 0.007 0.187 0.007 0.359 0.006 0.172 0.006
2453265.39957 0.222 0.008 0.444 0.008 0.627 0.007 0.222 0.007 0.405 0.006 0.183 0.006
2453265.39994 0.213 0.008 0.425 0.008 0.583 0.007 0.212 0.007 0.370 0.006 0.158 0.006
2453265.40031 0.243 0.008 0.414 0.008 0.610 0.007 0.171 0.007 0.367 0.006 0.196 0.006
2453265.40068 0.220 0.008 0.447 0.007 0.614 0.007 0.227 0.006 0.394 0.006 0.167 0.006
2453265.40106 0.233 0.008 0.425 0.008 0.597 0.007 0.192 0.007 0.364 0.006 0.172 0.006
2453265.40144 0.218 0.008 0.403 0.008 0.588 0.007 0.185 0.007 0.370 0.006 0.185 0.006
2453265.40181 0.234 0.008 0.406 0.008 0.568 0.007 0.172 0.007 0.334 0.006 0.162 0.006
2453265.40219 0.243 0.008 0.402 0.008 0.533 0.008 0.159 0.007 0.290 0.007 0.131 0.007
2453265.40256 0.264 0.008 0.429 0.008 0.583 0.008 0.165 0.007 0.319 0.007 0.154 0.007
2453265.40293 0.191 0.008 0.374 0.008 0.548 0.007 0.183 0.007 0.357 0.006 0.174 0.006
2453265.40331 0.181 0.009 0.454 0.009 0.555 0.009 0.273 0.008 0.374 0.008 0.101 0.007
2453265.40368 0.184 0.009 0.426 0.009 0.575 0.009 0.242 0.008 0.391 0.008 0.149 0.007
2453265.40405 0.275 0.013 0.382 0.013 0.563 0.012 0.107 0.012 0.288 0.011 0.181 0.011
2453265.40443 0.283 0.012 0.337 0.011 0.390 0.011 0.054 0.011 0.107 0.011 0.053 0.010
2453265.40480 0.307 0.012 0.363 0.011 0.467 0.011 0.056 0.011 0.160 0.011 0.104 0.010
2453265.40517 0.255 0.012 0.424 0.011 0.544 0.011 0.169 0.011 0.289 0.011 0.120 0.010
2453265.40556 0.176 0.015 0.416 0.014 0.577 0.014 0.240 0.013 0.401 0.013 0.161 0.011
2453265.40593 0.247 0.016 0.385 0.015 0.715 0.014 0.138 0.013 0.468 0.013 0.330 0.012
2453265.40630 0.109 0.014 0.460 0.013 0.635 0.012 0.351 0.013 0.526 0.012 0.175 0.011
2453265.40667 0.217 0.010 0.390 0.009 0.755 0.009 0.173 0.009 0.538 0.009 0.365 0.008
2453265.40705 0.236 0.010 0.376 0.009 0.663 0.009 0.140 0.009 0.427 0.009 0.287 0.008
2453265.40742 0.251 0.011 0.366 0.010 0.307 0.011 0.115 0.009 0.056 0.010 -0.059 0.009
2453265.40779 0.021 0.011 0.461 0.009 0.678 0.009 0.440 0.010 0.657 0.009 0.217 0.008
2453265.40817 0.229 0.009 0.378 0.009 0.611 0.009 0.149 0.008 0.382 0.008 0.233 0.008
2453265.40854 0.260 0.008 0.377 0.008 0.603 0.007 0.117 0.007 0.343 0.006 0.226 0.006
2453265.40891 0.188 0.008 0.410 0.008 0.574 0.007 0.222 0.007 0.386 0.006 0.164 0.006
2453265.40929 0.205 0.008 0.393 0.008 0.577 0.007 0.188 0.007 0.372 0.006 0.184 0.006
2453265.40966 0.183 0.008 0.384 0.008 0.594 0.007 0.201 0.007 0.411 0.006 0.210 0.006
2453265.41005 0.179 0.008 0.405 0.008 0.611 0.007 0.226 0.007 0.432 0.006 0.206 0.006
2453265.41042 0.205 0.008 0.402 0.008 0.552 0.007 0.197 0.007 0.347 0.006 0.150 0.006
2453265.41079 0.185 0.008 0.391 0.008 0.594 0.007 0.206 0.007 0.409 0.006 0.203 0.006
2453265.41116 0.174 0.011 0.369 0.010 0.632 0.009 0.195 0.009 0.458 0.009 0.263 0.008
2453265.41154 0.113 0.010 0.437 0.009 0.639 0.009 0.324 0.009 0.526 0.009 0.202 0.007
2453265.41191 0.193 0.008 0.417 0.008 0.587 0.007 0.224 0.007 0.394 0.006 0.170 0.006
2453265.41229 0.174 0.008 0.390 0.008 0.570 0.007 0.216 0.007 0.396 0.006 0.180 0.006
2453265.41266 0.176 0.008 0.383 0.008 0.544 0.007 0.207 0.007 0.368 0.006 0.161 0.006
2453265.41303 0.188 0.008 0.383 0.008 0.584 0.007 0.195 0.007 0.396 0.006 0.201 0.006
2453265.41340 0.205 0.008 0.396 0.008 0.561 0.007 0.191 0.007 0.356 0.006 0.165 0.006
2453265.41378 0.162 0.008 0.402 0.007 0.553 0.007 0.240 0.006 0.391 0.006 0.151 0.006
2453265.41416 0.187 0.008 0.394 0.008 0.582 0.007 0.207 0.007 0.395 0.006 0.188 0.006
2453265.41453 0.187 0.008 0.394 0.008 0.569 0.007 0.207 0.007 0.382 0.006 0.175 0.006
2453265.41491 0.168 0.008 0.410 0.008 0.573 0.007 0.242 0.007 0.405 0.006 0.163 0.006
2453265.41528 0.195 0.008 0.382 0.008 0.574 0.007 0.187 0.007 0.379 0.006 0.192 0.006
2453265.41565 0.190 0.008 0.400 0.008 0.583 0.007 0.210 0.007 0.393 0.006 0.183 0.006
2453265.41603 0.163 0.008 0.380 0.008 0.559 0.007 0.217 0.007 0.396 0.006 0.179 0.006
2453265.41640 0.185 0.008 0.378 0.008 0.552 0.007 0.193 0.007 0.367 0.006 0.174 0.006
2453265.41677 0.175 0.008 0.385 0.008 0.568 0.007 0.210 0.007 0.393 0.006 0.183 0.006
2453265.41715 0.165 0.008 0.390 0.007 0.565 0.007 0.225 0.006 0.400 0.006 0.175 0.006
2453265.41752 0.169 0.008 0.374 0.008 0.561 0.007 0.205 0.007 0.392 0.006 0.187 0.006
2453265.41789 0.150 0.008 0.377 0.007 0.544 0.007 0.227 0.006 0.394 0.006 0.167 0.006
2453265.41828 0.195 0.008 0.381 0.008 0.552 0.007 0.186 0.007 0.357 0.006 0.171 0.006
2453265.41865 0.184 0.008 0.402 0.008 0.581 0.007 0.218 0.007 0.397 0.006 0.179 0.006
2453265.41902 0.174 0.008 0.380 0.008 0.551 0.007 0.206 0.007 0.377 0.006 0.171 0.006
2453265.41940 0.170 0.008 0.381 0.008 0.564 0.007 0.211 0.007 0.394 0.006 0.183 0.006
2453265.41977 0.179 0.008 0.361 0.008 0.554 0.007 0.182 0.007 0.375 0.006 0.193 0.006
2453265.42014 0.167 0.008 0.384 0.008 0.541 0.007 0.217 0.007 0.374 0.006 0.157 0.006
2453265.42052 0.183 0.008 0.386 0.008 0.555 0.007 0.203 0.007 0.372 0.006 0.169 0.006
2453265.42089 0.170 0.008 0.349 0.008 0.551 0.007 0.179 0.007 0.381 0.006 0.202 0.006
2453265.42126 0.178 0.008 0.380 0.008 0.558 0.007 0.202 0.007 0.380 0.006 0.178 0.006
2453265.42163 0.147 0.007 0.358 0.007 0.522 0.006 0.211 0.007 0.375 0.006 0.164 0.006
2453265.42201 0.178 0.008 0.409 0.007 0.564 0.007 0.231 0.006 0.386 0.006 0.155 0.006
2453265.42238 0.184 0.008 0.375 0.008 0.559 0.007 0.191 0.007 0.375 0.006 0.184 0.006
2453265.42275 0.166 0.008 0.376 0.008 0.556 0.007 0.210 0.007 0.390 0.006 0.180 0.006
2453265.42314 0.162 0.008 0.363 0.008 0.537 0.007 0.201 0.007 0.375 0.006 0.174 0.006
2453265.42351 0.155 0.008 0.354 0.008 0.542 0.007 0.199 0.007 0.387 0.006 0.188 0.006
2453265.42388 0.154 0.008 0.387 0.008 0.546 0.007 0.233 0.007 0.392 0.006 0.159 0.006
2453265.42426 0.178 0.008 0.383 0.008 0.542 0.007 0.205 0.007 0.364 0.006 0.159 0.006


2453265.42500 0.185 0.008 0.370 0.008 0.551 0.007 0.185 0.007 0.366 0.006 0.181 0.006
2453265.42538 0.141 0.008 0.360 0.008 0.538 0.007 0.219 0.007 0.397 0.006 0.178 0.006
2453265.42575 0.164 0.008 0.373 0.008 0.541 0.007 0.209 0.007 0.377 0.006 0.168 0.006
2453265.42612 0.152 0.008 0.368 0.008 0.533 0.007 0.216 0.007 0.381 0.006 0.165 0.006
2453265.42650 0.168 0.008 0.387 0.008 0.557 0.007 0.219 0.007 0.389 0.006 0.170 0.006
2453265.42688 0.157 0.007 0.364 0.007 0.525 0.006 0.207 0.007 0.368 0.006 0.161 0.006
2453265.42725 0.159 0.008 0.359 0.008 0.557 0.007 0.200 0.007 0.398 0.006 0.198 0.006
2453265.42762 0.163 0.008 0.365 0.008 0.543 0.007 0.202 0.007 0.380 0.006 0.178 0.006
2453265.42800 0.145 0.008 0.364 0.008 0.540 0.007 0.219 0.007 0.395 0.006 0.176 0.006
2453265.42837 0.174 0.008 0.383 0.008 0.552 0.007 0.209 0.007 0.378 0.006 0.169 0.006
2453265.42874 0.131 0.007 0.335 0.007 0.553 0.006 0.204 0.007 0.422 0.006 0.218 0.006
2453265.42912 0.170 0.008 0.365 0.008 0.527 0.007 0.195 0.007 0.357 0.006 0.162 0.006
2453265.42949 0.173 0.008 0.396 0.008 0.539 0.007 0.223 0.007 0.366 0.006 0.143 0.006
2453265.42986 0.175 0.008 0.389 0.008 0.579 0.007 0.214 0.007 0.404 0.006 0.190 0.006
2453265.43024 0.164 0.008 0.400 0.008 0.538 0.007 0.236 0.007 0.374 0.006 0.138 0.006
2453265.43061 0.174 0.007 0.352 0.007 0.518 0.006 0.178 0.007 0.344 0.006 0.166 0.006
2453265.43098 0.175 0.008 0.386 0.007 0.544 0.007 0.211 0.006 0.369 0.006 0.158 0.006
2453265.43137 0.162 0.008 0.385 0.008 0.549 0.007 0.223 0.007 0.387 0.006 0.164 0.006
2453265.43174 0.171 0.008 0.380 0.008 0.555 0.007 0.209 0.007 0.384 0.006 0.175 0.006
2453265.43211 0.153 0.007 0.343 0.007 0.526 0.006 0.190 0.007 0.373 0.006 0.183 0.006
2453265.43249 0.152 0.008 0.363 0.008 0.540 0.007 0.211 0.007 0.388 0.006 0.177 0.006
2453265.43286 0.138 0.007 0.336 0.007 0.509 0.006 0.198 0.007 0.371 0.006 0.173 0.006
2453265.43323 0.159 0.008 0.364 0.008 0.559 0.007 0.205 0.007 0.400 0.006 0.195 0.006
2453265.43361 0.179 0.008 0.353 0.008 0.533 0.007 0.174 0.007 0.354 0.006 0.180 0.006
2453265.43398 0.175 0.008 0.371 0.008 0.547 0.007 0.196 0.007 0.372 0.006 0.176 0.006
2453265.43435 0.176 0.008 0.353 0.008 0.564 0.007 0.177 0.007 0.388 0.006 0.211 0.006
2453265.43473 0.151 0.008 0.371 0.008 0.529 0.007 0.220 0.007 0.378 0.006 0.158 0.006
2453265.43510 0.150 0.008 0.358 0.008 0.565 0.007 0.208 0.007 0.415 0.006 0.207 0.006
2453265.43547 0.175 0.008 0.347 0.008 0.543 0.007 0.172 0.007 0.368 0.006 0.196 0.006
2453265.43586 0.153 0.008 0.352 0.008 0.530 0.007 0.199 0.007 0.377 0.006 0.178 0.006
2453265.43623 0.163 0.008 0.357 0.008 0.539 0.007 0.194 0.007 0.376 0.006 0.182 0.006
2453265.43660 0.165 0.008 0.349 0.008 0.532 0.007 0.184 0.007 0.367 0.006 0.183 0.006
2453265.43698 0.156 0.008 0.389 0.008 0.542 0.007 0.233 0.007 0.386 0.006 0.153 0.006
2453265.43735 0.157 0.008 0.377 0.008 0.546 0.007 0.220 0.007 0.389 0.006 0.169 0.006
2453265.43772 0.156 0.008 0.362 0.008 0.540 0.007 0.206 0.007 0.384 0.006 0.178 0.006
2453265.43810 0.156 0.008 0.344 0.008 0.525 0.007 0.188 0.007 0.369 0.006 0.181 0.006
2453265.43847 0.158 0.008 0.355 0.008 0.537 0.007 0.197 0.007 0.379 0.006 0.182 0.006
2453265.43884 0.147 0.008 0.361 0.008 0.526 0.007 0.214 0.007 0.379 0.006 0.165 0.006
2453265.43922 0.179 0.008 0.374 0.008 0.559 0.007 0.195 0.007 0.380 0.006 0.185 0.006
2453265.43959 0.158 0.008 0.387 0.008 0.540 0.007 0.229 0.007 0.382 0.006 0.153 0.006
2453265.43997 0.151 0.007 0.355 0.007 0.551 0.006 0.204 0.007 0.400 0.006 0.196 0.006
2453265.44034 0.150 0.008 0.375 0.008 0.519 0.007 0.225 0.007 0.369 0.006 0.144 0.006
2453265.44072 0.179 0.008 0.378 0.008 0.539 0.007 0.199 0.007 0.360 0.006 0.161 0.006
2453265.44109 0.138 0.008 0.337 0.008 0.493 0.007 0.199 0.007 0.355 0.006 0.156 0.006
2453265.44146 0.136 0.008 0.346 0.008 0.536 0.007 0.210 0.007 0.400 0.006 0.190 0.006
2453265.44184 0.134 0.008 0.351 0.008 0.556 0.007 0.217 0.007 0.422 0.006 0.205 0.006
2453265.44221 0.170 0.008 0.380 0.008 0.555 0.007 0.210 0.007 0.385 0.006 0.175 0.006
2453265.44259 0.177 0.008 0.392 0.008 0.561 0.007 0.215 0.007 0.384 0.006 0.169 0.006
2453265.44296 0.149 0.008 0.357 0.008 0.550 0.007 0.208 0.007 0.401 0.006 0.193 0.006
2453265.44333 0.153 0.008 0.344 0.008 0.539 0.007 0.191 0.007 0.386 0.006 0.195 0.006
2453265.44370 0.179 0.008 0.381 0.008 0.560 0.007 0.202 0.007 0.381 0.006 0.179 0.006
2453265.44409 0.186 0.008 0.369 0.008 0.576 0.007 0.183 0.007 0.390 0.006 0.207 0.006
2453265.44446 0.151 0.008 0.365 0.008 0.548 0.007 0.214 0.007 0.397 0.006 0.183 0.006
2453265.44483 0.174 0.008 0.356 0.008 0.538 0.007 0.182 0.007 0.364 0.006 0.182 0.006
2453265.44521 0.141 0.008 0.362 0.008 0.542 0.007 0.221 0.007 0.401 0.006 0.180 0.006
2453265.44558 0.141 0.008 0.351 0.008 0.527 0.007 0.210 0.007 0.386 0.006 0.176 0.006
2453265.44595 0.146 0.008 0.365 0.008 0.532 0.007 0.219 0.007 0.386 0.006 0.167 0.006
2453265.44633 0.180 0.008 0.383 0.008 0.559 0.007 0.203 0.007 0.379 0.006 0.176 0.006
2453265.44670 0.183 0.008 0.396 0.008 0.572 0.007 0.213 0.007 0.389 0.006 0.176 0.006
2453265.44707 0.150 0.008 0.387 0.008 0.532 0.007 0.237 0.007 0.382 0.006 0.145 0.006
2453265.44745 0.192 0.008 0.393 0.008 0.564 0.007 0.201 0.007 0.372 0.006 0.171 0.006
2453265.44782 0.147 0.008 0.357 0.008 0.551 0.007 0.210 0.007 0.404 0.006 0.194 0.006
2453265.44819 0.178 0.008 0.367 0.008 0.531 0.007 0.189 0.007 0.353 0.006 0.164 0.006
2453265.44858 0.135 0.008 0.335 0.008 0.529 0.007 0.200 0.007 0.394 0.006 0.194 0.006
2453265.44895 0.132 0.008 0.350 0.008 0.523 0.007 0.218 0.007 0.391 0.006 0.173 0.006
2453265.44932 0.135 0.008 0.351 0.008 0.511 0.007 0.216 0.007 0.376 0.006 0.160 0.006
2453265.44969 0.174 0.008 0.366 0.008 0.572 0.007 0.192 0.007 0.398 0.006 0.206 0.006
2453265.45007 0.157 0.008 0.372 0.008 0.553 0.007 0.215 0.007 0.396 0.006 0.181 0.006
2453265.45044 0.161 0.008 0.383 0.008 0.542 0.007 0.222 0.007 0.381 0.006 0.159 0.006
2453265.45081 0.180 0.008 0.383 0.008 0.553 0.007 0.203 0.007 0.373 0.006 0.170 0.006
2453265.45119 0.151 0.008 0.342 0.008 0.535 0.007 0.191 0.007 0.384 0.006 0.193 0.006
2453265.45156 0.155 0.008 0.368 0.008 0.555 0.007 0.213 0.007 0.400 0.006 0.187 0.006
2453265.45193 0.134 0.008 0.351 0.008 0.523 0.007 0.217 0.007 0.389 0.006 0.172 0.006
2453265.45231 0.139 0.008 0.374 0.008 0.506 0.007 0.235 0.007 0.367 0.006 0.132 0.006
2453265.45269 0.167 0.008 0.360 0.008 0.545 0.007 0.193 0.007 0.378 0.006 0.185 0.006
2453265.45306 0.157 0.008 0.377 0.008 0.548 0.007 0.220 0.007 0.391 0.006 0.171 0.006
2453265.45344 0.167 0.008 0.328 0.008 0.520 0.007 0.161 0.007 0.353 0.006 0.192 0.006
2453265.45381 0.172 0.008 0.365 0.008 0.530 0.007 0.193 0.007 0.358 0.006 0.165 0.006
2453265.45418 0.162 0.008 0.363 0.008 0.523 0.007 0.201 0.007 0.361 0.006 0.160 0.006
2453265.45456 0.166 0.008 0.371 0.008 0.526 0.007 0.205 0.007 0.360 0.006 0.155 0.006
2453265.45493 0.161 0.008 0.390 0.008 0.547 0.007 0.229 0.007 0.386 0.006 0.157 0.006
2453265.45530 0.160 0.008 0.356 0.008 0.538 0.007 0.196 0.007 0.378 0.006 0.182 0.006
2453265.45567 0.162 0.008 0.371 0.008 0.553 0.007 0.209 0.007 0.391 0.006 0.182 0.006
2453265.45605 0.177 0.008 0.364 0.008 0.552 0.007 0.187 0.007 0.375 0.006 0.188 0.006
2453265.45642 0.157 0.008 0.384 0.008 0.562 0.007 0.227 0.007 0.405 0.006 0.178 0.006
2453265.45679 0.138 0.008 0.369 0.008 0.530 0.007 0.231 0.007 0.392 0.006 0.161 0.006
2453265.45718 0.161 0.008 0.379 0.008 0.561 0.007 0.218 0.007 0.400 0.006 0.182 0.006
2453265.45755 0.157 0.008 0.352 0.008 0.550 0.007 0.195 0.007 0.393 0.006 0.198 0.006
2453265.45792 0.142 0.008 0.363 0.008 0.530 0.007 0.221 0.007 0.388 0.006 0.167 0.006
2453265.45830 0.149 0.008 0.373 0.008 0.549 0.007 0.224 0.007 0.400 0.006 0.176 0.006
2453265.45867 0.153 0.008 0.390 0.008 0.545 0.007 0.237 0.007 0.392 0.006 0.155 0.006
2453265.45904 0.149 0.008 0.386 0.008 0.527 0.007 0.237 0.007 0.378 0.006 0.141 0.006
2453265.45942 0.141 0.008 0.342 0.008 0.526 0.007 0.201 0.007 0.385 0.006 0.184 0.006
2453265.45979 0.169 0.008 0.354 0.008 0.530 0.007 0.185 0.007 0.361 0.006 0.176 0.006
2453265.46016 0.167 0.008 0.396 0.008 0.520 0.007 0.229 0.007 0.353 0.006 0.124 0.006
2453265.46054 0.168 0.008 0.359 0.008 0.519 0.007 0.191 0.007 0.351 0.006 0.160 0.006
2453265.46091 0.144 0.008 0.366 0.008 0.571 0.007 0.222 0.007 0.427 0.006 0.205 0.006
2453265.46128 0.186 0.008 0.387 0.008 0.566 0.007 0.201 0.007 0.380 0.006 0.179 0.006
2453265.46166 0.171 0.008 0.367 0.008 0.548 0.007 0.196 0.007 0.377 0.006 0.181 0.006
2453265.46204 0.147 0.008 0.359 0.008 0.537 0.007 0.212 0.007 0.390 0.006 0.178 0.006
2453265.46241 0.160 0.008 0.363 0.008 0.531 0.007 0.203 0.007 0.371 0.006 0.168 0.006
2453265.46278 0.184 0.008 0.396 0.008 0.562 0.007 0.212 0.007 0.378 0.006 0.166 0.006
2453265.46316 0.171 0.008 0.397 0.008 0.548 0.007 0.226 0.007 0.377 0.006 0.151 0.006
2453265.46353 0.165 0.008 0.391 0.008 0.588 0.007 0.226 0.007 0.423 0.006 0.197 0.006
2453265.46390 0.156 0.008 0.399 0.008 0.574 0.007 0.243 0.007 0.418 0.006 0.175 0.006
2453265.46428 0.188 0.008 0.400 0.008 0.598 0.007 0.212 0.007 0.410 0.006 0.198 0.006
2453265.46465 0.169 0.008 0.395 0.008 0.551 0.007 0.226 0.007 0.382 0.006 0.156 0.006
2453265.46502 0.164 0.008 0.367 0.008 0.553 0.007 0.203 0.007 0.389 0.006 0.186 0.006
2453265.46541 0.169 0.008 0.369 0.008 0.553 0.007 0.200 0.007 0.384 0.006 0.184 0.006
2453265.46578 0.195 0.008 0.381 0.008 0.577 0.007 0.186 0.007 0.382 0.006 0.196 0.006
2453265.46615 0.154 0.008 0.386 0.008 0.551 0.007 0.232 0.007 0.397 0.006 0.165 0.006
2453265.46653 0.202 0.008 0.404 0.008 0.573 0.007 0.202 0.007 0.371 0.006 0.169 0.006
2453265.46690 0.160 0.008 0.381 0.008 0.545 0.007 0.221 0.007 0.385 0.006 0.164 0.006
2453265.46727 0.140 0.008 0.370 0.008 0.554 0.007 0.230 0.007 0.414 0.006 0.184 0.006
2453265.46765 0.164 0.008 0.386 0.008 0.555 0.007 0.222 0.007 0.391 0.006 0.169 0.006
2453265.46802 0.146 0.008 0.367 0.008 0.548 0.007 0.221 0.007 0.402 0.006 0.181 0.006
2453265.46839 0.178 0.008 0.403 0.008 0.557 0.007 0.225 0.007 0.379 0.006 0.154 0.006
2453265.46877 0.177 0.008 0.373 0.008 0.549 0.007 0.196 0.007 0.372 0.006 0.176 0.006
2453265.46914 0.180 0.008 0.386 0.008 0.547 0.007 0.206 0.007 0.367 0.006 0.161 0.006
2453265.46951 0.142 0.008 0.360 0.008 0.529 0.007 0.218 0.007 0.387 0.006 0.169 0.006
2453265.46990 0.172 0.008 0.372 0.008 0.535 0.007 0.200 0.007 0.363 0.006 0.163 0.006
2453265.47027 0.175 0.008 0.387 0.008 0.571 0.007 0.212 0.007 0.396 0.006 0.184 0.006


2453265.47102 0.141 0.008 0.361 0.008 0.527 0.007 0.220 0.007 0.386 0.006 0.166 0.006
2453265.47139 0.175 0.008 0.407 0.008 0.577 0.007 0.232 0.007 0.402 0.006 0.170 0.006
2453265.47176 0.174 0.008 0.369 0.008 0.560 0.007 0.195 0.007 0.386 0.006 0.191 0.006
2453265.47214 0.165 0.008 0.411 0.008 0.550 0.007 0.246 0.007 0.385 0.006 0.139 0.006
2453265.47251 0.166 0.008 0.412 0.008 0.559 0.007 0.246 0.007 0.393 0.006 0.147 0.006
2453265.47288 0.176 0.008 0.398 0.008 0.580 0.007 0.222 0.007 0.404 0.006 0.182 0.006
2453265.47326 0.181 0.008 0.394 0.008 0.534 0.007 0.213 0.007 0.353 0.006 0.140 0.006
2453265.47363 0.173 0.008 0.407 0.008 0.574 0.007 0.234 0.007 0.401 0.006 0.167 0.006
2453265.47400 0.165 0.008 0.399 0.008 0.568 0.007 0.234 0.007 0.403 0.006 0.169 0.006
2453265.47439 0.170 0.008 0.410 0.008 0.574 0.007 0.240 0.007 0.404 0.006 0.164 0.006
