2453285.21119 0.187 0.009
2453285.21156 0.194 0.009
2453285.21231 0.190 0.008
2453285.21268 0.180 0.008
2453285.21305 0.200 0.008
2453285.21343 0.165 0.008
2453285.21380 0.194 0.008
2453285.21418 0.175 0.008
2453285.21455 0.209 0.008
2453285.21568 0.183 0.008
2453285.21642 0.204 0.008
2453285.21680 0.221 0.008
2453285.21754 0.195 0.008
2453285.21792 0.177 0.007
2453285.21829 0.204 0.007
2453285.21905 0.168 0.007
2453285.21942 0.155 0.007
2453285.21979 0.211 0.007
2453285.22054 0.198 0.007
2453285.22091 0.190 0.007
2453285.22166 0.186 0.007
2453285.22240 0.190 0.007
2453285.22278 0.185 0.007
2453285.22391 0.229 0.007
2453285.22503 0.145 0.007
2453285.22577 0.201 0.007
2453285.22615 0.229 0.007
2453285.22689 0.216 0.007
2453285.22877 0.165 0.007
2453285.22914 0.228 0.006
2453285.22989 0.225 0.006
2453285.23101 0.139 0.007
2453285.23175 0.199 0.006
2453285.23214 0.189 0.006
2453285.23326 0.199 0.006
2453285.23438 0.207 0.007
2453285.23475 0.202 0.006
2453285.23512 0.152 0.007
2453285.23550 0.188 0.006
2453285.23587 0.204 0.006
2453285.23624 0.192 0.007
2453285.23663 0.197 0.007
2453285.23737 0.194 0.007
2453285.23849 0.202 0.007
2453285.23924 0.177 0.007
2453285.23961 0.206 0.006
2453285.23998 0.198 0.006
2453285.24036 0.198 0.006
2453285.24111 0.167 0.007
2453285.24149 0.197 0.006
2453285.24261 0.203 0.007
2453285.24335 0.183 0.007
2453285.24373 0.159 0.007
2453285.24447 0.192 0.007
2453285.24560 0.161 0.007
2453285.24598 0.195 0.007
2453285.24635 0.231 0.006
2453285.24672 0.176 0.007
2453285.24747 0.174 0.007
2453285.24784 0.167 0.007
2453285.24822 0.166 0.007
2453285.24859 0.200 0.007
2453285.24972 0.195 0.007
2453285.25046 0.174 0.007
2453285.25084 0.212 0.007
2453285.25158 0.197 0.007
2453285.25196 0.184 0.007
2453285.25270 0.167 0.007
2453285.25309 0.189 0.007
2453285.25384 0.189 0.007
2453285.25459 0.208 0.006
2453285.25496 0.193 0.007
2453285.25608 0.178 0.007
2453285.25645 0.187 0.006
2453285.25683 0.215 0.006
2453285.25720 0.178 0.007
2453285.25796 0.166 0.007
2453285.25833 0.172 0.007
2453285.25870 0.157 0.007
2453285.25908 0.168 0.007
2453285.25982 0.210 0.006
2453285.26020 0.213 0.006
2453285.26057 0.151 0.007
2453285.26094 0.180 0.007
2453285.26169 0.196 0.007
2453285.26206 0.192 0.007
2453285.26244 0.179 0.007
2453285.26282 0.200 0.007
2453285.26319 0.172 0.007
2453285.26394 0.186 0.007
2453285.26431 0.170 0.007
2453285.26468 0.183 0.006
2453285.26506 0.170 0.007
2453285.26543 0.182 0.007
2453285.26580 0.198 0.006
2453285.26617 0.204 0.006
2453285.26656 0.199 0.007
2453285.26730 0.179 0.007
2453285.26768 0.187 0.007
2453285.26805 0.174 0.007
2453285.26842 0.194 0.007
2453285.26917 0.167 0.006
2453285.26954 0.202 0.006
2453285.26992 0.184 0.007
2453285.27490 0.199 0.007
2453285.27527 0.206 0.006
2453285.27565 0.192 0.006
2453285.27602 0.211 0.006
2453285.27639 0.184 0.007
2453285.27752 0.186 0.007
2453285.27827 0.205 0.006
2453285.27864 0.184 0.006
2453285.27939 0.155 0.007
2453285.27976 0.190 0.007
2453285.28051 0.172 0.007
2453285.28164 0.203 0.006
2453285.28276 0.204 0.007
2453285.28313 0.205 0.006
2453285.28350 0.176 0.007
2453285.28388 0.214 0.006
2453285.28462 0.189 0.007
2453285.28500 0.186 0.007
2453285.28537 0.151 0.007
2453285.28575 0.199 0.007
2453285.28687 0.182 0.007
2453285.28724 0.155 0.007
2453285.28762 0.186 0.007
2453285.28799 0.190 0.006
2453285.28911 0.182 0.007
2453285.28948 0.187 0.007
2453285.29024 0.191 0.006
2453285.29099 0.180 0.007
2453285.29136 0.225 0.006
2453285.29173 0.157 0.007
2453285.29210 0.184 0.006
2453285.29248 0.200 0.007
2453285.29322 0.191 0.007
2453285.29397 0.176 0.007
2453285.29473 0.206 0.007
2453285.29547 0.202 0.007
2453285.29585 0.183 0.007
2453285.29659 0.169 0.007
2453285.29696 0.224 0.006
2453285.29734 0.165 0.007
2453285.29771 0.196 0.007
2453285.29808 0.206 0.007
2453285.29884 0.203 0.007
2453285.29996 0.220 0.006
2453285.30108 0.183 0.007
2453285.30182 0.196 0.007
2453285.30220 0.204 0.006
2453285.30294 0.174 0.007
2453285.30333 0.174 0.007
2453285.30370 0.174 0.007
2453285.30407 0.178 0.007
2453285.30557 0.235 0.006
2453285.30594 0.193 0.007
2453285.30631 0.170 0.007
2453285.30669 0.194 0.007
2453285.30744 0.227 0.006
2453285.30781 0.178 0.007
2453285.30819 0.195 0.006
2453285.30893 0.174 0.007
2453285.30968 0.193 0.007
2453285.31006 0.173 0.007
2453285.31080 0.179 0.007
2453285.31117 0.179 0.007
2453285.31193 0.226 0.007
2453285.31230 0.193 0.007
2453285.31342 0.215 0.007
2453285.31454 0.223 0.007
2453285.31529 0.173 0.007
2453285.31566 0.206 0.007
2453285.31642 0.191 0.007
2453285.31679 0.179 0.007
2453285.31754 0.187 0.007
2453285.31866 0.226 0.007
2453285.31903 0.170 0.007
2453285.31978 0.200 0.007
2453285.32015 0.223 0.007
2453285.32090 0.216 0.007
2453285.32128 0.180 0.007
2453285.32202 0.224 0.007
2453285.32240 0.206 0.007
2453285.32314 0.205 0.007
2453285.32352 0.168 0.007
2453285.32426 0.198 0.007
2453285.32465 0.165 0.007
2453285.32539 0.182 0.007
2453285.32576 0.170 0.007
2453285.32614 0.195 0.007
2453285.32651 0.191 0.007
2453285.32688 0.205 0.007
2453285.32800 0.162 0.007
2453285.32875 0.205 0.007
2453285.32912 0.192 0.007
2453285.32951 0.225 0.007
2453285.33025 0.190 0.007
2453285.33100 0.190 0.007
2453285.33137 0.184 0.007
2453285.33174 0.209 0.007
2453285.33212 0.210 0.007
2453285.33249 0.209 0.007
2453285.33286 0.160 0.007
2453285.33399 0.205 0.007
2453285.33474 0.182 0.007
2453285.33511 0.167 0.007
2453285.33586 0.186 0.007
2453285.33623 0.198 0.007
2453285.33698 0.199 0.007
2453285.33735 0.211 0.007
2453285.33772 0.205 0.007
2453285.33811 0.195 0.007
2453285.33848 0.205 0.007
2453285.33885 0.213 0.007
2453285.33960 0.165 0.007
2453285.33997 0.188 0.007
2453285.34072 0.210 0.007
2453285.34109 0.176 0.007
2453285.34184 0.190 0.007
2453285.34222 0.173 0.007
2453285.34334 0.194 0.007
2453285.34371 0.174 0.007
2453285.34409 0.185 0.007
2453285.34446 0.200 0.007
2453285.34483 0.210 0.007
2453285.34521 0.211 0.007
2453285.34558 0.213 0.007
2453285.34595 0.199 0.007
2453285.34970 0.193 0.007
2453285.35009 0.175 0.007
2453285.35046 0.204 0.007
2453285.35158 0.208 0.007
2453285.35195 0.203 0.007
2453285.35270 0.203 0.007
2453285.35307 0.192 0.007
2453285.35344 0.206 0.007
2453285.35382 0.199 0.007
2453285.35419 0.186 0.007
2453285.35495 0.205 0.007
2453285.35532 0.212 0.007
2453285.35644 0.193 0.007
2453285.35681 0.211 0.007
2453285.35756 0.205 0.007
2453285.35793 0.191 0.007
2453285.35906 0.216 0.007
2453285.35943 0.212 0.007
2453285.35981 0.180 0.007
2453285.36018 0.201 0.007
2453285.36055 0.214 0.007
2453285.36093 0.186 0.007
2453285.36130 0.192 0.007
2453285.36167 0.237 0.007
2453285.36205 0.206 0.007
2453285.36242 0.205 0.007
2453285.36279 0.199 0.007
2453285.36392 0.184 0.007
2453285.36429 0.186 0.007
2453285.36467 0.204 0.007
2453285.36504 0.194 0.007
2453285.36541 0.190 0.007
2453285.36579 0.196 0.007
2453285.36616 0.227 0.007
2453285.36653 0.206 0.007
2453285.36805 0.183 0.007
2453285.36879 0.219 0.007
2453285.36916 0.193 0.007
2453285.36954 0.208 0.007
2453285.36991 0.200 0.007
2453285.37066 0.202 0.007
2453285.37103 0.186 0.007
2453285.37140 0.191 0.007
2453285.37179 0.194 0.007
2453285.37253 0.199 0.007
2453285.37291 0.202 0.007
2453285.37328 0.205 0.007
2453285.37365 0.194 0.007
2453285.37477 0.214 0.007
2453285.37552 0.211 0.007
2453285.37589 0.213 0.007
2453285.37626 0.175 0.007
2453285.37739 0.192 0.007
2453285.37777 0.201 0.007
2453285.37889 0.200 0.007
2453285.37926 0.202 0.007
2453285.38394 0.230 0.008
2453285.38431 0.238 0.008
2453285.38469 0.206 0.007
2453285.38506 0.202 0.008
2453285.38543 0.194 0.007
2453285.38581 0.221 0.007
2453285.38655 0.188 0.007
2453285.38692 0.175 0.007
2453285.38731 0.198 0.007
2453285.38768 0.212 0.007
2453285.38805 0.201 0.007
2453285.38843 0.188 0.008
2453285.38880 0.203 0.008
2453285.38917 0.201 0.008
2453285.38955 0.181 0.008
2453285.39067 0.200 0.008
2453285.39104 0.183 0.007
2453285.39141 0.218 0.007
2453285.39254 0.204 0.008
2453285.39291 0.209 0.008
2453285.39329 0.203 0.008
2453285.39366 0.182 0.008
2453285.39403 0.209 0.008
2453285.39441 0.215 0.008
2453285.39554 0.203 0.008
2453285.39591 0.205 0.008
2453285.39703 0.193 0.008
2453285.39740 0.211 0.008
2453285.39777 0.206 0.008
2453285.39815 0.208 0.008
2453285.39852 0.205 0.008
2453285.39889 0.194 0.008
2453285.39927 0.190 0.008
2453285.39964 0.214 0.008
2453285.40001 0.214 0.008
2453285.40040 0.214 0.008
2453285.40077 0.170 0.008
2453285.40152 0.189 0.008
2453285.40189 0.213 0.008
2453285.40226 0.225 0.008
2453285.40263 0.215 0.008
2453285.40301 0.198 0.008
2453285.40338 0.182 0.008
2453285.40375 0.192 0.008
2453285.40413 0.208 0.008
2453285.40451 0.192 0.008
2453285.40488 0.213 0.008
2453285.40526 0.215 0.008
2453285.40563 0.199 0.008
2453285.40600 0.195 0.008
2453285.40638 0.211 0.008
2453285.40675 0.225 0.008
2453285.40712 0.203 0.008
2453285.40749 0.222 0.008
2453285.40787 0.205 0.008
2453285.40824 0.181 0.008
2453285.40861 0.225 0.008
2453285.40900 0.218 0.008
2453285.40937 0.183 0.008
2453285.40974 0.204 0.008
2453285.41012 0.208 0.008
2453285.41049 0.199 0.008
2453285.41086 0.212 0.008
2453285.41124 0.230 0.008
2453285.41161 0.217 0.008
2453285.41198 0.225 0.008
2453285.41236 0.213 0.008
2453285.41273 0.207 0.008
2453285.41310 0.204 0.008
2453285.41348 0.220 0.008
2453285.41386 0.225 0.008
2453285.41423 0.205 0.008
2453285.41460 0.220 0.008
2453285.41498 0.217 0.008
2453285.41535 0.203 0.008
2453285.41572 0.228 0.008
2453285.41610 0.230 0.008
2453285.41647 0.196 0.008
2453285.41684 0.181 0.008
2453285.41723 0.223 0.008
2453285.41760 0.198 0.008
2453285.41834 0.198 0.008
2453285.41872 0.233 0.008
2453285.41909 0.203 0.008
2453285.41946 0.201 0.008
2453285.41984 0.241 0.008
2453285.42021 0.206 0.008
2453285.42058 0.227 0.008
2453285.42096 0.190 0.008
2453285.42133 0.224 0.008
2453285.42170 0.244 0.008
2453285.42209 0.219 0.008
2453285.42246 0.209 0.008
2453285.42283 0.206 0.008
2453285.42320 0.204 0.008
2453285.42358 0.200 0.008
2453285.42395 0.229 0.008
2453285.42432 0.177 0.008
2453285.42470 0.179 0.008
