2453218.31049 1.330 0.023
2453218.31125 1.321 0.023
2453218.31162 1.347 0.023
2453218.31236 1.384 0.023
2453218.31311 1.315 0.022
2453218.31348 1.347 0.023
2453218.31385 1.316 0.022
2453218.31423 1.328 0.022
2453218.31460 1.359 0.022
2453218.31534 1.279 0.021
2453218.31610 1.293 0.021
2453218.31647 1.336 0.022
2453218.31684 1.338 0.022
2453218.31722 1.297 0.022
2453218.31759 1.326 0.022
2453218.31796 1.352 0.022
2453218.31871 1.260 0.021
2453218.31908 1.269 0.021
2453218.31945 1.299 0.021
2453218.31984 1.302 0.021
2453218.32021 1.283 0.019
2453218.32095 1.239 0.019
2453218.32170 1.356 0.020
2453218.32244 1.295 0.020
2453218.32282 1.292 0.020
2453218.32393 1.304 0.020
2453218.32431 1.296 0.019
2453218.32468 1.325 0.020
2453218.32506 1.320 0.022
2453218.32543 1.336 0.020
2453218.32581 1.343 0.020
2453218.32618 1.341 0.020
2453218.32655 1.344 0.019
2453218.32730 1.358 0.021
2453218.32804 1.328 0.019
2453218.32841 1.335 0.020
2453218.32879 1.308 0.020
2453218.32916 1.294 0.020
2453218.32953 1.352 0.020
2453218.32990 1.296 0.019
2453218.33029 1.309 0.019
2453218.33066 1.285 0.019
2453218.33140 1.300 0.018
2453218.33178 1.294 0.019
2453218.33252 1.268 0.019
2453218.33289 1.310 0.019
2453218.33364 1.273 0.019
2453218.33401 1.260 0.019
2453218.33438 1.275 0.020
2453218.33588 1.265 0.018
2453218.33626 1.272 0.019
2453218.33663 1.265 0.018
2453218.33700 1.271 0.019
2453218.33737 1.308 0.019
2453218.33812 1.259 0.018
2453218.33849 1.251 0.019
2453218.33886 1.258 0.018
2453218.33924 1.284 0.019
2453218.33962 1.289 0.019
2453218.33999 1.244 0.019
2453218.34036 1.266 0.018
2453218.34074 1.245 0.019
2453218.34111 1.242 0.018
2453218.34185 1.249 0.018
2453218.34223 1.277 0.018
2453218.34297 1.272 0.019
2453218.34335 1.250 0.019
2453218.34372 1.227 0.018
2453218.34446 1.260 0.018
2453218.34485 1.262 0.018
2453218.34671 1.243 0.018
2453218.34745 1.253 0.018
2453218.34820 1.242 0.018
2453218.34857 1.262 0.018
2453218.34894 1.296 0.018
2453218.34970 1.231 0.017
2453218.35007 1.241 0.018
2453218.35119 1.278 0.018
2453218.35156 1.238 0.017
2453218.35193 1.224 0.017
2453218.35268 1.274 0.018
2453218.35305 1.249 0.017
2453218.35418 1.251 0.017
2453218.35455 1.256 0.017
2453218.35530 1.237 0.017
2453218.35567 1.252 0.018
2453218.35604 1.219 0.017
2453218.35641 1.239 0.018
2453218.35679 1.232 0.017
2453218.35716 1.255 0.018
2453218.35753 1.252 0.017
2453218.35790 1.268 0.017
2453218.35865 1.300 0.018
2453218.35902 1.248 0.018
2453218.35940 1.233 0.018
2453218.35978 1.238 0.017
2453218.36015 1.239 0.017
2453218.36052 1.240 0.018
2453218.36201 1.214 0.017
2453218.36238 1.248 0.017
2453218.36276 1.251 0.017
2453218.36313 1.220 0.017
2453218.36350 1.252 0.018
2453218.36389 1.255 0.017
2453218.36463 1.203 0.018
2453218.36500 1.197 0.017
2453218.36575 1.208 0.017
2453218.36612 1.216 0.017
2453218.36649 1.176 0.017
2453218.36687 1.223 0.018
2453218.36724 1.203 0.017
2453218.36761 1.216 0.018
2453218.36837 1.221 0.017
2453218.36874 1.217 0.017
2453218.36911 1.279 0.018
2453218.36948 1.231 0.017
2453218.36986 1.237 0.018
2453218.37023 1.260 0.018
2453218.37060 1.215 0.017
2453218.37097 1.243 0.017
2453218.37135 1.246 0.018
2453218.37172 1.203 0.017
2453218.37246 1.201 0.017
2453218.37284 1.255 0.018
2453218.37359 1.249 0.018
2453218.37396 1.243 0.019
2453218.37434 1.241 0.018
2453218.37471 1.236 0.018
2453218.37508 1.263 0.018
2453218.37546 1.244 0.018
2453218.37583 1.275 0.018
2453218.37657 1.250 0.018
2453218.37695 1.258 0.018
2453218.37732 1.251 0.018
2453218.37769 1.247 0.018
2453218.37806 1.258 0.018
2453218.37882 1.255 0.018
2453218.37919 1.269 0.019
2453218.37994 1.261 0.018
2453218.38031 1.246 0.018
2453218.38068 1.273 0.019
2453218.38105 1.282 0.018
2453218.38143 1.278 0.019
2453218.38180 1.264 0.018
2453218.38217 1.245 0.018
2453218.38254 1.237 0.018
2453218.38293 1.232 0.019
2453218.38330 1.263 0.019
2453218.38367 1.228 0.018
2453218.38442 1.238 0.018
2453218.38553 1.216 0.018
2453218.38591 1.244 0.018
2453218.38628 1.197 0.017
2453218.38665 1.237 0.018
2453218.38702 1.218 0.017
2453218.38740 1.235 0.019
2453218.38777 1.196 0.017
2453218.38815 1.220 0.018
2453218.38852 1.228 0.018
2453218.38890 1.193 0.017
2453218.38927 1.211 0.017
2453218.38964 1.195 0.017
2453218.39001 1.200 0.018
2453218.39039 1.192 0.017
2453218.39076 1.196 0.017
2453218.39113 1.233 0.018
2453218.39188 1.219 0.017
2453218.39225 1.228 0.018
2453218.39262 1.166 0.017
2453218.39338 1.169 0.017
2453218.39449 1.196 0.017
2453218.39487 1.152 0.017
2453218.39524 1.146 0.017
2453218.39561 1.154 0.017
2453218.39673 1.182 0.017
2453218.39823 1.172 0.017
2453218.39897 1.186 0.017
2453218.39935 1.231 0.018
2453218.40046 1.200 0.017
2453218.40121 1.173 0.017
2453218.40195 1.197 0.017
2453218.40308 1.236 0.018
2453218.40420 1.168 0.017
2453218.40457 1.203 0.018
2453218.40494 1.179 0.017
2453218.40532 1.186 0.017
2453218.40643 1.166 0.017
2453218.40681 1.179 0.017
2453218.40831 1.158 0.017
2453218.40868 1.170 0.017
2453218.40905 1.189 0.017
2453218.40943 1.140 0.017
2453218.41092 1.177 0.017
2453218.41129 1.150 0.017
2453218.41166 1.123 0.017
2453218.41279 1.136 0.017
2453218.41465 1.149 0.017
2453218.41502 1.219 0.018
2453218.41764 1.181 0.017
2453218.41876 1.151 0.017
2453218.42062 1.216 0.018
2453218.42174 1.181 0.017
2453218.42249 1.197 0.017
2453218.42696 1.190 0.018
2453218.42772 1.178 0.017
2453218.42809 1.206 0.018
2453218.42884 1.225 0.018
2453218.42995 1.222 0.018
2453218.43070 1.206 0.018
2453218.43220 1.206 0.018
2453218.43406 1.231 0.018
2453218.43481 1.206 0.018
2453218.43705 1.201 0.019
2453218.43817 1.227 0.019
2453218.43891 1.264 0.019
2453218.43929 1.248 0.019
2453218.43966 1.217 0.018
2453218.44003 1.238 0.019
2453218.44040 1.218 0.018
2453218.44115 1.255 0.019
2453218.44152 1.284 0.020
2453218.44190 1.245 0.019
2453218.44228 1.306 0.019
2453218.44265 1.244 0.019
2453218.44339 1.296 0.019
2453218.44526 1.284 0.019
2453218.44563 1.273 0.020
2453218.44600 1.330 0.020
2453218.44637 1.347 0.020
2453218.44676 1.308 0.019
2453218.44825 1.343 0.020
2453218.45124 1.328 0.022
2453218.45198 1.370 0.021
2453218.45235 1.366 0.020
2453218.45385 1.343 0.020
2453218.45422 1.335 0.022
2453218.45534 1.379 0.022
2453218.45609 1.354 0.021
2453218.45646 1.366 0.021
2453218.45795 1.374 0.021
2453218.45870 1.365 0.021
2453218.45944 1.374 0.022
2453218.45982 1.343 0.022
2453218.46019 1.369 0.022
2453218.46056 1.427 0.023
2453218.46093 1.372 0.022
2453218.46132 1.388 0.022
2453218.46281 1.415 0.022
2453218.46355 1.444 0.022
2453218.46392 1.418 0.022
2453218.46430 1.411 0.022
2453218.46467 1.429 0.022
2453218.46504 1.446 0.023
2453218.46541 1.483 0.023
2453218.46580 1.460 0.023
2453218.46617 1.419 0.022
2453218.46691 1.464 0.023
2453218.46803 1.404 0.022
2453218.46878 1.431 0.022
2453218.46915 1.452 0.023
2453218.46952 1.477 0.023
2453218.46989 1.481 0.023
2453218.47027 1.451 0.023
2453218.47065 1.459 0.023
2453218.47177 1.462 0.023
2453218.47214 1.465 0.023
2453218.47251 1.470 0.022
2453218.47326 1.467 0.023
2453218.47363 1.472 0.023
2453218.47400 1.518 0.023
2453218.47437 1.514 0.024
2453218.47475 1.473 0.023
2453218.47512 1.515 0.023
2453218.47549 1.449 0.023
2453218.47625 1.503 0.023
2453218.47662 1.497 0.023
2453218.47699 1.499 0.024
2453218.47736 1.536 0.024
2453218.47774 1.524 0.024
2453218.47811 1.557 0.024
2453218.47848 1.495 0.023
2453218.47885 1.519 0.024
2453218.47923 1.490 0.024
2453218.47960 1.489 0.023
2453218.47997 1.485 0.023
2453218.48034 1.535 0.024
2453218.48073 1.509 0.024
2453218.48147 1.553 0.024
2453218.48185 1.589 0.025
2453218.48222 1.542 0.025
2453218.48334 1.516 0.024
2453218.48371 1.554 0.024
2453218.48408 1.563 0.025
2453218.48445 1.555 0.024
2453218.48484 1.544 0.025
2453218.48521 1.488 0.023
2453218.48558 1.609 0.025
2453218.48707 1.589 0.026
2453218.48744 1.545 0.026
2453218.48819 1.597 0.025
2453218.48856 1.620 0.026
2453218.48893 1.600 0.026
2453218.48968 1.614 0.025
2453218.49006 1.602 0.026
2453218.49043 1.573 0.025
2453218.49118 1.600 0.027
2453218.49155 1.573 0.026
2453218.49230 1.611 0.026
2453218.49267 1.594 0.025
2453218.49379 1.614 0.027
2453218.49416 1.601 0.026
2453218.49453 1.549 0.026
2453218.49490 1.611 0.026
2453218.49529 1.624 0.027
2453218.49566 1.602 0.027
2453218.49603 1.613 0.026
2453218.49640 1.593 0.026
2453218.49678 1.614 0.026
2453218.49715 1.602 0.026
2453218.49752 1.637 0.027
2453218.49789 1.580 0.026
2453218.49827 1.590 0.027
2453218.49864 1.658 0.026
2453218.49901 1.681 0.028
2453218.49938 1.619 0.027
2453218.49977 1.615 0.027
2453218.50014 1.680 0.027
2453218.50051 1.625 0.027
2453218.50088 1.648 0.027
2453218.50126 1.643 0.029
2453218.50163 1.715 0.029
2453218.50200 1.636 0.027
2453218.50237 1.629 0.027
2453218.50275 1.699 0.029
2453218.50312 1.659 0.028
2453218.50349 1.693 0.029
2453218.50386 1.691 0.029
2453218.50424 1.680 0.028
2453218.50462 1.685 0.029
2453218.50499 1.653 0.029
2453218.50536 1.664 0.029
2453218.50611 1.673 0.027
2453218.50648 1.667 0.026
2453218.50723 1.742 0.026
2453218.50760 1.682 0.027
2453218.50834 1.762 0.027
2453218.50872 1.764 0.026
2453218.50946 1.730 0.025
2453218.50985 1.698 0.026
2453218.51022 1.676 0.024
2453218.51059 1.691 0.026
2453218.51096 1.693 0.027
2453218.51171 1.681 0.027
2453218.51208 1.683 0.028
2453218.51245 1.722 0.029
2453218.51283 1.710 0.034
2453218.51321 1.737 0.028
2453218.51358 1.719 0.028
2453218.51395 1.695 0.028
2453218.51508 1.741 0.029
2453218.51545 1.753 0.029
2453218.51583 1.746 0.033
2453218.51620 1.811 0.031
2453218.51657 1.742 0.030
2453218.51694 1.753 0.047
2453218.51732 1.705 0.162
2453218.51769 1.714 0.075
2453218.51806 1.901 0.111
2453218.51919 1.772 0.073
2453218.51956 1.734 0.028
2453218.51994 1.850 0.074
2453218.52105 1.744 0.085
2453218.52366 1.778 0.041
2453218.52442 1.738 0.028
2453218.52516 1.719 0.033
2453218.52553 1.763 0.048
2453218.52591 1.748 0.038
2453218.52665 1.781 0.041
2453218.52702 1.714 0.040
2453218.52890 1.905 0.085
2453218.53039 1.661 0.191
2453218.53188 1.994 0.123
2453218.53561 1.462 0.297
2453218.53636 1.851 0.098
2453218.53673 1.810 0.058
2453218.53710 1.764 0.036
2453218.53822 1.769 0.050
2453218.53898 2.003 0.172
2453218.54121 1.621 0.180
2453218.54158 1.779 0.035
2453218.54196 1.774 0.035
2453218.54233 1.851 0.035
2453218.54270 1.748 0.032
2453218.54307 1.705 0.032
2453218.54346 1.761 0.032
2453218.54383 1.877 0.036
2453218.54420 1.763 0.033
2453218.54457 1.740 0.030
2453218.54532 1.795 0.030
2453218.54569 1.758 0.032
2453218.54606 1.701 0.033
2453218.54644 1.795 0.033
2453218.54681 1.826 0.034
2453218.54718 1.789 0.033
2453218.54755 1.783 0.033
2453218.54794 1.765 0.035
2453218.54831 1.758 0.036
2453218.54868 1.799 0.036
2453218.54943 1.721 0.033
2453218.54980 1.800 0.033
2453218.55017 1.804 0.034
2453218.55054 1.849 0.036
2453218.55092 1.727 0.032
2453218.55129 1.724 0.033
2453218.55166 1.797 0.037
2453218.55203 1.756 0.044
2453218.55241 1.615 0.072
2453218.55353 1.775 0.045
2453218.55391 1.713 0.090
2453218.55800 0.953 0.588
2453218.56099 2.006 0.118
2453218.56547 1.551 0.230
2453218.56622 1.533 0.136
2453218.56696 1.669 0.091
2453218.56772 1.578 0.066
2453218.56809 1.400 0.118
2453218.56846 1.371 0.133
2453218.56884 1.591 0.050
2453218.56995 1.586 0.056
2453218.57033 1.587 0.057
2453218.57070 1.563 0.073
2453218.57107 1.536 0.044
2453218.57144 1.460 0.044
2453218.57182 1.484 0.056
2453218.57219 1.677 0.087
2453218.57257 1.521 0.077
2453218.57294 1.510 0.125
2453218.57332 1.558 0.156
2453218.57369 1.332 0.093
2453218.57406 1.313 0.083
2453218.57481 1.413 0.050
2453218.57518 1.461 0.072
2453218.57555 1.640 0.141
2453218.57592 1.584 0.087
2453218.57630 1.442 0.168
2453218.57667 1.504 0.163
2453218.57704 1.327 0.064
2453218.57780 1.467 0.034
2453218.57817 1.506 0.035
2453218.57854 1.479 0.034
2453218.57891 1.498 0.035
2453218.57966 1.546 0.036
2453218.58003 1.446 0.034
2453218.58040 1.456 0.036
2453218.58078 1.413 0.034
2453218.58115 1.369 0.034
2453218.58152 1.500 0.034
2453218.58189 1.420 0.034
2453218.58228 1.398 0.034
2453218.58265 1.448 0.034
2453218.58302 1.438 0.034
2453218.58339 1.454 0.035
2453218.58377 1.401 0.034
2453218.58414 1.499 0.037
2453218.58451 1.412 0.034
2453218.58488 1.426 0.034
2453218.58526 1.516 0.037
2453218.58563 1.426 0.036
2453218.58600 1.469 0.036
2453218.58637 1.418 0.035
2453218.58675 1.465 0.037
2453218.58713 1.441 0.037
2453218.58750 1.416 0.038
2453218.58787 1.406 0.037
2453218.58825 1.497 0.039
2453218.58862 1.433 0.039
2453218.58899 1.511 0.041
2453218.58936 1.412 0.040
2453218.58974 1.436 0.040
2453218.59011 1.457 0.040
2453218.59048 1.476 0.040
2453218.59085 1.415 0.040
2453218.59123 1.360 0.038
2453218.59160 1.361 0.040
2453218.59197 1.488 0.047
2453218.59235 1.457 0.047
2453218.59273 1.390 0.048
2453218.59310 1.407 0.046
2453218.59347 1.399 0.048
2453218.59384 1.413 0.048
2453218.59422 1.428 0.051
2453218.59459 1.397 0.050
2453218.59496 1.412 0.054
2453218.59533 1.439 0.053
2453218.59571 1.405 0.055
2453218.59608 1.331 0.087
2453218.59645 1.378 0.089
2453218.59721 1.150 0.120
