2453210.35547 0.180 0.007
2453210.35594 0.203 0.007
2453210.35640 0.167 0.007
2453210.35734 0.172 0.007
2453210.35780 0.174 0.007
2453210.35827 0.208 0.007
2453210.35873 0.170 0.007
2453210.35920 0.203 0.007
2453210.35967 0.168 0.007
2453210.36013 0.203 0.007
2453210.36059 0.179 0.007
2453210.36107 0.173 0.007
2453210.36153 0.203 0.007
2453210.36199 0.181 0.007
2453210.36246 0.196 0.007
2453210.36293 0.174 0.007
2453210.36339 0.177 0.007
2453210.36386 0.162 0.007
2453210.36432 0.178 0.007
2453210.36479 0.182 0.007
2453210.36526 0.172 0.007
2453210.36618 0.175 0.007
2453210.36666 0.189 0.007
2453210.36758 0.186 0.007
2453210.36805 0.188 0.007
2453210.36852 0.177 0.007
2453210.36945 0.187 0.007
2453210.37038 0.189 0.007
2453210.37085 0.157 0.007
2453210.37131 0.187 0.007
2453210.37177 0.187 0.007
2453210.37225 0.197 0.007
2453210.37271 0.171 0.007
2453210.37317 0.187 0.007
2453210.37364 0.205 0.007
2453210.37411 0.179 0.007
2453210.37457 0.181 0.007
2453210.37504 0.186 0.007
2453210.37550 0.194 0.007
2453210.37598 0.194 0.007
2453210.37690 0.200 0.007
2453210.37830 0.210 0.007
2453210.37876 0.194 0.007
2453210.37923 0.171 0.007
2453210.37970 0.175 0.007
2453210.38017 0.172 0.007
2453210.38063 0.168 0.007
2453210.38157 0.167 0.007
2453210.38203 0.186 0.007
2453210.38249 0.207 0.007
2453210.38295 0.183 0.007
2453210.38461 0.160 0.007
2453210.38507 0.172 0.007
2453210.38555 0.198 0.007
2453210.38601 0.213 0.007
2453210.38647 0.177 0.007
2453210.38695 0.195 0.007
2453210.38741 0.171 0.007
2453210.38787 0.159 0.007
2453210.38834 0.145 0.007
2453210.38881 0.171 0.007
2453210.38927 0.184 0.007
2453210.38974 0.164 0.007
2453210.39020 0.174 0.007
2453210.39067 0.184 0.007
2453210.39114 0.185 0.007
2453210.39160 0.191 0.007
2453210.39206 0.168 0.007
2453210.39254 0.181 0.007
2453210.39300 0.211 0.007
2453210.39346 0.194 0.007
2453210.39393 0.183 0.007
2453210.39440 0.184 0.007
2453210.39486 0.184 0.007
2453210.39533 0.177 0.007
2453210.39579 0.187 0.007
2453210.39626 0.182 0.007
2453210.39673 0.161 0.007
2453210.39765 0.186 0.007
2453210.39813 0.159 0.007
2453210.39859 0.194 0.007
2453210.39952 0.176 0.007
2453210.39999 0.211 0.007
2453210.40045 0.190 0.007
2453210.40092 0.169 0.007
2453210.40185 0.181 0.007
2453210.40232 0.179 0.007
2453210.40278 0.199 0.007
2453210.40324 0.194 0.007
2453210.40372 0.196 0.007
2453210.40418 0.159 0.007
2453210.40511 0.179 0.007
2453210.40558 0.194 0.007
2453210.40604 0.176 0.007
2453210.40697 0.173 0.007
2453210.40791 0.171 0.007
2453210.40837 0.199 0.007
2453210.40883 0.204 0.007
2453210.40931 0.164 0.007
2453210.40977 0.172 0.007
2453210.41023 0.182 0.007
2453210.41070 0.175 0.007
2453210.41117 0.203 0.007
2453210.41163 0.176 0.007
2453210.41210 0.173 0.007
2453210.41257 0.176 0.007
2453210.41304 0.199 0.007
2453210.41350 0.202 0.007
2453210.41396 0.183 0.007
2453210.41444 0.188 0.007
2453210.41490 0.184 0.007
2453210.41536 0.180 0.007
2453210.41582 0.193 0.007
2453210.41630 0.186 0.007
2453210.41676 0.195 0.007
2453210.41723 0.190 0.007
2453210.41863 0.191 0.007
2453210.41909 0.192 0.007
2453210.42003 0.179 0.007
2453210.42049 0.179 0.007
2453210.42095 0.183 0.007
2453210.42142 0.196 0.007
2453210.42235 0.168 0.007
2453210.42282 0.183 0.007
2453210.42328 0.207 0.007
2453210.42375 0.172 0.007
2453210.42422 0.191 0.007
2453210.42468 0.201 0.007
2453210.42514 0.183 0.007
2453210.42562 0.192 0.007
2453210.42654 0.172 0.007
2453210.42701 0.189 0.007
2453210.42748 0.197 0.007
2453210.42794 0.196 0.007
2453210.42887 0.176 0.007
2453210.42934 0.172 0.007
2453210.43027 0.184 0.007
2453210.43073 0.182 0.007
2453210.43167 0.208 0.007
2453210.43213 0.193 0.007
2453210.43260 0.190 0.007
2453210.43353 0.158 0.007
2453210.43400 0.179 0.007
2453210.43446 0.212 0.007
2453210.43493 0.181 0.007
2453210.43540 0.161 0.007
2453210.43586 0.169 0.007
2453210.43632 0.171 0.007
2453210.43680 0.167 0.007
2453210.43726 0.200 0.007
2453210.43772 0.180 0.007
2453210.43819 0.189 0.007
2453210.43866 0.183 0.007
2453210.43959 0.215 0.007
2453210.44005 0.167 0.007
2453210.44052 0.192 0.007
2453210.44099 0.159 0.007
2453210.44145 0.212 0.006
2453210.44191 0.192 0.007
2453210.44239 0.160 0.007
2453210.44285 0.169 0.007
2453210.44331 0.221 0.007
2453210.44378 0.176 0.007
2453210.44425 0.197 0.007
2453210.44471 0.187 0.007
2453210.44518 0.196 0.007
2453210.44564 0.170 0.007
2453210.44611 0.185 0.007
2453210.44658 0.181 0.007
2453210.44750 0.193 0.007
2453210.44798 0.190 0.007
2453210.44844 0.176 0.007
2453210.44890 0.165 0.007
2453210.44937 0.170 0.007
2453210.44984 0.186 0.007
2453210.45030 0.180 0.007
2453210.45077 0.170 0.007
2453210.45123 0.181 0.007
2453210.45170 0.198 0.007
2453210.45217 0.199 0.007
2453210.45263 0.182 0.007
2453210.45309 0.204 0.007
2453210.45357 0.185 0.007
2453210.45403 0.197 0.006
2453210.45449 0.181 0.007
2453210.45496 0.161 0.007
2453210.45543 0.168 0.007
2453210.45589 0.160 0.007
2453210.45636 0.209 0.007
2453210.45683 0.190 0.006
2453210.45729 0.170 0.007
2453210.45776 0.176 0.007
2453210.45822 0.185 0.007
2453210.45870 0.164 0.007
2453210.45916 0.179 0.007
2453210.45962 0.186 0.006
2453210.46008 0.205 0.006
2453210.46056 0.158 0.007
2453210.46102 0.184 0.007
2453210.46148 0.204 0.007
2453210.46195 0.168 0.007
2453210.46242 0.196 0.007
2453210.46288 0.195 0.007
2453210.46335 0.194 0.007
2453210.46381 0.182 0.007
2453210.46429 0.195 0.007
2453210.46475 0.166 0.007
2453210.46521 0.189 0.007
2453210.46567 0.191 0.007
2453210.46615 0.198 0.007
2453210.46707 0.179 0.007
2453210.46754 0.168 0.007
2453210.46801 0.191 0.007
2453210.46848 0.176 0.007
2453210.46894 0.176 0.007
2453210.46940 0.187 0.007
2453210.46988 0.194 0.007
2453210.47034 0.173 0.007
2453210.47080 0.187 0.007
2453210.47126 0.192 0.007
2453210.47174 0.174 0.007
2453210.47220 0.202 0.007
2453210.47267 0.198 0.007
2453210.47313 0.178 0.007
2453210.47360 0.226 0.007
2453210.47407 0.160 0.007
2453210.47453 0.223 0.007
2453210.47499 0.181 0.007
2453210.47547 0.155 0.007
2453210.47593 0.169 0.007
2453210.47639 0.196 0.007
2453210.47687 0.196 0.007
2453210.47733 0.198 0.007
2453210.47779 0.195 0.007
2453210.47826 0.186 0.007
2453210.47873 0.220 0.007
2453210.47919 0.189 0.007
2453210.47966 0.181 0.007
2453210.48012 0.179 0.007
2453210.48059 0.178 0.007
2453210.48106 0.181 0.007
2453210.48152 0.151 0.007
2453210.48246 0.185 0.007
2453210.48292 0.198 0.007
2453210.48338 0.186 0.007
2453210.48385 0.203 0.007
2453210.48432 0.180 0.007
2453210.48478 0.196 0.007
2453210.48525 0.180 0.007
2453210.48572 0.208 0.007
2453210.48618 0.168 0.007
2453210.48665 0.173 0.007
2453210.48711 0.196 0.007
2453210.48758 0.190 0.007
2453210.48805 0.173 0.007
2453210.48851 0.193 0.007
2453210.48897 0.188 0.007
2453210.48945 0.198 0.007
2453210.48991 0.182 0.007
2453210.49037 0.167 0.007
2453210.49084 0.209 0.007
2453210.49131 0.187 0.007
2453210.49177 0.182 0.007
2453210.49224 0.219 0.007
2453210.49270 0.196 0.007
2453210.49317 0.211 0.007
2453210.49364 0.205 0.007
2453210.49410 0.184 0.007
2453210.49456 0.204 0.007
2453210.49504 0.169 0.007
2453210.49550 0.153 0.007
2453210.49596 0.182 0.007
2453210.49643 0.196 0.007
2453210.49690 0.205 0.007
2453210.49736 0.190 0.007
2453210.49829 0.188 0.007
2453210.49876 0.199 0.007
2453210.49923 0.172 0.007
2453210.49969 0.201 0.007
2453210.50015 0.204 0.007
2453210.50063 0.169 0.007
2453210.50109 0.199 0.007
2453210.50155 0.208 0.007
2453210.50202 0.202 0.007
2453210.50249 0.212 0.007
2453210.50295 0.194 0.007
2453210.50342 0.221 0.007
2453210.50389 0.172 0.007
2453210.50435 0.163 0.007
2453210.50482 0.206 0.007
2453210.50528 0.201 0.007
2453210.50576 0.179 0.007
2453210.50622 0.162 0.007
2453210.50668 0.096 0.007
2453210.50714 0.106 0.008
2453210.50762 0.126 0.008
2453210.50808 0.150 0.009
2453210.50854 0.211 0.007
2453210.50901 0.169 0.007
2453210.50948 0.175 0.007
2453210.50995 0.177 0.007
2453210.51087 0.200 0.007
2453210.51135 0.219 0.007
2453210.51181 0.200 0.007
2453210.51227 0.219 0.007
2453210.51275 0.176 0.007
2453210.51321 0.188 0.007
2453210.51367 0.228 0.007
2453210.51413 0.180 0.007
2453210.51461 0.155 0.007
2453210.51507 0.232 0.007
2453210.51600 0.195 0.007
2453210.51647 0.229 0.007
2453210.51740 0.195 0.007
2453210.51786 0.202 0.007
2453210.51880 0.194 0.007
2453210.51926 0.185 0.007
2453210.52020 0.164 0.007
2453210.52066 0.241 0.008
2453210.52113 0.230 0.007
2453210.52159 0.204 0.007
2453210.52206 0.211 0.007
2453210.52299 0.220 0.007
2453210.52393 0.162 0.007
2453210.52485 0.251 0.008
2453210.52579 0.201 0.007
2453210.52625 0.175 0.007
2453210.52672 0.167 0.007
2453210.52718 0.187 0.007
2453210.52765 0.215 0.007
2453210.52812 0.211 0.008
2453210.52858 0.197 0.007
2453210.52904 0.208 0.008
2453210.52952 0.217 0.007
2453210.52998 0.181 0.007
2453210.53044 0.202 0.007
2453210.53091 0.210 0.008
2453210.53138 0.209 0.007
2453210.53184 0.215 0.007
2453210.53277 0.192 0.007
2453210.53324 0.213 0.008
2453210.53371 0.237 0.008
2453210.53417 0.194 0.008
2453210.53463 0.206 0.007
2453210.53511 0.194 0.007
2453210.53557 0.192 0.008
2453210.53603 0.214 0.008
2453210.53651 0.210 0.008
2453210.53697 0.177 0.007
2453210.53743 0.185 0.007
2453210.53790 0.242 0.008
2453210.53837 0.225 0.008
2453210.53883 0.220 0.008
2453210.53930 0.199 0.008
2453210.53976 0.160 0.007
2453210.54023 0.176 0.007
2453210.54070 0.204 0.008
2453210.54116 0.187 0.008
2453210.54162 0.191 0.008
2453210.54210 0.188 0.008
2453210.54256 0.194 0.008
2453210.54302 0.195 0.008
2453210.54349 0.218 0.008
2453210.54396 0.216 0.008
2453210.54442 0.216 0.007
2453210.54489 0.172 0.007
2453210.54535 0.194 0.008
2453210.54582 0.160 0.008
2453210.54629 0.206 0.008
2453210.54675 0.216 0.008
2453210.54721 0.210 0.008
2453210.54769 0.209 0.008
2453210.54815 0.201 0.008
2453210.54861 0.212 0.008
2453210.54908 0.193 0.008
2453210.54955 0.231 0.008
2453210.55001 0.174 0.008
2453210.55048 0.225 0.008
2453210.55094 0.224 0.008
2453210.55142 0.237 0.008
2453210.55188 0.164 0.008
2453210.55234 0.177 0.008
2453210.55280 0.201 0.008
2453210.55328 0.221 0.008
2453210.55374 0.221 0.008
2453210.55420 0.177 0.008
2453210.55467 0.168 0.008
2453210.55514 0.205 0.008
2453210.55560 0.181 0.008
2453210.55607 0.197 0.008
2453210.55654 0.263 0.008
2453210.55701 0.271 0.008
2453210.55747 0.209 0.008
2453210.55793 0.198 0.008
2453210.55841 0.236 0.008
2453210.55887 0.210 0.008
2453210.55933 0.203 0.008
2453210.55979 0.236 0.008
2453210.56027 0.196 0.008
2453210.56073 0.188 0.008
2453210.56120 0.213 0.008
2453210.56166 0.234 0.008
2453210.56213 0.167 0.008
2453210.56260 0.201 0.008
2453210.56306 0.206 0.008
2453210.56352 0.204 0.008
2453210.56400 0.189 0.008
2453210.56446 0.198 0.008
2453210.56492 0.205 0.008
2453210.56538 0.179 0.008
2453210.56586 0.218 0.008
2453210.56632 0.151 0.008
2453210.56679 0.225 0.008
2453210.56725 0.205 0.008
2453210.56772 0.229 0.008
2453210.56819 0.189 0.008
2453210.56865 0.213 0.008
2453210.56911 0.174 0.008
2453210.56959 0.212 0.008
2453210.57005 0.223 0.008
2453210.57051 0.190 0.008
