2453283.24323 1.747 0.017
2453283.24361 1.754 0.017
2453283.24398 1.742 0.018
2453283.24510 1.745 0.019
2453283.24585 1.739 0.018
2453283.24622 1.729 0.018
2453283.24698 1.753 0.017
2453283.24810 1.791 0.018
2453283.24884 1.786 0.018
2453283.24922 1.773 0.018
2453283.24996 1.794 0.018
2453283.25109 1.764 0.018
2453283.25221 1.742 0.018
2453283.25296 1.807 0.019
2453283.25408 1.745 0.018
2453283.25445 1.787 0.019
2453283.25484 1.850 0.019
2453283.25596 1.802 0.020
2453283.25633 1.815 0.019
2453283.25820 1.756 0.019
2453283.25933 1.783 0.020
2453283.26044 1.761 0.019
2453283.26119 1.782 0.019
2453283.26307 1.855 0.020
2453283.26344 1.812 0.020
2453283.26531 1.847 0.021
2453283.26642 1.854 0.022
2453283.26717 1.881 0.022
2453283.26830 1.909 0.023
2453283.26867 1.821 0.021
2453283.26942 1.882 0.023
2453283.27129 1.922 0.022
2453283.27166 1.846 0.021
2453283.27353 1.908 0.023
2453283.27465 1.891 0.023
2453283.27540 1.915 0.022
2453283.27616 1.954 0.023
2453283.27653 1.952 0.023
2453283.27690 1.942 0.024
2453283.27840 1.928 0.022
2453283.27989 1.977 0.023
2453283.28026 2.009 0.024
2453283.28176 2.000 0.025
2453283.28251 2.011 0.026
2453283.28363 2.047 0.026
2453283.28476 2.000 0.025
2453283.28588 2.017 0.026
2453283.28625 2.012 0.029
2453283.28776 2.017 0.028
2453283.28850 1.975 0.026
2453283.28963 2.023 0.025
2453283.29038 2.111 0.027
2453283.29075 2.039 0.029
2453283.29150 2.075 0.028
2453283.29262 2.047 0.029
2453283.29375 2.103 0.029
2453283.29486 2.120 0.029
2453283.29561 2.126 0.030
2453283.29861 2.137 0.028
2453283.29973 2.181 0.029
2453283.30010 2.115 0.027
2453283.30122 2.186 0.030
2453283.30235 2.129 0.029
2453283.30347 2.195 0.028
2453283.30421 2.217 0.028
2453283.30533 2.231 0.026
2453283.30645 2.247 0.026
2453283.30721 2.246 0.029
2453283.31058 2.283 0.027
2453283.31170 2.305 0.029
2453283.31282 2.340 0.031
2453283.31356 2.326 0.031
2453283.31393 2.299 0.031
2453283.31505 2.320 0.032
2453283.31805 2.364 0.027
2453283.31917 2.359 0.031
2453283.32067 2.360 0.035
2453283.32142 2.357 0.033
2453283.32179 2.365 0.032
2453283.32367 2.378 0.034
2453283.32441 2.407 0.032
2453283.32479 2.427 0.031
2453283.32553 2.349 0.028
2453283.32590 2.437 0.028
2453283.32665 2.390 0.027
2453283.32777 2.393 0.028
2453283.32890 2.382 0.028
2453283.32965 2.410 0.030
2453283.33002 2.396 0.028
2453283.33114 2.359 0.029
2453283.33339 2.368 0.031
2453283.33413 2.325 0.029
2453283.33451 2.367 0.029
2453283.33525 2.377 0.030
2453283.33563 2.344 0.030
2453283.33637 2.389 0.031
2453283.33676 2.398 0.030
2453283.33788 2.373 0.032
2453283.33825 2.374 0.030
2453283.33937 2.339 0.034
2453283.34049 2.397 0.032
2453283.34125 2.342 0.031
2453283.34162 2.329 0.031
2453283.34274 2.333 0.031
2453283.34386 2.314 0.028
2453283.34498 2.261 0.027
2453283.34536 2.277 0.027
2453283.34573 2.258 0.027
2453283.34611 2.261 0.026
2453283.34648 2.305 0.028
2453283.34760 2.237 0.025
2453283.34872 2.279 0.025
2453283.34909 2.239 0.025
2453283.34985 2.206 0.025
2453283.35097 2.279 0.025
2453283.35171 2.227 0.025
2453283.35209 2.208 0.025
2453283.35246 2.221 0.025
2453283.35320 2.220 0.025
2453283.35358 2.179 0.024
2453283.35471 2.184 0.024
2453283.35545 2.196 0.025
2453283.35583 2.138 0.023
2453283.35620 2.142 0.023
2453283.35657 2.180 0.024
2453283.35695 2.136 0.023
2453283.35732 2.151 0.023
2453283.35769 2.171 0.023
2453283.35845 2.143 0.023
2453283.35919 2.092 0.023
2453283.35957 2.155 0.023
2453283.36031 2.111 0.023
2453283.36106 2.131 0.022
2453283.36143 2.087 0.022
2453283.36181 2.093 0.023
2453283.36218 2.073 0.022
2453283.36255 2.040 0.022
2453283.36331 2.079 0.024
2453283.36368 2.055 0.022
2453283.36443 2.039 0.026
2453283.36480 2.024 0.025
2453283.36517 2.024 0.026
2453283.36592 2.045 0.024
2453283.36629 2.009 0.023
2453283.36667 1.986 0.023
2453283.36705 2.009 0.023
2453283.36742 1.999 0.023
2453283.36780 1.997 0.022
2453283.36854 1.994 0.022
2453283.36891 1.973 0.021
2453283.37003 1.993 0.022
2453283.37078 1.956 0.021
2453283.37115 1.948 0.023
2453283.37191 1.971 0.028
2453283.37228 1.923 0.030
2453283.37266 1.979 0.031
2453283.37340 2.072 0.044
2453283.37378 1.920 0.037
2453283.37415 1.948 0.029
2453283.37452 1.975 0.028
2453283.37489 1.898 0.026
2453283.37527 1.923 0.025
2453283.37564 1.927 0.024
2453283.37602 1.945 0.025
2453283.37640 1.980 0.026
2453283.37677 1.940 0.025
2453283.37714 1.927 0.022
2453283.37789 1.960 0.023
2453283.37826 1.932 0.024
2453283.37864 1.914 0.026
2453283.37901 1.946 0.026
2453283.37938 1.948 0.026
2453283.37975 1.922 0.029
2453283.38088 1.947 0.035
2453283.38126 1.871 0.033
2453283.38163 1.907 0.038
2453283.38200 1.920 0.034
2453283.38238 1.867 0.032
2453283.38275 1.909 0.031
2453283.38312 1.888 0.038
2453283.38350 1.945 0.034
2453283.38387 1.929 0.031
2453283.38424 1.858 0.030
2453283.38461 1.900 0.030
2453283.38500 1.908 0.030
2453283.38574 1.890 0.034
2453283.38612 1.877 0.038
2453283.38686 1.845 0.044
2453283.38724 1.826 0.042
2453283.38761 1.831 0.039
2453283.38798 1.781 0.035
2453283.38836 1.848 0.035
2453283.38873 1.782 0.031
2453283.38948 1.789 0.030
2453283.38986 1.814 0.030
2453283.39023 1.838 0.031
2453283.39060 1.822 0.030
2453283.39135 1.761 0.029
2453283.39172 1.765 0.029
2453283.39247 1.769 0.031
2453283.39284 1.745 0.032
2453283.39323 1.768 0.033
2453283.39360 1.741 0.032
2453283.39397 1.773 0.030
2453283.39434 1.758 0.027
2453283.39472 1.764 0.027
2453283.39509 1.781 0.027
2453283.39546 1.742 0.028
2453283.39584 1.772 0.027
2453283.39621 1.797 0.028
2453283.39696 1.804 0.028
2453283.39733 1.831 0.026
2453283.39770 1.764 0.025
2453283.39809 1.774 0.025
2453283.39846 1.732 0.024
2453283.39883 1.745 0.024
2453283.39920 1.734 0.024
2453283.39958 1.775 0.026
2453283.39995 1.769 0.027
2453283.40032 1.754 0.028
2453283.40070 1.749 0.030
2453283.40107 1.698 0.029
2453283.40144 1.730 0.030
2453283.40183 1.744 0.033
2453283.40220 1.758 0.032
2453283.40257 1.745 0.031
2453283.40295 1.744 0.030
2453283.40333 1.793 0.030
2453283.40370 1.735 0.028
2453283.40408 1.717 0.030
2453283.40445 1.717 0.027
2453283.40482 1.719 0.025
2453283.40520 1.714 0.024
2453283.40557 1.716 0.024
2453283.40594 1.691 0.024
2453283.40631 1.703 0.024
2453283.40670 1.723 0.024
2453283.40782 1.695 0.025
2453283.40819 1.706 0.026
2453283.40856 1.668 0.026
2453283.40894 1.676 0.027
2453283.40931 1.714 0.027
2453283.40968 1.695 0.025
2453283.41006 1.718 0.025
2453283.41043 1.748 0.025
2453283.41081 1.686 0.025
2453283.41118 1.682 0.023
2453283.41156 1.671 0.023
2453283.41230 1.703 0.023
2453283.41268 1.711 0.024
2453283.41305 1.652 0.023
2453283.41342 1.696 0.024
2453283.41417 1.670 0.023
2453283.41454 1.663 0.022
2453283.41493 1.667 0.022
2453283.41567 1.659 0.022
2453283.41604 1.635 0.021
2453283.41642 1.617 0.022
2453283.41679 1.656 0.022
2453283.41716 1.632 0.023
2453283.41754 1.671 0.023
2453283.41791 1.665 0.023
2453283.41828 1.606 0.022
2453283.41866 1.650 0.024
2453283.41903 1.595 0.022
2453283.41940 1.605 0.022
2453283.41979 1.624 0.022
2453283.42016 1.665 0.023
2453283.42053 1.638 0.022
2453283.42090 1.586 0.022
2453283.42128 1.582 0.022
2453283.42165 1.609 0.021
2453283.42202 1.608 0.021
2453283.42240 1.592 0.022
2453283.42314 1.610 0.022
2453283.42353 1.601 0.022
2453283.42390 1.608 0.021
2453283.42427 1.618 0.021
2453283.42465 1.612 0.022
2453283.42502 1.598 0.021
2453283.42539 1.621 0.021
2453283.42576 1.640 0.022
2453283.42614 1.602 0.022
2453283.42651 1.588 0.022
2453283.42688 1.569 0.021
2453283.42726 1.555 0.022
2453283.42763 1.546 0.021
2453283.42802 1.592 0.021
2453283.42839 1.582 0.020
2453283.42876 1.578 0.021
2453283.42914 1.563 0.021
2453283.42951 1.589 0.021
2453283.42988 1.573 0.021
2453283.43063 1.583 0.022
2453283.43100 1.472 0.029
2453283.43138 1.632 0.026
2453283.43175 1.591 0.024
2453283.43212 1.574 0.023
2453283.43251 1.563 0.021
2453283.43288 1.529 0.022
2453283.43325 1.588 0.024
2453283.43362 1.571 0.023
2453283.43400 1.567 0.022
2453283.43437 1.565 0.023
2453283.43474 1.580 0.023
2453283.43512 1.590 0.024
2453283.43549 1.566 0.024
2453283.43586 1.609 0.024
2453283.43624 1.567 0.026
2453283.43662 1.586 0.026
2453283.43699 1.522 0.024
2453283.43737 1.588 0.025
2453283.43774 1.575 0.024
2453283.43811 1.572 0.025
2453283.43886 1.519 0.024
2453283.43923 1.608 0.025
2453283.43960 1.536 0.023
2453283.43998 1.559 0.023
2453283.44035 1.543 0.025
2453283.44072 1.556 0.028
2453283.44111 1.577 0.026
2453283.44148 1.574 0.025
2453283.44185 1.602 0.026
2453283.44223 1.605 0.025
2453283.44260 1.562 0.025
2453283.44297 1.574 0.025
2453283.44334 1.567 0.027
2453283.44372 1.613 0.028
2453283.44409 1.513 0.025
2453283.44446 1.573 0.026
2453283.44484 1.579 0.026
2453283.44521 1.588 0.027
2453283.44559 1.572 0.025
2453283.44597 1.532 0.025
2453283.44634 1.503 0.025
2453283.44671 1.471 0.025
