2453230.32017 0.196 0.007
2453230.32054 0.186 0.007
2453230.32093 0.197 0.007
2453230.32130 0.150 0.007
2453230.32167 0.202 0.007
2453230.32204 0.203 0.007
2453230.32242 0.172 0.007
2453230.32279 0.175 0.007
2453230.32316 0.188 0.007
2453230.32354 0.172 0.007
2453230.32391 0.157 0.007
2453230.32428 0.181 0.007
2453230.32542 0.187 0.007
2453230.32579 0.165 0.007
2453230.32728 0.194 0.007
2453230.32841 0.175 0.007
2453230.32916 0.174 0.007
2453230.32954 0.160 0.007
2453230.33140 0.167 0.007
2453230.33177 0.194 0.007
2453230.33215 0.183 0.007
2453230.33252 0.202 0.007
2453230.33289 0.174 0.007
2453230.33365 0.188 0.007
2453230.33440 0.201 0.007
2453230.33477 0.174 0.007
2453230.33515 0.185 0.007
2453230.33552 0.186 0.007
2453230.33627 0.153 0.007
2453230.33664 0.203 0.007
2453230.33740 0.178 0.007
2453230.33777 0.157 0.007
2453230.33814 0.174 0.007
2453230.33852 0.187 0.007
2453230.33926 0.168 0.007
2453230.34113 0.179 0.007
2453230.34226 0.178 0.007
2453230.34301 0.177 0.007
2453230.34338 0.191 0.007
2453230.34450 0.171 0.007
2453230.34488 0.183 0.008
2453230.34526 0.169 0.008
2453230.34675 0.168 0.008
2453230.34787 0.157 0.008
2453230.34825 0.154 0.008
2453230.34862 0.188 0.008
2453230.34975 0.180 0.009
2453230.35087 0.177 0.009
2453230.35125 0.150 0.011
2453230.35162 0.157 0.009
2453230.35199 0.171 0.011
2453230.35237 0.250 0.013
2453230.35274 0.207 0.009
2453230.35350 0.162 0.008
2453230.35387 0.186 0.008
2453230.35424 0.207 0.008
2453230.35462 0.198 0.008
2453230.35499 0.140 0.008
2453230.35536 0.165 0.008
2453230.35574 0.214 0.009
2453230.35648 0.170 0.007
2453230.35686 0.185 0.007
2453230.35723 0.179 0.007
2453230.35760 0.169 0.007
2453230.35799 0.190 0.007
2453230.35836 0.174 0.007
2453230.35873 0.182 0.007
2453230.36023 0.176 0.007
2453230.36098 0.189 0.007
2453230.36135 0.173 0.007
2453230.36172 0.175 0.007
2453230.36248 0.183 0.007
2453230.36323 0.179 0.007
2453230.36397 0.184 0.007
2453230.36435 0.190 0.007
2453230.36547 0.179 0.007
2453230.36623 0.196 0.007
2453230.36660 0.184 0.007
2453230.36697 0.160 0.008
2453230.36735 0.203 0.008
2453230.36772 0.196 0.008
2453230.36847 0.229 0.011
2453230.36921 0.189 0.011
2453230.36960 0.189 0.011
2453230.37034 0.199 0.011
2453230.37109 0.166 0.012
2453230.37147 0.175 0.015
2453230.37184 0.198 0.013
2453230.37221 0.204 0.011
2453230.37296 0.221 0.018
2453230.37333 0.186 0.017
2453230.37372 0.174 0.018
2453230.37409 0.172 0.018
2453230.37484 0.097 0.021
2453230.37558 0.161 0.024
2453230.37596 0.236 0.013
2453230.37633 0.146 0.016
2453230.37671 0.131 0.029
2453230.37821 0.138 0.021
2453230.37858 0.210 0.030
2453230.37895 0.193 0.069
2453230.37933 -0.043 0.165
2453230.38007 0.229 0.062
2453230.38044 0.004 0.028
2453230.38082 0.161 0.029
2453230.38119 0.194 0.019
2453230.38156 0.180 0.029
2453230.38193 0.239 0.019
2453230.38232 0.183 0.014
2453230.38269 0.140 0.018
2453230.38306 0.199 0.020
2453230.38343 0.159 0.018
2453230.38381 0.125 0.023
2453230.38418 0.182 0.034
2453230.38455 0.164 0.024
2453230.38493 0.113 0.031
2453230.38530 0.101 0.082
2453230.38567 0.066 0.061
2453230.38604 0.038 0.067
2453230.38642 0.134 0.077
2453230.38679 -0.076 0.215
2453230.38716 0.397 0.238
2453230.38754 0.364 0.131
2453230.38829 0.245 0.119
2453230.38866 0.200 0.084
2453230.38903 0.239 0.055
2453230.38941 0.114 0.060
2453230.38978 0.225 0.039
2453230.39015 0.095 0.040
2453230.39052 0.132 0.043
2453230.39090 0.254 0.026
2453230.39127 0.181 0.024
2453230.39164 0.118 0.027
2453230.39240 0.181 0.021
2453230.39277 0.154 0.023
2453230.39314 0.158 0.029
2453230.39351 0.096 0.033
2453230.39389 0.191 0.037
2453230.39426 0.207 0.037
2453230.39463 0.158 0.033
2453230.39500 0.211 0.036
2453230.39538 0.129 0.030
2453230.39575 0.136 0.035
2453230.39612 0.122 0.031
2453230.39649 0.141 0.035
2453230.39688 0.128 0.030
2453230.39725 0.193 0.026
2453230.39762 0.149 0.033
2453230.39799 0.189 0.037
2453230.39837 0.135 0.042
2453230.39874 -0.002 0.116
2453230.39911 0.237 0.073
2453230.39948 0.153 0.070
2453230.39986 0.161 0.052
2453230.40023 0.211 0.031
2453230.40060 0.139 0.025
2453230.40097 0.129 0.024
2453230.40135 0.211 0.023
2453230.40210 0.174 0.022
2453230.40247 0.163 0.022
2453230.40285 0.199 0.021
2453230.40322 0.180 0.018
2453230.40359 0.210 0.018
2453230.40396 0.126 0.019
2453230.40434 0.156 0.018
2453230.40471 0.151 0.018
2453230.40508 0.213 0.021
2453230.40545 0.163 0.021
2453230.40583 0.161 0.020
2453230.40620 0.181 0.020
2453230.40657 0.146 0.019
2453230.40694 0.178 0.023
2453230.40733 0.157 0.021
2453230.40770 0.154 0.024
2453230.40807 0.187 0.023
2453230.40844 0.165 0.025
2453230.40882 0.200 0.028
2453230.40919 0.170 0.033
2453230.40993 0.180 0.045
2453230.41031 0.078 0.052
2453230.41068 0.081 0.057
2453230.41105 0.201 0.058
2453230.41142 0.148 0.066
2453230.41181 0.130 0.052
2453230.41218 0.095 0.064
2453230.41255 0.189 0.063
2453230.41292 0.177 0.062
2453230.41330 0.221 0.075
2453230.41367 0.098 0.067
2453230.41404 0.207 0.068
2453230.41441 0.208 0.067
2453230.41479 0.303 0.084
2453230.41516 0.189 0.084
2453230.41590 0.110 0.103
2453230.41703 0.097 0.112
2453230.41740 0.097 0.154
2453230.41778 0.287 0.131
2453230.41815 0.258 0.169
2453230.41852 -0.229 0.245
2453230.43271 0.087 0.250
2453230.43308 0.004 0.284
2453230.43532 0.061 0.129
2453230.43569 0.168 0.128
2453230.43607 0.180 0.116
2453230.43682 0.084 0.123
2453230.43719 -0.008 0.123
2453230.43756 0.478 0.164
2453230.43793 0.452 0.215
2453230.43831 -0.022 0.187
2453230.43868 0.041 0.241
2453230.44130 0.082 0.230
2453230.44279 -0.373 0.400
2453230.44428 0.199 0.289
2453230.44465 0.082 0.288
2453230.44539 -0.123 0.231
2453230.44615 0.125 0.197
2453230.44652 0.503 0.229
2453230.44838 0.824 0.364
