2453279.23910 0.165 0.007
2453279.23985 0.214 0.006
2453279.24023 0.213 0.007
2453279.24135 0.205 0.007
2453279.24172 0.186 0.006
2453279.24209 0.197 0.006
2453279.24284 0.160 0.007
2453279.24321 0.159 0.007
2453279.24359 0.203 0.006
2453279.24546 0.191 0.007
2453279.24621 0.224 0.006
2453279.24807 0.172 0.006
2453279.24845 0.223 0.006
2453279.25069 0.143 0.007
2453279.25144 0.219 0.006
2453279.25219 0.191 0.006
2453279.25256 0.175 0.006
2453279.25332 0.185 0.006
2453279.25369 0.176 0.007
2453279.25444 0.183 0.006
2453279.25481 0.170 0.007
2453279.25556 0.199 0.006
2453279.25630 0.193 0.006
2453279.25668 0.172 0.007
2453279.25781 0.178 0.007
2453279.25967 0.186 0.007
2453279.26004 0.181 0.007
2453279.26042 0.160 0.007
2453279.26267 0.180 0.007
2453279.26378 0.200 0.006
2453279.26491 0.164 0.007
2453279.26529 0.218 0.006
2453279.26566 0.199 0.007
2453279.26603 0.213 0.007
2453279.26791 0.214 0.006
2453279.26865 0.200 0.006
2453279.26903 0.182 0.007
2453279.27015 0.202 0.007
2453279.27128 0.201 0.006
2453279.27202 0.231 0.006
2453279.27240 0.208 0.007
2453279.27314 0.200 0.007
2453279.27389 0.193 0.007
2453279.27426 0.163 0.007
2453279.27539 0.163 0.007
2453279.27576 0.180 0.007
2453279.27651 0.182 0.007
2453279.27763 0.205 0.007
2453279.27800 0.187 0.007
2453279.27838 0.167 0.007
2453279.27988 0.185 0.006
2453279.28025 0.175 0.007
2453279.28062 0.179 0.007
2453279.28100 0.182 0.007
2453279.28324 0.149 0.007
2453279.28361 0.199 0.007
2453279.28437 0.203 0.006
2453279.28511 0.208 0.006
2453279.28586 0.207 0.006
2453279.28623 0.209 0.007
2453279.28698 0.180 0.007
2453279.28735 0.186 0.007
2453279.28848 0.194 0.007
2453279.28923 0.180 0.007
2453279.28960 0.190 0.007
2453279.28997 0.192 0.006
2453279.29146 0.209 0.007
2453279.29184 0.204 0.007
2453279.29221 0.182 0.007
2453279.29297 0.158 0.007
2453279.29371 0.218 0.006
2453279.29483 0.202 0.007
2453279.29558 0.207 0.007
2453279.29633 0.236 0.006
2453279.29671 0.191 0.007
2453279.29708 0.178 0.007
2453279.29783 0.175 0.007
2453279.29895 0.186 0.007
2453279.30007 0.174 0.007
2453279.30081 0.162 0.007
2453279.30306 0.163 0.007
2453279.30418 0.168 0.007
2453279.30530 0.215 0.006
2453279.30643 0.186 0.006
2453279.30755 0.173 0.007
2453279.30792 0.177 0.007
2453279.30941 0.180 0.007
2453279.30980 0.175 0.007
2453279.31054 0.179 0.007
2453279.31092 0.218 0.006
2453279.31129 0.180 0.007
2453279.31166 0.192 0.007
2453279.31241 0.232 0.007
2453279.31390 0.208 0.007
2453279.31578 0.198 0.007
2453279.31689 0.188 0.007
2453279.31801 0.218 0.007
2453279.31989 0.189 0.007
2453279.32175 0.163 0.007
2453279.32213 0.204 0.007
2453279.32438 0.213 0.007
2453279.32587 0.173 0.007
2453279.32624 0.194 0.007
2453279.32699 0.200 0.007
2453279.32812 0.174 0.007
2453279.32998 0.192 0.007
2453279.33036 0.182 0.007
2453279.33223 0.191 0.007
2453279.33260 0.233 0.007
2453279.33484 0.218 0.007
2453279.33596 0.182 0.007
2453279.33747 0.182 0.007
2453279.33821 0.192 0.007
2453279.33896 0.194 0.007
2453279.33970 0.207 0.007
2453279.34083 0.184 0.007
2453279.34195 0.186 0.007
2453279.34307 0.191 0.007
2453279.34419 0.181 0.007
2453279.34793 0.210 0.007
2453279.34981 0.186 0.007
2453279.35018 0.189 0.007
2453279.35130 0.202 0.007
2453279.35280 0.201 0.007
2453279.35318 0.208 0.007
2453279.35392 0.192 0.007
2453279.35616 0.180 0.007
2453279.35654 0.183 0.007
2453279.35728 0.174 0.007
2453279.35767 0.206 0.007
2453279.35841 0.173 0.007
2453279.35879 0.230 0.007
2453279.35953 0.185 0.007
2453279.36102 0.227 0.007
2453279.36214 0.217 0.007
2453279.36402 0.188 0.007
2453279.36702 0.200 0.007
2453279.36813 0.180 0.007
2453279.36925 0.199 0.007
2453279.36963 0.234 0.007
2453279.37188 0.222 0.007
2453279.37299 0.174 0.007
2453279.37449 0.195 0.007
2453279.37674 0.188 0.007
2453279.37711 0.188 0.007
2453279.37785 0.181 0.007
2453279.37936 0.229 0.007
2453279.37973 0.199 0.007
2453279.38085 0.197 0.007
2453279.38160 0.170 0.007
2453279.38197 0.193 0.007
2453279.38234 0.201 0.007
2453279.38460 0.213 0.007
2453279.38497 0.231 0.007
2453279.38647 0.206 0.007
2453279.38758 0.197 0.007
2453279.38909 0.202 0.007
2453279.39058 0.181 0.007
2453279.39207 0.189 0.007
2453279.39320 0.200 0.007
2453279.39357 0.226 0.007
2453279.39432 0.195 0.007
2453279.39469 0.216 0.007
2453279.39694 0.203 0.007
2453279.39732 0.193 0.007
2453279.39844 0.187 0.007
2453279.39881 0.193 0.007
2453279.39993 0.236 0.007
2453279.40106 0.191 0.007
2453279.40143 0.181 0.007
2453279.40180 0.212 0.007
2453279.40292 0.194 0.007
2453279.40442 0.187 0.007
2453279.40555 0.222 0.007
2453279.40592 0.204 0.008
2453279.40741 0.230 0.008
2453279.40778 0.209 0.007
2453279.40890 0.210 0.007
2453279.40928 0.228 0.007
2453279.41003 0.191 0.007
2453279.41041 0.219 0.007
2453279.41115 0.214 0.008
2453279.41153 0.196 0.007
2453279.41190 0.207 0.007
2453279.41227 0.200 0.007
2453279.41302 0.213 0.008
2453279.41339 0.218 0.007
2453279.41376 0.256 0.008
2453279.41452 0.183 0.007
2453279.41489 0.208 0.007
2453279.41564 0.247 0.007
2453279.41676 0.186 0.008
2453279.41713 0.231 0.008
2453279.41750 0.190 0.007
2453279.41788 0.206 0.008
2453279.41862 0.217 0.007
2453279.41975 0.179 0.007
2453279.42013 0.220 0.008
2453279.42125 0.208 0.008
2453279.42162 0.229 0.008
2453279.42199 0.206 0.007
2453279.42350 0.219 0.008
2453279.42387 0.222 0.008
2453279.42499 0.202 0.008
2453279.42536 0.194 0.008
2453279.42685 0.207 0.008
2453279.42724 0.225 0.008
2453279.42798 0.208 0.008
2453279.42836 0.173 0.008
2453279.42873 0.252 0.008
2453279.42910 0.229 0.008
2453279.42985 0.203 0.008
2453279.43060 0.198 0.008
2453279.43210 0.228 0.008
2453279.43247 0.198 0.008
2453279.43284 0.228 0.008
2453279.43322 0.171 0.008
2453279.43359 0.213 0.008
2453279.43396 0.205 0.008
2453279.43434 0.212 0.008
2453279.43471 0.216 0.008
2453279.43508 0.217 0.008
2453279.43547 0.215 0.008
2453279.43584 0.204 0.008
2453279.43621 0.192 0.008
