2453246.26914 0.205 0.009
2453246.27026 0.201 0.009
2453246.27176 0.234 0.009
2453246.27288 0.223 0.009
2453246.27400 0.180 0.008
2453246.27438 0.156 0.008
2453246.27512 0.197 0.008
2453246.27624 0.125 0.008
2453246.27737 0.245 0.008
2453246.27774 0.139 0.008
2453246.27886 0.124 0.008
2453246.27960 0.220 0.008
2453246.28035 0.207 0.008
2453246.28259 0.248 0.008
2453246.28371 0.172 0.008
2453246.28483 0.209 0.008
2453246.28594 0.102 0.008
2453246.28707 0.224 0.008
2453246.28819 0.168 0.008
2453246.28931 0.194 0.008
2453246.29117 0.135 0.008
2453246.29230 0.234 0.008
2453246.29341 0.258 0.008
2453246.29453 0.195 0.008
2453246.29490 0.096 0.007
2453246.29528 0.138 0.008
2453246.29565 0.212 0.008
2453246.29901 0.153 0.008
2453246.29976 0.273 0.008
2453246.30013 0.133 0.008
2453246.30087 0.124 0.008
2453246.30200 0.272 0.008
2453246.30312 0.249 0.008
2453246.30424 0.279 0.008
2453246.30535 0.112 0.008
2453246.30760 0.105 0.008
2453246.30797 0.161 0.008
2453246.30834 0.105 0.008
2453246.30909 0.262 0.008
2453246.31021 0.101 0.007
2453246.31133 0.178 0.008
2453246.31543 0.199 0.008
2453246.31991 0.100 0.007
2453246.32067 0.183 0.008
2453246.32216 0.119 0.008
2453246.32365 0.128 0.008
2453246.32402 0.113 0.008
2453246.32589 0.095 0.008
2453246.32664 0.188 0.008
2453246.32701 0.099 0.008
2453246.32813 0.132 0.008
2453246.32887 0.204 0.008
2453246.33074 0.239 0.008
2453246.33186 0.218 0.008
2453246.33298 0.259 0.008
2453246.33932 0.265 0.008
2453246.34045 0.242 0.008
2453246.34157 0.134 0.008
2453246.34343 0.248 0.008
2453246.34455 0.191 0.008
2453246.34754 0.270 0.008
2453246.34903 0.246 0.008
2453246.35425 0.159 0.008
2453246.35538 0.113 0.008
2453246.35724 0.258 0.008
2453246.35836 0.132 0.008
2453246.35873 0.119 0.008
2453246.36061 0.245 0.008
2453246.36359 0.204 0.008
2453246.36472 0.215 0.008
2453246.36621 0.240 0.008
2453246.37069 0.119 0.008
2453246.37106 0.257 0.008
2453246.37218 0.205 0.008
2453246.37740 0.230 0.008
2453246.37852 0.236 0.008
2453246.38039 0.249 0.008
2453246.38076 0.132 0.008
2453246.38151 0.133 0.008
2453246.38300 0.255 0.008
2453246.38413 0.235 0.008
2453246.38524 0.148 0.008
2453246.38562 0.171 0.008
2453246.38599 0.225 0.008
2453246.38673 0.173 0.008
2453246.38711 0.123 0.008
2453246.38748 0.169 0.008
2453246.38785 0.194 0.008
2453246.38861 0.254 0.008
2453246.38898 0.209 0.008
2453246.39159 0.162 0.008
2453246.39270 0.185 0.008
2453246.39346 0.138 0.008
2453246.39383 0.154 0.008
2453246.39458 0.259 0.008
2453246.39570 0.174 0.008
2453246.39607 0.108 0.008
2453246.39644 0.214 0.008
2453246.39719 0.121 0.008
2453246.39756 0.125 0.008
2453246.39980 0.225 0.008
2453246.40055 0.146 0.008
2453246.40092 0.127 0.008
2453246.40278 0.133 0.008
2453246.40503 0.261 0.008
2453246.40689 0.251 0.008
2453246.40802 0.253 0.008
2453246.41249 0.138 0.008
2453246.41324 0.224 0.008
2453246.41362 0.136 0.008
2453246.41436 0.228 0.008
2453246.41548 0.233 0.008
2453246.41660 0.222 0.008
2453246.41959 0.127 0.008
2453246.42145 0.251 0.008
2453246.42258 0.240 0.008
2453246.42295 0.145 0.008
2453246.42332 0.154 0.008
2453246.42369 0.197 0.008
2453246.42481 0.223 0.008
2453246.42593 0.226 0.008
2453246.42705 0.235 0.008
2453246.42818 0.225 0.008
2453246.42929 0.171 0.008
2453246.43041 0.161 0.008
2453246.43078 0.155 0.008
2453246.43153 0.214 0.008
2453246.43190 0.148 0.008
2453246.43266 0.206 0.008
2453246.43303 0.170 0.008
2453246.43714 0.194 0.008
2453246.43825 0.161 0.008
2453246.43937 0.240 0.008
2453246.44049 0.146 0.008
2453246.44161 0.189 0.008
2453246.44273 0.150 0.008
2453246.44422 0.201 0.008
2453246.44460 0.152 0.008
2453246.44534 0.203 0.008
2453246.44571 0.166 0.008
2453246.44646 0.198 0.008
2453246.44759 0.213 0.008
2453246.44796 0.179 0.008
2453246.44982 0.170 0.008
2453246.45019 0.203 0.008
2453246.45207 0.195 0.008
2453246.45244 0.240 0.008
2453246.45356 0.186 0.008
2453246.45467 0.156 0.008
2453246.45616 0.200 0.008
2453246.45729 0.172 0.008
2453246.45804 0.205 0.008
2453246.45841 0.210 0.008
2453246.45878 0.165 0.008
2453246.45915 0.172 0.008
2453246.45953 0.199 0.008
2453246.46102 0.191 0.008
2453246.46215 0.206 0.008
2453246.46252 0.179 0.008
2453246.46289 0.235 0.008
2453246.46326 0.219 0.008
2453246.46475 0.212 0.008
2453246.46587 0.177 0.008
2453246.46700 0.226 0.008
2453246.46737 0.169 0.008
2453246.46849 0.184 0.008
2453246.46886 0.155 0.008
2453246.46923 0.193 0.008
2453246.46961 0.201 0.008
2453246.46998 0.187 0.008
2453246.47072 0.189 0.008
2453246.47111 0.177 0.008
2453246.47222 0.217 0.008
2453246.47260 0.206 0.008
2453246.47297 0.196 0.008
2453246.47371 0.218 0.008
2453246.47409 0.210 0.008
2453246.47446 0.180 0.008
2453246.47520 0.202 0.008
2453246.47558 0.184 0.008
2453246.47633 0.238 0.008
2453246.47670 0.184 0.008
2453246.47708 0.185 0.008
2453246.47745 0.205 0.008
2453246.47782 0.196 0.008
2453246.47857 0.194 0.008
2453246.47894 0.182 0.008
2453246.47931 0.184 0.008
2453246.47969 0.197 0.008
2453246.48007 0.206 0.008
2453246.48044 0.173 0.008
2453246.48081 0.203 0.008
2453246.48118 0.216 0.008
2453246.48157 0.216 0.008
2453246.48194 0.192 0.008
2453246.48231 0.171 0.008
2453246.48268 0.197 0.009
2453246.48306 0.181 0.008
2453246.48343 0.206 0.008
2453246.48417 0.186 0.008
2453246.48455 0.216 0.008
2453246.48492 0.172 0.008
2453246.48529 0.216 0.008
2453246.48566 0.226 0.008
2453246.48605 0.215 0.008
2453246.48642 0.213 0.008
2453246.48679 0.194 0.008
2453246.48716 0.229 0.008
2453246.48791 0.188 0.008
2453246.48828 0.211 0.008
2453246.48866 0.207 0.008
2453246.48903 0.196 0.008
2453246.48940 0.220 0.008
2453246.48977 0.224 0.008
2453246.49015 0.169 0.008
2453246.49053 0.211 0.008
2453246.49090 0.209 0.008
2453246.49127 0.208 0.008
2453246.49165 0.224 0.008
2453246.49202 0.207 0.008
2453246.49239 0.219 0.008
2453246.49276 0.214 0.008
2453246.49314 0.230 0.008
2453246.49351 0.219 0.008
2453246.49388 0.195 0.008
2453246.49425 0.217 0.008
2453246.49463 0.200 0.008
2453246.49500 0.221 0.008
2453246.49537 0.192 0.008
2453246.49575 0.220 0.008
2453246.49613 0.228 0.008
2453246.49650 0.196 0.008
2453246.49687 0.211 0.008
2453246.49724 0.191 0.008
2453246.49762 0.213 0.008
2453246.49799 0.192 0.008
2453246.49836 0.214 0.008
2453246.49873 0.199 0.008
2453246.49911 0.202 0.008
2453246.49948 0.227 0.008
2453246.49985 0.230 0.008
2453246.50022 0.207 0.008
2453246.50061 0.177 0.008
2453246.50098 0.211 0.008
2453246.50135 0.209 0.008
2453246.50172 0.221 0.008
2453246.50210 0.216 0.008
2453246.50247 0.227 0.008
2453246.50284 0.216 0.008
2453246.50321 0.217 0.008
2453246.50359 0.167 0.008
2453246.50396 0.212 0.008
2453246.50433 0.220 0.008
2453246.50470 0.221 0.008
2453246.50509 0.214 0.008
2453246.50546 0.205 0.008
2453246.50583 0.218 0.008
2453246.50620 0.185 0.008
2453246.50658 0.186 0.008
2453246.50695 0.180 0.008
2453246.50732 0.203 0.008
2453246.50769 0.203 0.008
2453246.50807 0.194 0.008
2453246.50844 0.213 0.008
2453246.50881 0.207 0.009
2453246.50918 0.179 0.008
2453246.50956 0.205 0.008
2453246.50993 0.234 0.008
2453246.51031 0.217 0.008
2453246.51068 0.215 0.008
2453246.51106 0.197 0.008
2453246.51143 0.215 0.009
2453246.51180 0.200 0.009
2453246.51217 0.182 0.008
2453246.51255 0.182 0.008
2453246.51292 0.197 0.009
2453246.51329 0.228 0.009
2453246.51404 0.220 0.009
2453246.51441 0.220 0.009
2453246.51478 0.203 0.008
2453246.51515 0.227 0.008
2453246.51554 0.226 0.008
2453246.51591 0.176 0.008
2453246.51628 0.200 0.008
2453246.51665 0.190 0.008
2453246.51703 0.186 0.009
2453246.51740 0.193 0.009
2453246.51777 0.164 0.008
2453246.51814 0.183 0.009
2453246.51852 0.212 0.009
2453246.51889 0.176 0.009
2453246.51926 0.221 0.009
2453246.51963 0.231 0.009
2453246.52002 0.215 0.009
2453246.52039 0.259 0.009
2453246.52076 0.205 0.009
2453246.52113 0.228 0.009
2453246.52151 0.212 0.009
2453246.52188 0.203 0.009
2453246.52225 0.180 0.009
2453246.52262 0.211 0.009
2453246.52300 0.252 0.009
2453246.52337 0.195 0.009
2453246.52374 0.195 0.009
2453246.52411 0.160 0.009
2453246.52450 0.243 0.009
2453246.52487 0.257 0.009
2453246.52524 0.162 0.009
2453246.52561 0.167 0.009
2453246.52599 0.268 0.009
2453246.52636 0.224 0.009
2453246.52673 0.187 0.009
2453246.52710 0.213 0.009
2453246.52748 0.253 0.009
2453246.52785 0.218 0.009
2453246.52822 0.192 0.009
2453246.52859 0.257 0.009
2453246.52897 0.215 0.009
2453246.52934 0.228 0.009
2453246.52972 0.237 0.009
2453246.53009 0.213 0.009
2453246.53047 0.222 0.009
2453246.53084 0.213 0.009
2453246.53121 0.193 0.009
2453246.53158 0.254 0.009
2453246.53196 0.183 0.009
2453246.53233 0.224 0.009
2453246.53270 0.173 0.009
2453246.53307 0.205 0.009
2453246.53345 0.196 0.009
2453246.53382 0.219 0.009
2453246.53419 0.236 0.009
2453246.53456 0.218 0.009
2453246.53495 0.212 0.009
2453246.53532 0.236 0.009
2453246.53569 0.206 0.009
2453246.53606 0.241 0.009
2453246.53644 0.200 0.009
2453246.53681 0.208 0.009
2453246.53718 0.183 0.009
2453246.53755 0.211 0.009
2453246.53793 0.210 0.009
2453246.53830 0.213 0.009
2453246.53867 0.207 0.009
2453246.53904 0.228 0.009
