JD V-C s1 V-C1 s2 V-C2 s3 C-C1 s4 C-C2 s5 C1-C2 s6
Aperture: 2.00, Filter: V
2453255.29162 99.999 9.999 -0.097 0.006 0.063 0.006 99.999 9.999 99.999 9.999 0.160 0.006
2453255.29200 -0.243 0.006 -0.121 0.006 0.089 0.006 0.122 0.007 0.332 0.006 0.210 0.006
2453255.29520 -0.280 0.006 0.004 0.006 0.142 0.006 0.284 0.006 0.422 0.006 0.138 0.006
2453255.29563 -0.243 0.006 -0.082 0.006 0.075 0.006 0.161 0.006 0.318 0.006 0.157 0.006
2453255.29603 -0.268 0.006 -0.093 0.006 0.054 0.006 0.175 0.006 0.322 0.006 0.147 0.006
2453255.29642 -0.199 0.006 -0.084 0.006 0.149 0.006 0.115 0.007 0.348 0.006 0.233 0.006
2453255.29684 -0.250 0.006 -0.097 0.006 0.129 0.006 0.153 0.007 0.379 0.006 0.226 0.006
2453255.29723 -0.252 0.006 0.006 0.006 0.127 0.006 0.258 0.006 0.379 0.006 0.121 0.006
2453255.29765 -0.254 0.006 -0.038 0.006 0.099 0.006 0.216 0.006 0.353 0.006 0.137 0.006
2453255.29807 99.999 9.999 -0.069 0.006 0.080 0.006 99.999 9.999 99.999 9.999 0.149 0.006
2453255.29848 -0.298 0.006 -0.064 0.006 0.106 0.006 0.234 0.006 0.404 0.006 0.170 0.006
2453255.29887 -0.267 0.006 -0.059 0.006 0.083 0.006 0.208 0.006 0.350 0.006 0.142 0.006
2453255.29928 -0.288 0.006 -0.032 0.006 0.113 0.006 0.256 0.006 0.401 0.006 0.145 0.006
2453255.29971 -0.210 0.006 -0.037 0.006 0.203 0.006 0.173 0.007 0.413 0.006 0.240 0.006
2453255.30015 -0.233 0.006 -0.079 0.006 0.124 0.006 0.154 0.007 0.357 0.006 0.203 0.006
2453255.30057 -0.247 0.006 -0.058 0.006 0.085 0.006 0.189 0.006 0.332 0.006 0.143 0.006
2453255.30097 -0.269 0.006 99.999 9.999 0.069 0.006 99.999 9.999 0.338 0.006 99.999 9.999
2453255.30140 -0.223 0.006 -0.081 0.006 0.107 0.006 0.142 0.006 0.330 0.006 0.188 0.006
2453255.30183 -0.219 0.006 -0.095 0.006 0.135 0.006 0.124 0.007 0.354 0.006 0.230 0.006
2453255.30223 -0.256 0.006 -0.075 0.006 0.069 0.006 0.181 0.006 0.325 0.006 0.144 0.006
2453255.30265 -0.266 0.006 0.006 0.006 0.189 0.006 0.272 0.006 0.455 0.006 0.183 0.006
2453255.30307 -0.273 0.006 -0.061 0.006 0.078 0.006 0.212 0.006 0.351 0.006 0.139 0.006
2453255.30345 -0.229 0.006 -0.034 0.006 0.190 0.006 0.195 0.006 0.419 0.006 0.224 0.006


2453255.30424 -0.223 0.006 -0.021 0.006 0.182 0.006 0.202 0.006 0.405 0.006 0.203 0.006
2453255.30462 -0.265 0.006 -0.002 0.006 0.161 0.006 0.263 0.006 0.426 0.006 0.163 0.006
2453255.30503 -0.244 0.006 -0.016 0.006 0.182 0.006 0.228 0.006 0.426 0.006 0.198 0.006
2453255.30542 -0.219 0.006 -0.047 0.006 0.185 0.006 0.172 0.006 0.404 0.006 0.232 0.006
2453255.30580 -0.245 0.006 -0.098 0.006 0.094 0.006 0.147 0.007 0.339 0.006 0.192 0.006
2453255.30620 -0.254 0.006 -0.079 0.006 99.999 9.999 0.175 0.006 99.999 9.999 99.999 9.999
2453255.30662 -0.249 0.006 -0.049 0.006 0.097 0.006 0.200 0.006 0.346 0.006 0.146 0.006
2453255.30703 -0.222 0.006 -0.004 0.006 0.218 0.006 0.218 0.006 0.440 0.006 0.222 0.006
2453255.30743 -0.198 0.006 -0.083 0.006 0.137 0.006 0.115 0.007 0.335 0.006 0.220 0.006
2453255.30782 -0.194 0.006 -0.005 0.006 0.234 0.006 0.189 0.006 0.428 0.006 0.239 0.006
2453255.30824 -0.228 0.006 0.020 0.006 0.199 0.006 0.248 0.006 0.427 0.006 0.179 0.006
2453255.30863 -0.253 0.006 -0.091 0.006 0.097 0.006 0.162 0.006 0.350 0.006 0.188 0.006
2453255.30904 -0.277 0.006 0.012 0.006 0.137 0.006 0.289 0.006 0.414 0.006 0.125 0.006
2453255.30948 -0.196 0.006 -0.050 0.006 0.145 0.006 0.146 0.007 0.341 0.006 0.195 0.006
2453255.30988 -0.230 0.006 -0.100 0.006 0.121 0.006 0.130 0.007 0.351 0.006 0.221 0.006
2453255.31029 -0.202 0.006 -0.002 0.006 0.185 0.006 0.200 0.006 0.387 0.006 0.187 0.006
2453255.31071 -0.186 0.006 -0.027 0.006 0.162 0.006 0.159 0.007 0.348 0.006 0.189 0.006
2453255.31110 -0.243 0.006 0.028 0.006 0.202 0.006 0.271 0.006 0.445 0.006 0.174 0.006
2453255.31149 -0.261 0.006 -0.043 0.006 0.146 0.006 0.218 0.006 0.407 0.006 0.189 0.006
2453255.31188 -0.258 0.006 -0.010 0.006 0.133 0.006 0.248 0.006 0.391 0.006 0.143 0.006
2453255.31226 -0.291 0.006 -0.035 0.006 0.112 0.006 0.256 0.006 0.403 0.006 0.147 0.006
2453255.31265 -0.245 0.006 -0.001 0.006 0.161 0.006 0.244 0.006 0.406 0.006 0.162 0.006
2453255.31303 -0.211 0.006 -0.085 0.006 0.123 0.006 0.126 0.007 0.334 0.006 0.208 0.006


2453255.31383 -0.241 0.006 0.016 0.006 0.171 0.006 0.257 0.006 0.412 0.006 0.155 0.006
2453255.31422 -0.240 0.006 0.005 0.006 0.182 0.006 0.245 0.006 0.422 0.006 0.177 0.006
2453255.31464 -0.231 0.006 -0.062 0.006 0.117 0.006 0.169 0.007 0.348 0.006 0.179 0.006
2453255.31502 -0.226 0.006 -0.046 0.006 0.128 0.006 0.180 0.006 0.354 0.006 0.174 0.006
2453255.31542 -0.235 0.006 0.000 0.006 0.162 0.006 0.235 0.006 0.397 0.006 0.162 0.006
2453255.31583 -0.176 0.006 0.040 0.006 0.224 0.006 0.216 0.006 0.400 0.006 0.184 0.006
2453255.31623 -0.247 0.006 -0.016 0.006 0.114 0.006 0.231 0.006 0.361 0.006 0.130 0.006
2453255.31667 -0.265 0.006 0.009 0.006 0.161 0.006 0.274 0.006 0.426 0.006 0.152 0.006
2453255.31707 -0.258 0.006 -0.011 0.006 0.136 0.006 0.247 0.006 0.394 0.006 0.147 0.006
2453255.31749 -0.218 0.006 0.008 0.006 0.181 0.006 0.226 0.006 0.399 0.006 0.173 0.006
2453255.31788 99.999 9.999 -0.074 0.006 0.126 0.006 99.999 9.999 99.999 9.999 0.200 0.006
2453255.31830 -0.171 0.006 -0.036 0.006 0.162 0.006 0.135 0.007 0.333 0.006 0.198 0.006
2453255.31870 -0.229 0.006 -0.009 0.006 0.202 0.006 0.220 0.006 0.431 0.006 0.211 0.006
2453255.31912 -0.245 0.006 0.007 0.006 0.173 0.006 0.252 0.006 0.418 0.006 0.166 0.006
2453255.31950 -0.209 0.006 0.029 0.006 0.195 0.006 0.238 0.006 0.404 0.006 0.166 0.006
2453255.31987 -0.236 0.006 0.024 0.006 0.205 0.006 0.260 0.006 0.441 0.006 0.181 0.006
2453255.32025 -0.222 0.006 -0.067 0.006 0.124 0.006 0.155 0.007 0.346 0.006 0.191 0.006
2453255.32067 -0.213 0.006 -0.016 0.006 0.186 0.006 0.197 0.006 0.399 0.006 0.202 0.006
2453255.32106 -0.217 0.006 -0.093 0.006 0.141 0.006 0.124 0.007 0.358 0.006 0.234 0.006
2453255.32146 -0.187 0.006 0.021 0.006 0.230 0.006 0.208 0.006 0.417 0.006 0.209 0.006
2453255.32186 -0.254 0.006 -0.007 0.006 0.154 0.006 0.247 0.006 0.408 0.006 0.161 0.006
2453255.32229 -0.201 0.006 0.039 0.006 0.202 0.006 0.240 0.006 0.403 0.006 0.163 0.006
2453255.32271 -0.216 0.006 -0.032 0.006 0.170 0.006 0.184 0.006 0.386 0.006 0.202 0.006
2453255.32309 -0.198 0.006 -0.055 0.006 0.181 0.006 0.143 0.007 0.379 0.006 0.236 0.006
2453255.32347 -0.254 0.006 -0.087 0.006 0.085 0.006 0.167 0.006 0.339 0.006 0.172 0.006
2453255.32389 -0.263 0.006 -0.053 0.006 0.095 0.006 0.210 0.006 0.358 0.006 0.148 0.006
2453255.32431 -0.207 0.006 -0.017 0.006 0.174 0.006 0.190 0.006 0.381 0.006 0.191 0.006
2453255.32470 -0.238 0.006 -0.075 0.006 0.108 0.006 0.163 0.007 0.346 0.006 0.183 0.006
2453255.32512 99.999 9.999 -0.073 0.006 0.129 0.006 99.999 9.999 99.999 9.999 0.202 0.006
2453255.32553 -0.228 0.006 -0.041 0.006 0.175 0.006 0.187 0.007 0.403 0.006 0.216 0.006
2453255.32594 -0.271 0.006 -0.046 0.006 0.104 0.006 0.225 0.006 0.375 0.006 0.150 0.006
2453255.32632 -0.210 0.006 0.029 0.006 0.195 0.006 0.239 0.006 0.405 0.006 0.166 0.006
2453255.32675 -0.234 0.006 -0.028 0.006 0.153 0.006 0.206 0.006 0.387 0.006 0.181 0.006


2453255.32756 -0.209 0.006 -0.044 0.006 0.172 0.006 0.165 0.007 0.381 0.006 0.216 0.006
2453255.32797 -0.230 0.006 -0.083 0.006 0.109 0.006 0.147 0.006 0.339 0.006 0.192 0.006
2453255.32838 -0.228 0.006 0.005 0.006 0.184 0.006 0.233 0.006 0.412 0.006 0.179 0.006
2453255.32876 -0.224 0.006 0.005 0.006 0.192 0.006 0.229 0.006 0.416 0.006 0.187 0.006
2453255.32918 -0.234 0.006 -0.019 0.006 0.176 0.006 0.215 0.006 0.410 0.006 0.195 0.006
2453255.32957 -0.223 0.006 -0.054 0.006 0.153 0.006 0.169 0.006 0.376 0.006 0.207 0.006
2453255.33000 -0.255 0.006 -0.041 0.006 0.111 0.006 0.214 0.006 0.366 0.006 0.152 0.006
2453255.33041 -0.238 0.006 -0.013 0.006 0.175 0.006 0.225 0.006 0.413 0.006 0.188 0.006
2453255.33081 -0.241 0.006 -0.089 0.006 0.096 0.006 0.152 0.007 0.337 0.006 0.185 0.006
2453255.33123 -0.245 0.006 -0.019 0.006 0.155 0.006 0.226 0.006 0.400 0.006 0.174 0.006
2453255.33162 -0.246 0.006 -0.056 0.006 0.154 0.006 0.190 0.006 0.400 0.006 0.210 0.006
2453255.33201 -0.220 0.006 -0.001 0.006 0.192 0.006 0.219 0.006 0.412 0.006 0.193 0.006
2453255.33243 -0.225 0.006 -0.015 0.006 0.185 0.006 0.210 0.006 0.410 0.006 0.200 0.006
2453255.33284 -0.259 0.006 -0.074 0.006 0.103 0.006 0.185 0.006 0.362 0.006 0.177 0.006
2453255.33325 -0.254 0.006 -0.026 0.006 0.155 0.006 0.228 0.006 0.409 0.006 0.181 0.006
2453255.33368 -0.268 0.006 -0.068 0.006 0.072 0.006 0.200 0.006 0.340 0.006 0.140 0.006
2453255.33410 -0.260 0.006 0.000 0.006 0.136 0.006 0.260 0.006 0.396 0.006 0.136 0.006
2453255.33449 -0.235 0.006 -0.074 0.006 0.114 0.006 0.161 0.006 0.349 0.006 0.188 0.006
2453255.33491 -0.270 0.006 -0.040 0.006 0.099 0.006 0.230 0.006 0.369 0.006 0.139 0.006
2453255.33532 99.999 9.999 -0.069 0.006 0.137 0.006 99.999 9.999 99.999 9.999 0.206 0.006
2453255.33574 -0.220 0.006 -0.007 0.006 0.176 0.006 0.213 0.006 0.396 0.006 0.183 0.006
2453255.33616 -0.247 0.006 -0.006 0.006 0.168 0.006 0.241 0.006 0.415 0.006 0.174 0.006
2453255.33655 -0.239 0.006 -0.005 0.006 0.185 0.006 0.234 0.006 0.424 0.006 0.190 0.006
2453255.33697 -0.251 0.006 0.001 0.006 0.156 0.006 0.252 0.006 0.407 0.006 0.155 0.006
2453255.33735 -0.209 0.006 -0.047 0.006 0.173 0.006 0.162 0.007 0.382 0.006 0.220 0.006
2453255.33774 -0.230 0.006 -0.059 0.006 0.146 0.006 0.171 0.007 0.376 0.006 0.205 0.006
2453255.33814 -0.234 0.006 -0.045 0.006 0.117 0.006 0.189 0.006 0.351 0.006 0.162 0.006
2453255.33852 99.999 9.999 -0.037 0.006 0.109 0.006 99.999 9.999 99.999 9.999 0.146 0.006
2453255.33890 -0.228 0.006 -0.069 0.006 0.122 0.006 0.159 0.006 0.350 0.006 0.191 0.006
2453255.33928 -0.205 0.006 -0.030 0.006 0.198 0.006 0.175 0.007 0.403 0.006 0.228 0.006
2453255.33965 -0.233 0.006 -0.043 0.006 0.157 0.006 0.190 0.007 0.390 0.006 0.200 0.006
2453255.34005 -0.240 0.006 -0.057 0.006 0.101 0.006 0.183 0.006 0.341 0.006 0.158 0.006
2453255.34046 -0.233 0.006 -0.062 0.006 0.112 0.006 0.171 0.006 0.345 0.006 0.174 0.006
2453255.34088 -0.253 0.006 -0.066 0.006 99.999 9.999 0.187 0.006 99.999 9.999 99.999 9.999
2453255.34130 99.999 9.999 -0.077 0.006 0.075 0.006 99.999 9.999 99.999 9.999 0.152 0.006
2453255.34169 -0.245 0.006 0.019 0.006 0.166 0.006 0.264 0.006 0.411 0.006 0.147 0.006
2453255.34211 -0.221 0.006 -0.038 0.006 0.178 0.006 0.183 0.006 0.399 0.006 0.216 0.006
2453255.34253 -0.238 0.006 0.007 0.006 0.179 0.006 0.245 0.006 0.417 0.006 0.172 0.006
2453255.34292 -0.275 0.006 -0.022 0.006 0.134 0.006 0.253 0.006 0.409 0.006 0.156 0.006
2453255.34330 -0.231 0.006 -0.066 0.006 0.108 0.006 0.165 0.006 0.339 0.006 0.174 0.006
2453255.34369 -0.263 0.006 -0.062 0.006 0.087 0.006 0.201 0.006 0.350 0.006 0.149 0.006
2453255.34411 -0.206 0.006 0.018 0.006 0.195 0.006 0.224 0.006 0.401 0.006 0.177 0.006
2453255.34448 99.999 9.999 -0.085 0.006 0.088 0.006 99.999 9.999 99.999 9.999 0.173 0.006
2453255.34488 -0.214 0.006 -0.031 0.006 0.181 0.006 0.183 0.006 0.395 0.006 0.212 0.006
2453255.34530 -0.242 0.006 -0.066 0.006 0.143 0.006 0.176 0.007 0.385 0.006 0.209 0.006
2453255.34572 -0.268 0.006 -0.006 0.006 0.143 0.006 0.262 0.006 0.411 0.006 0.149 0.006
2453255.34613 99.999 9.999 -0.028 0.006 0.108 0.006 99.999 9.999 99.999 9.999 0.136 0.006
2453255.34655 -0.237 0.006 -0.035 0.006 0.106 0.006 0.202 0.006 0.343 0.006 0.141 0.006
2453255.34696 -0.256 0.006 -0.014 0.006 0.165 0.006 0.242 0.006 0.421 0.006 0.179 0.006
2453255.34737 -0.256 0.006 -0.032 0.006 0.126 0.006 0.224 0.006 0.382 0.006 0.158 0.006
2453255.34779 -0.232 0.006 0.007 0.006 0.192 0.006 0.239 0.006 0.424 0.006 0.185 0.006
2453255.34817 -0.246 0.006 0.010 0.006 0.169 0.006 0.256 0.006 0.415 0.006 0.159 0.006
2453255.34856 -0.213 0.006 -0.077 0.006 0.152 0.006 0.136 0.007 0.365 0.006 0.229 0.006
2453255.34898 -0.254 0.006 -0.074 0.006 0.096 0.006 0.180 0.006 0.350 0.006 0.170 0.006
2453255.34942 -0.245 0.006 -0.059 0.006 0.102 0.006 0.186 0.007 0.347 0.006 0.161 0.006
2453255.34980 -0.238 0.006 -0.013 0.006 0.190 0.006 0.225 0.006 0.428 0.006 0.203 0.006
2453255.35023 -0.238 0.006 -0.048 0.006 0.114 0.006 0.190 0.006 0.352 0.006 0.162 0.006
2453255.35064 -0.260 0.006 -0.029 0.006 0.139 0.006 0.231 0.006 0.399 0.006 0.168 0.006
2453255.35101 -0.248 0.006 -0.021 0.006 0.164 0.006 0.227 0.006 0.412 0.006 0.185 0.006
2453255.35139 -0.242 0.006 -0.004 0.006 0.176 0.006 0.238 0.006 0.418 0.006 0.180 0.006
2453255.35181 -0.258 0.006 -0.048 0.006 0.115 0.006 0.210 0.006 0.373 0.006 0.163 0.006
2453255.35222 -0.240 0.006 -0.023 0.006 0.128 0.006 0.217 0.006 0.368 0.006 0.151 0.006
2453255.35262 -0.211 0.006 -0.058 0.006 0.142 0.006 0.153 0.007 0.353 0.006 0.200 0.006
2453255.35301 -0.210 0.006 -0.035 0.006 0.168 0.006 0.175 0.007 0.378 0.006 0.203 0.006
2453255.35340 -0.214 0.006 0.006 0.006 0.193 0.006 0.220 0.006 0.407 0.006 0.187 0.006
2453255.35380 -0.220 0.006 0.024 0.006 0.186 0.006 0.244 0.006 0.406 0.006 0.162 0.006
2453255.35417 -0.213 0.006 0.025 0.006 0.211 0.006 0.238 0.006 0.424 0.006 0.186 0.006
2453255.35458 -0.213 0.006 -0.056 0.006 0.120 0.006 0.157 0.007 0.333 0.006 0.176 0.006
2453255.35500 -0.230 0.006 -0.087 0.006 0.118 0.006 0.143 0.007 0.348 0.006 0.205 0.006
2453255.35539 99.999 9.999 -0.017 0.006 0.133 0.006 99.999 9.999 99.999 9.999 0.150 0.006
2453255.35580 -0.233 0.006 0.009 0.006 0.180 0.006 0.242 0.006 0.413 0.006 0.171 0.006
2453255.35623 -0.263 0.006 -0.054 0.006 0.098 0.006 0.209 0.006 0.361 0.006 0.152 0.006
2453255.35661 -0.215 0.006 -0.033 0.006 0.179 0.006 0.182 0.006 0.394 0.006 0.212 0.006
2453255.35703 99.999 9.999 -0.035 0.006 0.156 0.006 99.999 9.999 99.999 9.999 0.191 0.006
2453255.35742 -0.245 0.006 -0.069 0.006 99.999 9.999 0.176 0.007 99.999 9.999 99.999 9.999
2453255.35781 -0.231 0.006 0.009 0.006 0.189 0.006 0.240 0.006 0.420 0.006 0.180 0.006
2453255.35823 -0.226 0.006 0.014 0.006 0.189 0.006 0.240 0.006 0.415 0.006 0.175 0.006
2453255.35861 -0.252 0.006 -0.012 0.006 0.167 0.006 0.240 0.006 0.419 0.006 0.179 0.006
2453255.35900 -0.217 0.006 -0.023 0.006 0.178 0.006 0.194 0.006 0.395 0.006 0.201 0.006
2453255.35939 -0.226 0.006 -0.080 0.006 0.117 0.006 0.146 0.007 0.343 0.006 0.197 0.006
2453255.35980 -0.220 0.006 -0.056 0.006 0.156 0.006 0.164 0.007 0.376 0.006 0.212 0.006
2453255.36021 -0.213 0.006 0.008 0.006 0.207 0.006 0.221 0.006 0.420 0.006 0.199 0.006
2453255.36063 -0.256 0.006 0.003 0.006 0.153 0.006 0.259 0.006 0.409 0.006 0.150 0.006
2453255.36102 -0.236 0.006 0.030 0.006 0.197 0.006 0.266 0.006 0.433 0.006 0.167 0.006
2453255.36140 -0.246 0.006 -0.044 0.006 0.105 0.006 0.202 0.006 0.351 0.006 0.149 0.006
2453255.36179 -0.251 0.006 -0.023 0.006 0.123 0.006 0.228 0.006 0.374 0.006 0.146 0.006
2453255.36223 -0.212 0.006 -0.053 0.006 0.151 0.006 0.159 0.007 0.363 0.006 0.204 0.006
2453255.36260 -0.234 0.006 -0.071 0.006 0.097 0.006 0.163 0.007 0.331 0.006 0.168 0.006
2453255.36301 -0.209 0.006 0.007 0.006 0.210 0.006 0.216 0.006 0.419 0.006 0.203 0.006
2453255.36339 -0.227 0.006 0.018 0.006 0.195 0.006 0.245 0.006 0.422 0.006 0.177 0.006
2453255.36378 -0.250 0.006 -0.009 0.006 0.177 0.006 0.241 0.006 0.427 0.006 0.186 0.006
2453255.36421 -0.209 0.006 0.008 0.006 0.208 0.006 0.217 0.006 0.417 0.006 0.200 0.006
2453255.36462 -0.210 0.006 0.036 0.006 0.220 0.006 0.246 0.006 0.430 0.006 0.184 0.006


2453255.36543 -0.236 0.006 -0.057 0.006 0.107 0.006 0.179 0.007 0.343 0.006 0.164 0.006
2453255.36581 -0.201 0.006 0.025 0.006 0.212 0.006 0.226 0.006 0.413 0.006 0.187 0.006
2453255.36623 -0.233 0.006 -0.077 0.006 0.115 0.006 0.156 0.007 0.348 0.006 0.192 0.006
2453255.36662 -0.218 0.006 -0.013 0.006 0.198 0.006 0.205 0.006 0.416 0.006 0.211 0.006
2453255.36703 -0.234 0.006 0.017 0.006 0.179 0.006 0.251 0.006 0.413 0.006 0.162 0.006
2453255.36741 -0.204 0.006 -0.009 0.006 0.185 0.006 0.195 0.006 0.389 0.006 0.194 0.006
2453255.36780 -0.220 0.006 0.000 0.006 0.179 0.006 0.220 0.006 0.399 0.006 0.179 0.006
2453255.36823 -0.227 0.006 -0.028 0.006 0.167 0.006 0.199 0.007 0.394 0.006 0.195 0.006
2453255.36866 -0.260 0.006 -0.030 0.006 0.126 0.006 0.230 0.006 0.386 0.006 0.156 0.006
2453255.36905 -0.238 0.006 -0.050 0.006 0.102 0.006 0.188 0.006 0.340 0.006 0.152 0.006
2453255.36949 -0.242 0.006 -0.040 0.006 0.115 0.006 0.202 0.007 0.357 0.006 0.155 0.006
2453255.36990 -0.202 0.006 -0.036 0.006 0.165 0.006 0.166 0.007 0.367 0.006 0.201 0.006
2453255.37031 -0.224 0.006 -0.013 0.006 0.163 0.006 0.211 0.007 0.387 0.006 0.176 0.006
2453255.37069 -0.222 0.006 0.013 0.006 0.186 0.006 0.235 0.006 0.408 0.006 0.173 0.006
2453255.37109 -0.243 0.006 -0.016 0.006 0.157 0.006 0.227 0.006 0.400 0.006 0.173 0.006
2453255.37152 -0.231 0.006 -0.025 0.006 0.169 0.006 0.206 0.007 0.400 0.006 0.194 0.006
2453255.37190 -0.256 0.006 -0.011 0.006 0.155 0.006 0.245 0.006 0.411 0.006 0.166 0.006
2453255.37231 -0.264 0.006 -0.047 0.006 0.104 0.006 0.217 0.006 0.368 0.006 0.151 0.006
2453255.37270 -0.234 0.006 -0.066 0.006 0.159 0.006 0.168 0.007 0.393 0.006 0.225 0.006
2453255.37308 -0.258 0.006 -0.076 0.006 0.087 0.006 0.182 0.007 0.345 0.006 0.163 0.006
2453255.37345 -0.223 0.006 -0.069 0.006 0.154 0.006 0.154 0.007 0.377 0.006 0.223 0.006
2453255.37387 -0.209 0.006 -0.014 0.006 0.190 0.006 0.195 0.007 0.399 0.006 0.204 0.006
2453255.37427 -0.231 0.006 -0.034 0.006 0.149 0.006 0.197 0.007 0.380 0.006 0.183 0.006
2453255.37466 -0.240 0.006 -0.062 0.006 0.079 0.006 0.178 0.007 0.319 0.006 0.141 0.006
2453255.37509 -0.209 0.006 -0.035 0.006 0.148 0.006 0.174 0.007 0.357 0.006 0.183 0.006
2453255.37551 -0.286 0.006 -0.039 0.006 0.092 0.006 0.247 0.006 0.378 0.006 0.131 0.006
2453255.37593 -0.260 0.006 99.999 9.999 0.093 0.006 99.999 9.999 0.353 0.006 99.999 9.999
2453255.37634 -0.282 0.006 -0.089 0.006 0.101 0.006 0.193 0.007 0.383 0.006 0.190 0.006
2453255.37676 -0.247 0.006 0.018 0.006 0.168 0.006 0.265 0.006 0.415 0.006 0.150 0.006
2453255.37718 -0.284 0.006 -0.052 0.006 0.083 0.006 0.232 0.007 0.367 0.006 0.135 0.006
2453255.37756 -0.236 0.006 -0.068 0.006 0.136 0.006 0.168 0.007 0.372 0.006 0.204 0.006
2453255.37796 -0.255 0.006 -0.031 0.006 0.143 0.006 0.224 0.007 0.398 0.006 0.174 0.006
2453255.37837 -0.250 0.006 -0.030 0.006 0.147 0.006 0.220 0.007 0.397 0.006 0.177 0.006
2453255.37878 -0.260 0.006 -0.008 0.006 0.154 0.006 0.252 0.007 0.414 0.006 0.162 0.006
2453255.37918 -0.241 0.006 -0.005 0.006 0.167 0.006 0.236 0.006 0.408 0.006 0.172 0.006
2453255.37958 -0.237 0.006 -0.083 0.006 0.120 0.006 0.154 0.007 0.357 0.006 0.203 0.006
2453255.37998 -0.261 0.006 -0.103 0.006 0.092 0.006 0.158 0.007 0.353 0.006 0.195 0.006
2453255.38037 -0.252 0.006 -0.039 0.006 0.138 0.006 0.213 0.007 0.390 0.006 0.177 0.006
2453255.38081 -0.263 0.006 -0.034 0.006 0.121 0.006 0.229 0.007 0.384 0.006 0.155 0.006
2453255.38123 -0.240 0.006 -0.069 0.006 0.138 0.006 0.171 0.007 0.378 0.006 0.207 0.006
2453255.38163 -0.264 0.006 -0.067 0.006 0.092 0.006 0.197 0.007 0.356 0.006 0.159 0.006
2453255.38201 -0.244 0.006 -0.023 0.006 0.163 0.006 0.221 0.007 0.407 0.006 0.186 0.006
2453255.38238 -0.215 0.006 0.013 0.006 0.186 0.006 0.228 0.006 0.401 0.006 0.173 0.006
2453255.38279 -0.277 0.006 -0.014 0.006 0.144 0.006 0.263 0.006 0.421 0.006 0.158 0.006
2453255.38317 -0.247 0.006 -0.035 0.006 0.157 0.006 0.212 0.007 0.404 0.006 0.192 0.006
2453255.38355 -0.232 0.006 -0.064 0.006 0.126 0.006 0.168 0.007 0.358 0.006 0.190 0.006
2453255.38395 -0.245 0.006 -0.009 0.006 0.168 0.006 0.236 0.007 0.413 0.006 0.177 0.006
2453255.38436 -0.266 0.006 -0.025 0.006 0.117 0.006 0.241 0.006 0.383 0.006 0.142 0.006
2453255.38476 -0.246 0.006 -0.035 0.006 0.157 0.006 0.211 0.007 0.403 0.006 0.192 0.006
2453255.38515 -0.245 0.006 -0.095 0.006 0.090 0.006 0.150 0.007 0.335 0.006 0.185 0.006
2453255.38556 -0.246 0.006 -0.003 0.006 0.149 0.006 0.243 0.007 0.395 0.006 0.152 0.006
2453255.38597 -0.258 0.006 -0.018 0.006 0.164 0.006 0.240 0.007 0.422 0.006 0.182 0.006
2453255.38638 -0.273 0.006 -0.070 0.006 0.094 0.006 0.203 0.007 0.367 0.006 0.164 0.006
2453255.38676 -0.248 0.006 -0.020 0.006 0.160 0.006 0.228 0.007 0.408 0.006 0.180 0.006
2453255.38716 -0.234 0.006 -0.056 0.006 0.124 0.006 0.178 0.007 0.358 0.006 0.180 0.006
2453255.38756 -0.209 0.006 -0.013 0.006 0.163 0.006 0.196 0.007 0.372 0.006 0.176 0.006
2453255.38797 -0.254 0.006 -0.022 0.006 0.139 0.006 0.232 0.007 0.393 0.006 0.161 0.006
2453255.38839 -0.254 0.006 -0.014 0.006 0.148 0.006 0.240 0.007 0.402 0.006 0.162 0.006
2453255.38880 -0.284 0.006 -0.023 0.006 0.147 0.006 0.261 0.007 0.431 0.006 0.170 0.006
2453255.38920 -0.274 0.006 -0.041 0.006 0.113 0.006 0.233 0.006 0.387 0.006 0.154 0.006
2453255.38964 -0.271 0.006 -0.038 0.006 0.137 0.006 0.233 0.007 0.408 0.006 0.175 0.006
2453255.39002 -0.244 0.006 -0.085 0.006 0.117 0.006 0.159 0.007 0.361 0.006 0.202 0.006
2453255.39039 -0.277 0.006 99.999 9.999 0.083 0.006 99.999 9.999 0.360 0.006 99.999 9.999
2453255.39081 -0.235 0.006 -0.057 0.006 0.132 0.006 0.178 0.007 0.367 0.006 0.189 0.006
2453255.39122 -0.262 0.006 -0.021 0.006 0.148 0.006 0.241 0.007 0.410 0.006 0.169 0.006
2453255.39163 -0.223 0.006 -0.038 0.006 0.156 0.006 0.185 0.007 0.379 0.006 0.194 0.006
2453255.39201 -0.243 0.006 -0.090 0.006 0.139 0.006 0.153 0.007 0.382 0.006 0.229 0.006
2453255.39243 -0.230 0.007 0.002 0.007 0.205 0.006 0.232 0.007 0.435 0.006 0.203 0.006
2453255.39281 99.999 9.999 -0.069 0.006 0.048 0.006 99.999 9.999 99.999 9.999 0.117 0.006
2453255.39319 -0.250 0.006 -0.080 0.006 0.087 0.006 0.170 0.007 0.337 0.006 0.167 0.006
2453255.39359 -0.262 0.006 -0.010 0.006 0.156 0.006 0.252 0.006 0.418 0.006 0.166 0.006
2453255.39397 -0.238 0.006 -0.028 0.006 0.179 0.006 0.210 0.007 0.417 0.006 0.207 0.006
2453255.39435 -0.249 0.006 -0.001 0.006 0.182 0.006 0.248 0.006 0.431 0.006 0.183 0.006
2453255.39475 -0.264 0.006 -0.065 0.006 0.085 0.006 0.199 0.007 0.349 0.006 0.150 0.006
2453255.39517 -0.256 0.006 -0.049 0.006 0.136 0.006 0.207 0.007 0.392 0.006 0.185 0.006
2453255.39558 -0.270 0.006 99.999 9.999 0.089 0.006 99.999 9.999 0.359 0.006 99.999 9.999
2453255.39601 -0.246 0.006 -0.022 0.006 0.169 0.006 0.224 0.007 0.415 0.006 0.191 0.006
2453255.39644 -0.290 0.006 -0.038 0.006 0.119 0.006 0.252 0.007 0.409 0.006 0.157 0.006
2453255.39683 -0.289 0.006 -0.042 0.006 0.093 0.006 0.247 0.007 0.382 0.006 0.135 0.006
2453255.39720 -0.271 0.006 -0.026 0.006 0.109 0.006 0.245 0.006 0.380 0.006 0.135 0.006
2453255.39762 -0.276 0.006 -0.099 0.006 0.133 0.006 0.177 0.007 0.409 0.006 0.232 0.006
2453255.39801 -0.234 0.006 -0.072 0.006 0.151 0.006 0.162 0.007 0.385 0.006 0.223 0.006
2453255.39839 -0.262 0.006 -0.010 0.006 0.190 0.006 0.252 0.007 0.452 0.006 0.200 0.006
2453255.39881 -0.231 0.006 -0.016 0.006 0.186 0.006 0.215 0.007 0.417 0.006 0.202 0.006
2453255.39920 -0.263 0.006 -0.029 0.006 0.158 0.006 0.234 0.007 0.421 0.006 0.187 0.006
2453255.39959 -0.274 0.006 -0.083 0.006 0.108 0.006 0.191 0.007 0.382 0.006 0.191 0.006
2453255.40000 99.999 9.999 -0.074 0.006 0.092 0.006 99.999 9.999 99.999 9.999 0.166 0.006
2453255.40038 -0.256 0.006 -0.016 0.006 0.161 0.006 0.240 0.007 0.417 0.006 0.177 0.006
2453255.40076 -0.270 0.006 -0.024 0.006 0.172 0.006 0.246 0.007 0.442 0.006 0.196 0.006
2453255.40116 -0.273 0.006 -0.041 0.006 0.124 0.006 0.232 0.007 0.397 0.006 0.165 0.006
2453255.40154 -0.277 0.006 -0.081 0.006 0.085 0.006 0.196 0.007 0.362 0.006 0.166 0.006
2453255.40197 -0.271 0.006 -0.077 0.006 0.107 0.006 0.194 0.007 0.378 0.006 0.184 0.006
2453255.40237 -0.265 0.006 -0.093 0.006 0.060 0.006 0.172 0.007 0.325 0.006 0.153 0.006
2453255.40277 -0.240 0.006 -0.035 0.006 0.168 0.006 0.205 0.007 0.408 0.006 0.203 0.006
2453255.40315 -0.278 0.006 -0.048 0.006 0.093 0.006 0.230 0.007 0.371 0.006 0.141 0.006
2453255.40356 -0.254 0.006 -0.080 0.006 0.099 0.006 0.174 0.007 0.353 0.006 0.179 0.006
2453255.40396 -0.289 0.006 -0.052 0.006 0.106 0.006 0.237 0.007 0.395 0.006 0.158 0.006
2453255.40438 -0.284 0.006 -0.026 0.006 0.143 0.006 0.258 0.007 0.427 0.006 0.169 0.006
2453255.40479 -0.301 0.006 -0.034 0.006 0.105 0.006 0.267 0.007 0.406 0.006 0.139 0.006
2453255.40517 -0.298 0.006 -0.064 0.006 0.094 0.006 0.234 0.007 0.392 0.006 0.158 0.006
2453255.40561 99.999 9.999 -0.092 0.006 0.113 0.006 99.999 9.999 99.999 9.999 0.205 0.006
2453255.40603 99.999 9.999 -0.076 0.006 0.047 0.006 99.999 9.999 99.999 9.999 0.123 0.006
2453255.40640 -0.253 0.006 -0.017 0.006 0.152 0.006 0.236 0.007 0.405 0.006 0.169 0.006
2453255.40681 -0.271 0.006 -0.020 0.006 0.168 0.006 0.251 0.007 0.439 0.006 0.188 0.006
2453255.40722 -0.300 0.006 -0.065 0.006 0.081 0.006 0.235 0.007 0.381 0.006 0.146 0.006
2453255.40764 -0.295 0.006 -0.027 0.006 0.116 0.006 0.268 0.007 0.411 0.006 0.143 0.006
2453255.40806 99.999 9.999 -0.117 0.006 0.087 0.006 99.999 9.999 99.999 9.999 0.204 0.006
2453255.40847 99.999 9.999 -0.062 0.006 0.138 0.006 99.999 9.999 99.999 9.999 0.200 0.006
2453255.40885 -0.224 0.006 -0.058 0.006 0.156 0.006 0.166 0.007 0.380 0.006 0.214 0.006
2453255.40927 -0.296 0.006 -0.130 0.006 0.053 0.006 0.166 0.007 0.349 0.006 0.183 0.006
2453255.40971 -0.258 0.006 -0.087 0.006 0.119 0.006 0.171 0.007 0.377 0.006 0.206 0.006
2453255.41014 -0.269 0.006 -0.017 0.006 0.142 0.006 0.252 0.006 0.411 0.006 0.159 0.006
2453255.41054 -0.297 0.006 -0.089 0.006 0.063 0.006 0.208 0.007 0.360 0.006 0.152 0.006
2453255.41095 -0.281 0.006 -0.042 0.006 0.124 0.006 0.239 0.007 0.405 0.006 0.166 0.006
2453255.41134 -0.243 0.006 -0.039 0.006 0.129 0.006 0.204 0.007 0.372 0.006 0.168 0.006
2453255.41172 -0.276 0.006 -0.042 0.006 0.173 0.006 0.234 0.007 0.449 0.006 0.215 0.006
2453255.41215 -0.285 0.006 -0.040 0.006 0.123 0.006 0.245 0.007 0.408 0.006 0.163 0.006
2453255.41257 -0.275 0.006 -0.041 0.006 0.116 0.006 0.234 0.006 0.391 0.006 0.157 0.006
2453255.41296 -0.293 0.006 -0.023 0.006 0.115 0.006 0.270 0.007 0.408 0.006 0.138 0.006
2453255.41334 -0.260 0.006 -0.070 0.006 0.127 0.006 0.190 0.007 0.387 0.006 0.197 0.006
2453255.41374 -0.271 0.006 -0.120 0.006 0.085 0.006 0.151 0.007 0.356 0.006 0.205 0.006
2453255.41413 -0.255 0.006 -0.010 0.006 0.169 0.006 0.245 0.006 0.424 0.006 0.179 0.006
2453255.41456 -0.258 0.006 -0.058 0.006 0.144 0.006 0.200 0.007 0.402 0.006 0.202 0.006
2453255.41497 -0.307 0.006 -0.079 0.006 0.085 0.006 0.228 0.007 0.392 0.006 0.164 0.006
2453255.41538 -0.282 0.006 -0.031 0.006 0.134 0.006 0.251 0.007 0.416 0.006 0.165 0.006
2453255.41579 -0.292 0.006 -0.038 0.006 0.120 0.006 0.254 0.007 0.412 0.006 0.158 0.006
2453255.41620 -0.235 0.006 -0.021 0.006 0.173 0.006 0.214 0.007 0.408 0.006 0.194 0.006
2453255.41659 -0.290 0.006 -0.031 0.006 0.141 0.006 0.259 0.007 0.431 0.006 0.172 0.006
2453255.41700 -0.249 0.006 -0.016 0.006 0.174 0.006 0.233 0.007 0.423 0.006 0.190 0.006
2453255.41738 -0.282 0.006 -0.014 0.006 0.163 0.006 0.268 0.007 0.445 0.006 0.177 0.006
2453255.41780 -0.270 0.006 -0.068 0.006 0.120 0.006 0.202 0.007 0.390 0.006 0.188 0.006
2453255.41821 -0.262 0.006 -0.069 0.006 0.126 0.006 0.193 0.007 0.388 0.006 0.195 0.006
2453255.41860 -0.264 0.006 0.001 0.006 0.152 0.006 0.265 0.006 0.416 0.006 0.151 0.006
2453255.41900 -0.282 0.006 -0.092 0.006 0.088 0.006 0.190 0.007 0.370 0.006 0.180 0.006
2453255.41940 -0.278 0.006 -0.103 0.006 0.072 0.006 0.175 0.007 0.350 0.006 0.175 0.006
2453255.41979 -0.315 0.006 -0.077 0.006 0.109 0.006 0.238 0.007 0.424 0.006 0.186 0.006
2453255.42021 -0.252 0.006 -0.020 0.006 0.127 0.006 0.232 0.007 0.379 0.006 0.147 0.006
2453255.42063 -0.276 0.006 -0.047 0.006 0.149 0.006 0.229 0.007 0.425 0.006 0.196 0.006
2453255.42104 -0.281 0.006 -0.066 0.006 0.093 0.006 0.215 0.007 0.374 0.006 0.159 0.006
2453255.42142 -0.286 0.006 -0.045 0.006 0.085 0.006 0.241 0.007 0.371 0.006 0.130 0.006
2453255.42182 -0.265 0.006 -0.028 0.006 0.171 0.006 0.237 0.007 0.436 0.006 0.199 0.006
2453255.42221 -0.296 0.006 -0.035 0.006 0.118 0.006 0.261 0.007 0.414 0.006 0.153 0.006
2453255.42259 -0.307 0.006 -0.099 0.006 0.069 0.006 0.208 0.007 0.376 0.006 0.168 0.006
2453255.42299 -0.280 0.006 -0.099 0.006 0.070 0.006 0.181 0.007 0.350 0.006 0.169 0.006
2453255.42340 -0.292 0.006 -0.103 0.006 0.067 0.006 0.189 0.007 0.359 0.006 0.170 0.006
2453255.42382 -0.303 0.006 -0.060 0.006 0.104 0.006 0.243 0.007 0.407 0.006 0.164 0.006
2453255.42422 -0.267 0.006 -0.028 0.006 0.152 0.006 0.239 0.007 0.419 0.006 0.180 0.006
2453255.42462 -0.286 0.006 -0.085 0.006 0.096 0.006 0.201 0.007 0.382 0.006 0.181 0.006
2453255.42499 -0.306 0.006 -0.120 0.006 0.061 0.006 0.186 0.007 0.367 0.006 0.181 0.006
2453255.42538 -0.285 0.006 -0.056 0.006 0.161 0.006 0.229 0.007 0.446 0.006 0.217 0.006
2453255.42582 -0.263 0.006 -0.047 0.006 0.136 0.006 0.216 0.007 0.399 0.006 0.183 0.006
2453255.42624 -0.276 0.006 -0.038 0.006 0.135 0.006 0.238 0.007 0.411 0.006 0.173 0.006
2453255.42663 99.999 9.999 -0.105 0.006 0.079 0.006 99.999 9.999 99.999 9.999 0.184 0.006
2453255.42703 -0.270 0.006 -0.049 0.006 0.159 0.006 0.221 0.007 0.429 0.006 0.208 0.006
2453255.42744 -0.234 0.006 -0.073 0.006 0.131 0.006 0.161 0.007 0.365 0.006 0.204 0.006
2453255.42787 -0.280 0.006 -0.120 0.006 0.048 0.006 0.160 0.007 0.328 0.006 0.168 0.006
2453255.42829 -0.303 0.006 -0.050 0.006 0.066 0.006 0.253 0.007 0.369 0.006 0.116 0.006
2453255.42870 -0.280 0.006 -0.048 0.006 0.151 0.006 0.232 0.007 0.431 0.006 0.199 0.006
2453255.42911 -0.333 0.006 -0.095 0.006 0.054 0.006 0.238 0.007 0.387 0.006 0.149 0.006
2453255.42948 -0.292 0.006 -0.070 0.006 0.086 0.006 0.222 0.007 0.378 0.006 0.156 0.006
2453255.42988 -0.298 0.006 -0.073 0.006 0.109 0.006 0.225 0.007 0.407 0.006 0.182 0.006
2453255.43029 -0.275 0.006 -0.096 0.006 0.115 0.006 0.179 0.007 0.390 0.006 0.211 0.006
2453255.43067 -0.292 0.006 -0.123 0.006 0.040 0.006 0.169 0.007 0.332 0.006 0.163 0.006
2453255.43106 -0.319 0.006 -0.115 0.006 0.020 0.006 0.204 0.007 0.339 0.006 0.135 0.006
2453255.43146 -0.292 0.006 -0.106 0.006 0.109 0.006 0.186 0.007 0.401 0.006 0.215 0.006
2453255.43188 -0.281 0.006 -0.093 0.006 0.111 0.006 0.188 0.007 0.392 0.006 0.204 0.006
2453255.43229 -0.302 0.006 -0.091 0.006 0.083 0.006 0.211 0.007 0.385 0.006 0.174 0.006
2453255.43273 -0.330 0.006 -0.138 0.006 0.059 0.006 0.192 0.007 0.389 0.006 0.197 0.006
2453255.43314 -0.278 0.006 -0.088 0.006 0.119 0.006 0.190 0.007 0.397 0.006 0.207 0.006
2453255.43354 -0.288 0.006 -0.113 0.006 0.072 0.006 0.175 0.007 0.360 0.006 0.185 0.006
2453255.43395 -0.286 0.006 -0.058 0.006 0.131 0.006 0.228 0.007 0.417 0.006 0.189 0.006
2453255.43436 -0.294 0.006 -0.067 0.006 0.127 0.006 0.227 0.007 0.421 0.006 0.194 0.006
2453255.43476 -0.311 0.006 -0.064 0.006 0.113 0.006 0.247 0.007 0.424 0.006 0.177 0.006
2453255.43520 -0.299 0.006 -0.079 0.006 0.113 0.006 0.220 0.007 0.412 0.006 0.192 0.006
2453255.43558 -0.305 0.006 -0.109 0.006 0.087 0.006 0.196 0.007 0.392 0.006 0.196 0.006
2453255.43595 -0.266 0.006 -0.091 0.006 0.113 0.006 0.175 0.007 0.379 0.006 0.204 0.006
2453255.43637 -0.302 0.006 -0.066 0.006 0.085 0.006 0.236 0.007 0.387 0.006 0.151 0.006
2453255.43676 -0.297 0.006 -0.088 0.006 0.070 0.006 0.209 0.007 0.367 0.006 0.158 0.006
2453255.43718 -0.294 0.006 -0.076 0.006 0.114 0.006 0.218 0.007 0.408 0.006 0.190 0.006
2453255.43759 -0.288 0.006 -0.060 0.006 0.127 0.006 0.228 0.007 0.415 0.006 0.187 0.006
2453255.43800 -0.285 0.006 -0.065 0.006 0.140 0.006 0.220 0.007 0.425 0.006 0.205 0.006
2453255.43840 -0.334 0.006 -0.092 0.006 0.092 0.006 0.242 0.007 0.426 0.006 0.184 0.006
2453255.43881 -0.310 0.006 -0.037 0.006 0.120 0.006 0.273 0.007 0.430 0.006 0.157 0.006
2453255.43922 -0.333 0.006 -0.087 0.006 0.071 0.006 0.246 0.007 0.404 0.006 0.158 0.006
2453255.43962 -0.301 0.006 -0.092 0.006 0.080 0.006 0.209 0.007 0.381 0.006 0.172 0.006
2453255.44003 -0.307 0.006 -0.100 0.006 0.081 0.006 0.207 0.007 0.388 0.006 0.181 0.006
2453255.44045 -0.341 0.006 -0.122 0.006 0.042 0.006 0.219 0.007 0.383 0.006 0.164 0.006
2453255.44084 -0.321 0.006 -0.119 0.006 0.067 0.006 0.202 0.007 0.388 0.006 0.186 0.006
2453255.44125 -0.312 0.006 -0.122 0.006 0.025 0.006 0.190 0.007 0.337 0.006 0.147 0.006
2453255.44167 -0.316 0.006 -0.149 0.006 0.022 0.006 0.167 0.007 0.338 0.006 0.171 0.006
2453255.44205 -0.321 0.006 -0.063 0.006 0.120 0.006 0.258 0.007 0.441 0.006 0.183 0.006
2453255.44243 -0.302 0.007 -0.056 0.007 0.103 0.006 0.246 0.007 0.405 0.006 0.159 0.006
2453255.44280 -0.303 0.006 -0.097 0.006 0.093 0.006 0.206 0.007 0.396 0.006 0.190 0.006
2453255.44318 -0.317 0.006 -0.124 0.006 0.056 0.006 0.193 0.007 0.373 0.006 0.180 0.006
2453255.44361 -0.319 0.007 -0.048 0.007 0.113 0.006 0.271 0.007 0.432 0.006 0.161 0.006
2453255.44400 -0.271 0.006 -0.044 0.006 0.134 0.006 0.227 0.007 0.405 0.006 0.178 0.006
2453255.44444 -0.296 0.006 -0.136 0.006 0.057 0.006 0.160 0.007 0.353 0.006 0.193 0.006
2453255.44483 -0.284 0.006 -0.081 0.006 0.114 0.006 0.203 0.007 0.398 0.006 0.195 0.006
2453255.44523 -0.336 0.006 -0.078 0.006 0.101 0.006 0.258 0.007 0.437 0.006 0.179 0.006
2453255.44563 -0.290 0.006 -0.049 0.006 0.151 0.006 0.241 0.007 0.441 0.006 0.200 0.006
2453255.44604 -0.300 0.006 -0.089 0.006 0.042 0.006 0.211 0.007 0.342 0.006 0.131 0.006
2453255.44644 -0.292 0.006 -0.111 0.006 0.084 0.006 0.181 0.007 0.376 0.006 0.195 0.006
2453255.44683 -0.275 0.007 -0.078 0.007 0.115 0.006 0.197 0.007 0.390 0.006 0.193 0.006
2453255.44725 -0.320 0.006 -0.098 0.006 0.075 0.006 0.222 0.007 0.395 0.006 0.173 0.006
2453255.44764 -0.300 0.006 -0.099 0.006 0.081 0.006 0.201 0.007 0.381 0.006 0.180 0.006
2453255.44803 -0.324 0.007 -0.068 0.006 0.104 0.006 0.256 0.008 0.428 0.007 0.172 0.006
2453255.44843 -0.277 0.007 -0.042 0.007 0.114 0.006 0.235 0.007 0.391 0.006 0.156 0.006
2453255.44882 -0.312 0.006 -0.077 0.006 0.070 0.006 0.235 0.007 0.382 0.006 0.147 0.006
2453255.44921 -0.309 0.006 -0.100 0.006 0.072 0.006 0.209 0.007 0.381 0.006 0.172 0.006
2453255.44962 -0.309 0.006 -0.111 0.006 0.064 0.006 0.198 0.007 0.373 0.006 0.175 0.006
2453255.45003 -0.274 0.007 -0.092 0.007 0.110 0.006 0.182 0.007 0.384 0.006 0.202 0.006
2453255.45045 -0.304 0.006 -0.104 0.006 0.085 0.006 0.200 0.007 0.389 0.006 0.189 0.006
2453255.45086 -0.319 0.006 -0.095 0.006 0.071 0.006 0.224 0.007 0.390 0.006 0.166 0.006
2453255.45127 -0.320 0.006 -0.114 0.006 0.073 0.006 0.206 0.007 0.393 0.006 0.187 0.006
2453255.45164 -0.279 0.008 -0.101 0.007 0.104 0.006 0.178 0.008 0.383 0.007 0.205 0.006
2453255.45204 -0.322 0.006 -0.097 0.006 0.104 0.006 0.225 0.007 0.426 0.006 0.201 0.006
2453255.45242 -0.296 0.007 -0.085 0.007 0.102 0.006 0.211 0.007 0.398 0.006 0.187 0.006
2453255.45279 -0.291 0.008 -0.080 0.007 0.087 0.007 0.211 0.008 0.378 0.008 0.167 0.007
2453255.45317 -0.273 0.008 -0.027 0.007 0.112 0.007 0.246 0.008 0.385 0.008 0.139 0.007
2453255.45354 -0.299 0.008 -0.108 0.007 0.092 0.006 0.191 0.008 0.391 0.007 0.200 0.006
2453255.45392 -0.286 0.008 -0.101 0.007 0.091 0.007 0.185 0.008 0.377 0.008 0.192 0.007
2453255.45429 -0.303 0.008 -0.094 0.007 0.070 0.007 0.209 0.008 0.373 0.008 0.164 0.007
2453255.45468 -0.287 0.008 -0.086 0.007 0.102 0.007 0.201 0.008 0.389 0.008 0.188 0.007
2453255.45505 -0.292 0.008 -0.092 0.007 0.082 0.007 0.200 0.008 0.374 0.008 0.174 0.007
2453255.45543 -0.293 0.008 -0.107 0.007 0.072 0.007 0.186 0.008 0.365 0.008 0.179 0.007
2453255.45580 -0.307 0.008 -0.065 0.007 0.120 0.006 0.242 0.008 0.427 0.007 0.185 0.006
2453255.45618 -0.261 0.009 -0.036 0.008 0.131 0.008 0.225 0.009 0.392 0.009 0.167 0.008
2453255.45655 -0.294 0.008 -0.064 0.007 0.102 0.007 0.230 0.008 0.396 0.008 0.166 0.007
2453255.45693 -0.283 0.008 -0.048 0.007 0.130 0.007 0.235 0.008 0.413 0.008 0.178 0.007
2453255.45730 -0.279 0.008 -0.086 0.007 0.115 0.007 0.193 0.008 0.394 0.008 0.201 0.007
2453255.45769 -0.250 0.008 -0.064 0.007 0.122 0.007 0.186 0.008 0.372 0.008 0.186 0.007
2453255.45806 -0.270 0.008 -0.055 0.008 0.097 0.007 0.215 0.008 0.367 0.008 0.152 0.008
2453255.45844 -0.294 0.008 -0.087 0.007 0.098 0.007 0.207 0.008 0.392 0.008 0.185 0.007
2453255.45881 -0.246 0.008 -0.042 0.007 0.123 0.007 0.204 0.008 0.369 0.008 0.165 0.007
2453255.45919 -0.276 0.008 -0.074 0.007 0.105 0.007 0.202 0.008 0.381 0.008 0.179 0.007
2453255.45956 -0.248 0.008 -0.037 0.007 0.130 0.007 0.211 0.008 0.378 0.008 0.167 0.007
2453255.45994 -0.230 0.008 -0.039 0.008 0.116 0.008 0.191 0.008 0.346 0.008 0.155 0.008
2453255.46031 -0.298 0.008 -0.095 0.007 0.090 0.007 0.203 0.008 0.388 0.008 0.185 0.007
2453255.46069 -0.297 0.008 -0.062 0.007 0.113 0.007 0.235 0.008 0.410 0.008 0.175 0.007
2453255.46106 -0.284 0.008 -0.071 0.007 0.090 0.007 0.213 0.008 0.374 0.008 0.161 0.007
2453255.46145 -0.270 0.008 -0.066 0.008 0.086 0.007 0.204 0.008 0.356 0.008 0.152 0.008
2453255.46182 -0.272 0.008 -0.090 0.008 0.052 0.007 0.182 0.008 0.324 0.008 0.142 0.008
2453255.46220 -0.270 0.008 -0.064 0.007 0.084 0.007 0.206 0.008 0.354 0.008 0.148 0.007
2453255.46257 -0.279 0.008 -0.065 0.008 0.100 0.007 0.214 0.008 0.379 0.008 0.165 0.008
2453255.46295 -0.272 0.008 -0.045 0.007 0.129 0.007 0.227 0.008 0.401 0.008 0.174 0.007
2453255.46332 -0.276 0.009 -0.099 0.008 0.117 0.007 0.177 0.009 0.393 0.009 0.216 0.008
2453255.46370 -0.314 0.008 -0.106 0.008 0.080 0.007 0.208 0.008 0.394 0.008 0.186 0.008
2453255.47537 -0.310 0.008 -0.106 0.007 0.086 0.006 0.204 0.008 0.396 0.007 0.192 0.006
2453255.47574 -0.291 0.008 -0.092 0.007 0.078 0.006 0.199 0.008 0.369 0.007 0.170 0.006
2453255.47612 -0.269 0.007 -0.065 0.007 0.123 0.006 0.204 0.007 0.392 0.006 0.188 0.006
2453255.47649 -0.318 0.008 -0.073 0.007 0.105 0.006 0.245 0.008 0.423 0.007 0.178 0.006
2453255.47691 -0.304 0.008 -0.119 0.007 0.076 0.007 0.185 0.008 0.380 0.008 0.195 0.007
2453255.47728 -0.292 0.008 -0.100 0.007 0.094 0.006 0.192 0.008 0.386 0.007 0.194 0.006
2453255.47769 -0.294 0.008 -0.069 0.007 0.116 0.006 0.225 0.008 0.410 0.007 0.185 0.006
2453255.47806 -0.326 0.008 -0.037 0.007 0.072 0.007 0.289 0.008 0.398 0.008 0.109 0.007
2453255.47904 -0.308 0.008 -0.082 0.007 0.098 0.007 0.226 0.008 0.406 0.008 0.180 0.007
2453255.47943 -0.303 0.008 -0.112 0.007 0.096 0.006 0.191 0.008 0.399 0.007 0.208 0.006
2453255.48034 -0.316 0.008 -0.037 0.007 0.145 0.006 0.279 0.008 0.461 0.007 0.182 0.006
2453255.48071 -0.286 0.008 -0.074 0.007 0.096 0.007 0.212 0.008 0.382 0.008 0.170 0.007
2453255.48161 -0.288 0.008 -0.038 0.007 0.112 0.007 0.250 0.008 0.400 0.008 0.150 0.007
2453255.48198 -0.292 0.008 -0.081 0.007 0.102 0.006 0.211 0.008 0.394 0.007 0.183 0.006
2453255.48240 -0.281 0.008 -0.045 0.007 0.105 0.007 0.236 0.008 0.386 0.008 0.150 0.007
2453255.48280 -0.289 0.008 -0.093 0.007 0.092 0.007 0.196 0.008 0.381 0.008 0.185 0.007
2453255.48322 -0.241 0.009 -0.086 0.008 0.115 0.008 0.155 0.009 0.356 0.009 0.201 0.008
2453255.48459 -0.317 0.008 -0.084 0.007 0.067 0.007 0.233 0.008 0.384 0.008 0.151 0.007
2453255.48569 -0.273 0.008 -0.032 0.007 0.132 0.006 0.241 0.008 0.405 0.007 0.164 0.006
2453255.48606 -0.282 0.008 -0.068 0.007 0.078 0.007 0.214 0.008 0.360 0.008 0.146 0.007
2453255.48657 -0.289 0.008 -0.067 0.007 0.091 0.007 0.222 0.008 0.380 0.008 0.158 0.007
2453255.48713 -0.318 0.008 -0.070 0.007 0.119 0.006 0.248 0.008 0.437 0.007 0.189 0.006
2453255.48767 -0.305 0.008 -0.089 0.007 0.065 0.007 0.216 0.008 0.370 0.008 0.154 0.007
2453255.48822 -0.276 0.008 -0.088 0.007 0.106 0.006 0.188 0.008 0.382 0.007 0.194 0.006
2453255.48873 -0.279 0.008 -0.066 0.007 0.114 0.007 0.213 0.008 0.393 0.008 0.180 0.007
2453255.48993 -0.321 0.008 -0.111 0.007 0.089 0.007 0.210 0.008 0.410 0.008 0.200 0.007
2453255.49030 -0.315 0.008 -0.116 0.007 0.084 0.007 0.199 0.008 0.399 0.008 0.200 0.007
2453255.49068 -0.327 0.008 -0.082 0.007 0.100 0.007 0.245 0.008 0.427 0.008 0.182 0.007
2453255.49186 -0.306 0.008 -0.056 0.007 0.098 0.007 0.250 0.008 0.404 0.008 0.154 0.007
2453255.49259 -0.295 0.008 -0.069 0.007 0.093 0.007 0.226 0.008 0.388 0.008 0.162 0.007
2453255.49296 -0.336 0.008 -0.082 0.007 0.067 0.007 0.254 0.008 0.403 0.008 0.149 0.007
2453255.49333 -0.308 0.008 -0.086 0.007 0.104 0.007 0.222 0.008 0.412 0.008 0.190 0.007
2453255.49370 -0.306 0.008 -0.106 0.007 0.049 0.007 0.200 0.008 0.355 0.008 0.155 0.007
2453255.49409 -0.270 0.008 -0.080 0.007 0.085 0.007 0.190 0.008 0.355 0.008 0.165 0.007
2453255.49446 -0.296 0.008 -0.056 0.007 0.079 0.007 0.240 0.008 0.375 0.008 0.135 0.007
2453255.49483 -0.277 0.008 -0.083 0.007 0.107 0.006 0.194 0.008 0.384 0.007 0.190 0.006
2453255.49520 -0.278 0.008 -0.081 0.007 0.088 0.007 0.197 0.008 0.366 0.008 0.169 0.007
2453255.49558 -0.299 0.008 -0.042 0.007 0.107 0.007 0.257 0.008 0.406 0.008 0.149 0.007
2453255.49595 -0.282 0.008 -0.056 0.007 0.089 0.007 0.226 0.008 0.371 0.008 0.145 0.007
2453255.49632 -0.283 0.008 -0.067 0.007 0.119 0.007 0.216 0.008 0.402 0.008 0.186 0.007
2453255.49669 -0.316 0.008 -0.074 0.007 0.083 0.007 0.242 0.008 0.399 0.008 0.157 0.007
2453255.49707 -0.277 0.008 -0.097 0.007 0.077 0.007 0.180 0.008 0.354 0.008 0.174 0.007
2453255.49744 -0.340 0.008 -0.045 0.007 0.113 0.007 0.295 0.008 0.453 0.008 0.158 0.007
2453255.49781 -0.234 0.008 -0.022 0.007 0.132 0.007 0.212 0.008 0.366 0.008 0.154 0.007
2453255.49818 -0.289 0.008 -0.051 0.007 0.116 0.007 0.238 0.008 0.405 0.008 0.167 0.007
2453255.49856 -0.291 0.008 -0.030 0.007 0.141 0.006 0.261 0.008 0.432 0.007 0.171 0.006
2453255.49894 -0.279 0.008 -0.065 0.007 0.107 0.007 0.214 0.008 0.386 0.008 0.172 0.007
2453255.49931 -0.270 0.008 -0.064 0.007 0.098 0.007 0.206 0.008 0.368 0.008 0.162 0.007
2453255.49968 -0.246 0.008 -0.021 0.007 0.128 0.007 0.225 0.008 0.374 0.008 0.149 0.007
2453255.50006 -0.222 0.008 -0.023 0.007 0.160 0.007 0.199 0.008 0.382 0.008 0.183 0.007
2453255.50043 -0.246 0.008 -0.032 0.007 0.112 0.007 0.214 0.008 0.358 0.008 0.144 0.007
2453255.50080 -0.313 0.008 -0.060 0.007 0.128 0.007 0.253 0.008 0.441 0.008 0.188 0.007
2453255.50117 -0.259 0.008 -0.047 0.007 0.117 0.007 0.212 0.008 0.376 0.008 0.164 0.007
2453255.50155 -0.247 0.008 -0.064 0.007 0.096 0.007 0.183 0.008 0.343 0.008 0.160 0.007
2453255.50192 -0.266 0.008 -0.059 0.007 0.144 0.007 0.207 0.008 0.410 0.008 0.203 0.007
2453255.50229 -0.284 0.008 -0.038 0.007 0.146 0.007 0.246 0.008 0.430 0.008 0.184 0.007
2453255.50266 -0.339 0.008 -0.049 0.007 0.072 0.007 0.290 0.008 0.411 0.008 0.121 0.007
2453255.50304 -0.256 0.008 -0.006 0.007 0.123 0.007 0.250 0.008 0.379 0.008 0.129 0.007
2453255.50341 -0.250 0.008 -0.046 0.007 0.130 0.007 0.204 0.008 0.380 0.008 0.176 0.007
2453255.50378 -0.297 0.008 -0.066 0.007 0.128 0.007 0.231 0.008 0.425 0.008 0.194 0.007
2453255.50416 -0.315 0.008 -0.056 0.007 0.134 0.007 0.259 0.008 0.449 0.008 0.190 0.007
2453255.50454 -0.305 0.008 -0.055 0.007 0.090 0.007 0.250 0.008 0.395 0.008 0.145 0.007
2453255.50491 -0.282 0.008 -0.047 0.007 0.107 0.007 0.235 0.008 0.389 0.008 0.154 0.007
2453255.50528 -0.297 0.008 -0.047 0.007 0.116 0.007 0.250 0.008 0.413 0.008 0.163 0.007
2453255.50565 -0.272 0.008 -0.040 0.007 0.132 0.007 0.232 0.008 0.404 0.008 0.172 0.007
2453255.50603 -0.293 0.008 -0.070 0.007 0.123 0.007 0.223 0.008 0.416 0.008 0.193 0.007
2453255.50640 -0.286 0.008 -0.016 0.007 0.139 0.007 0.270 0.008 0.425 0.008 0.155 0.007
2453255.50677 -0.261 0.008 -0.051 0.007 0.110 0.007 0.210 0.008 0.371 0.008 0.161 0.007
2453255.50714 -0.250 0.008 -0.066 0.007 0.110 0.007 0.184 0.008 0.360 0.008 0.176 0.007
2453255.50752 -0.275 0.008 -0.038 0.007 0.121 0.007 0.237 0.008 0.396 0.008 0.159 0.007
2453255.50789 -0.305 0.008 -0.046 0.007 0.123 0.007 0.259 0.008 0.428 0.008 0.169 0.007
2453255.50826 -0.319 0.008 -0.050 0.007 0.108 0.007 0.269 0.008 0.427 0.008 0.158 0.007
2453255.50863 -0.273 0.008 -0.060 0.007 0.093 0.007 0.213 0.008 0.366 0.008 0.153 0.007
2453255.50902 -0.261 0.008 -0.049 0.007 0.124 0.007 0.212 0.008 0.385 0.008 0.173 0.007
2453255.50939 -0.279 0.008 -0.023 0.007 0.152 0.007 0.256 0.008 0.431 0.008 0.175 0.007
2453255.50976 -0.276 0.008 -0.027 0.007 0.163 0.007 0.249 0.008 0.439 0.008 0.190 0.007
2453255.51013 -0.308 0.008 -0.072 0.007 0.088 0.007 0.236 0.008 0.396 0.008 0.160 0.007
2453255.51051 -0.294 0.008 -0.042 0.007 0.109 0.007 0.252 0.008 0.403 0.008 0.151 0.007
2453255.51088 -0.273 0.008 -0.052 0.007 0.153 0.007 0.221 0.008 0.426 0.008 0.205 0.007
2453255.51125 -0.251 0.008 -0.052 0.007 0.160 0.007 0.199 0.008 0.411 0.008 0.212 0.007
2453255.51162 -0.280 0.008 -0.064 0.007 0.108 0.007 0.216 0.008 0.388 0.008 0.172 0.007
2453255.51200 -0.267 0.008 -0.045 0.007 0.090 0.007 0.222 0.008 0.357 0.008 0.135 0.007
2453255.51237 -0.266 0.008 -0.016 0.007 0.130 0.007 0.250 0.008 0.396 0.008 0.146 0.007
2453255.51274 -0.261 0.008 -0.047 0.007 0.108 0.007 0.214 0.008 0.369 0.008 0.155 0.007
2453255.51311 -0.261 0.008 -0.039 0.007 0.107 0.007 0.222 0.008 0.368 0.008 0.146 0.007
2453255.51350 -0.227 0.008 -0.012 0.007 0.158 0.007 0.215 0.008 0.385 0.008 0.170 0.007
2453255.51387 -0.312 0.008 -0.062 0.007 0.112 0.007 0.250 0.008 0.424 0.008 0.174 0.007
2453255.51424 -0.276 0.008 -0.058 0.007 0.125 0.007 0.218 0.008 0.401 0.008 0.183 0.007
2453255.51461 -0.275 0.008 -0.004 0.007 0.125 0.007 0.271 0.008 0.400 0.008 0.129 0.007
2453255.51499 -0.226 0.008 0.000 0.007 0.156 0.007 0.226 0.008 0.382 0.008 0.156 0.007
2453255.51536 -0.240 0.008 -0.031 0.007 0.161 0.007 0.209 0.008 0.401 0.008 0.192 0.007
2453255.51573 -0.300 0.008 -0.079 0.007 0.114 0.007 0.221 0.008 0.414 0.008 0.193 0.007
2453255.51610 -0.244 0.008 -0.021 0.007 0.122 0.007 0.223 0.008 0.366 0.008 0.143 0.007
2453255.51648 -0.286 0.008 -0.059 0.007 0.119 0.007 0.227 0.008 0.405 0.008 0.178 0.007
2453255.51685 -0.252 0.008 -0.047 0.007 0.150 0.007 0.205 0.008 0.402 0.008 0.197 0.007
2453255.51722 -0.247 0.008 -0.050 0.007 0.144 0.007 0.197 0.008 0.391 0.008 0.194 0.007
2453255.51759 -0.270 0.008 0.017 0.007 0.145 0.007 0.287 0.008 0.415 0.008 0.128 0.007
2453255.51797 -0.290 0.008 -0.064 0.007 0.129 0.007 0.226 0.008 0.419 0.008 0.193 0.007
2453255.51834 -0.301 0.008 -0.053 0.007 0.140 0.007 0.248 0.008 0.441 0.008 0.193 0.007
2453255.51872 -0.218 0.008 -0.033 0.007 0.154 0.007 0.185 0.008 0.372 0.008 0.187 0.007
2453255.51909 -0.268 0.008 -0.056 0.007 0.161 0.007 0.212 0.008 0.429 0.008 0.217 0.007
2453255.51947 -0.239 0.008 -0.011 0.007 0.159 0.007 0.228 0.008 0.398 0.008 0.170 0.007
2453255.51984 -0.306 0.008 -0.046 0.007 0.150 0.007 0.260 0.008 0.456 0.008 0.196 0.007
2453255.52021 -0.265 0.008 -0.060 0.007 0.096 0.007 0.205 0.008 0.361 0.008 0.156 0.007
2453255.52058 -0.251 0.008 -0.031 0.007 0.177 0.007 0.220 0.008 0.428 0.008 0.208 0.007
2453255.52096 -0.249 0.008 -0.014 0.007 0.145 0.007 0.235 0.008 0.394 0.008 0.159 0.007
2453255.52133 -0.216 0.008 -0.052 0.007 0.126 0.007 0.164 0.008 0.342 0.008 0.178 0.007
2453255.52170 -0.257 0.008 0.000 0.007 0.117 0.007 0.257 0.008 0.374 0.008 0.117 0.007
2453255.52207 -0.235 0.008 0.019 0.007 0.187 0.007 0.254 0.008 0.422 0.008 0.168 0.007
2453255.52245 -0.270 0.008 -0.011 0.007 0.122 0.007 0.259 0.008 0.392 0.008 0.133 0.007
2453255.52282 -0.246 0.008 -0.047 0.007 0.145 0.007 0.199 0.008 0.391 0.008 0.192 0.007
2453255.52319 -0.258 0.008 -0.044 0.007 0.168 0.007 0.214 0.008 0.426 0.008 0.212 0.007
2453255.52356 -0.263 0.008 -0.026 0.007 0.169 0.007 0.237 0.008 0.432 0.008 0.195 0.007
2453255.52395 -0.246 0.008 0.007 0.007 0.168 0.007 0.253 0.008 0.414 0.008 0.161 0.007
2453255.52432 -0.270 0.008 -0.033 0.007 0.154 0.007 0.237 0.008 0.424 0.008 0.187 0.007
2453255.52469 -0.257 0.008 -0.002 0.007 0.163 0.007 0.255 0.008 0.420 0.008 0.165 0.007
2453255.52506 -0.206 0.008 -0.017 0.007 0.182 0.007 0.189 0.008 0.388 0.008 0.199 0.007
2453255.52544 -0.230 0.008 0.017 0.007 0.195 0.007 0.247 0.008 0.425 0.008 0.178 0.007
2453255.52581 -0.251 0.008 -0.004 0.007 0.171 0.007 0.247 0.008 0.422 0.008 0.175 0.007
2453255.52618 -0.228 0.008 0.030 0.007 0.160 0.007 0.258 0.008 0.388 0.008 0.130 0.007
2453255.52655 -0.205 0.008 0.025 0.007 0.182 0.007 0.230 0.008 0.387 0.008 0.157 0.007
2453255.52693 -0.257 0.008 -0.047 0.007 0.181 0.007 0.210 0.008 0.438 0.008 0.228 0.007
2453255.52730 -0.199 0.008 0.019 0.007 0.191 0.007 0.218 0.008 0.390 0.008 0.172 0.007
2453255.52767 -0.232 0.008 0.004 0.007 0.153 0.007 0.236 0.008 0.385 0.008 0.149 0.007
2453255.52804 -0.196 0.008 0.041 0.007 0.219 0.007 0.237 0.008 0.415 0.008 0.178 0.007
2453255.52843 -0.235 0.008 -0.006 0.007 0.125 0.007 0.229 0.008 0.360 0.008 0.131 0.007
2453255.52880 -0.274 0.008 0.000 0.007 0.146 0.007 0.274 0.008 0.420 0.008 0.146 0.007
2453255.52917 -0.157 0.008 0.043 0.007 0.208 0.007 0.200 0.008 0.365 0.008 0.165 0.007
2453255.52954 -0.206 0.008 -0.010 0.007 0.157 0.007 0.196 0.008 0.363 0.008 0.167 0.007
2453255.52992 -0.241 0.008 -0.047 0.007 0.161 0.007 0.194 0.008 0.402 0.008 0.208 0.007
2453255.53029 -0.245 0.008 0.013 0.007 0.190 0.007 0.258 0.008 0.435 0.008 0.177 0.007
2453255.53066 -0.239 0.008 -0.027 0.007 0.183 0.007 0.212 0.008 0.422 0.008 0.210 0.007
2453255.53103 -0.171 0.008 0.048 0.007 0.257 0.007 0.219 0.008 0.428 0.008 0.209 0.007
2453255.53141 -0.207 0.008 -0.052 0.007 0.136 0.007 0.155 0.008 0.343 0.008 0.188 0.007
2453255.53178 -0.232 0.008 0.036 0.007 0.213 0.007 0.268 0.008 0.445 0.008 0.177 0.007
2453255.53215 -0.246 0.008 0.005 0.007 0.183 0.007 0.251 0.008 0.429 0.008 0.178 0.007
2453255.53252 -0.251 0.008 -0.017 0.007 0.146 0.007 0.234 0.008 0.397 0.008 0.163 0.007
2453255.53291 -0.188 0.008 0.020 0.007 0.208 0.007 0.208 0.008 0.396 0.008 0.188 0.007
2453255.53328 -0.189 0.008 -0.020 0.007 0.216 0.007 0.169 0.008 0.405 0.008 0.236 0.007
2453255.53365 -0.242 0.008 -0.031 0.007 0.188 0.007 0.211 0.008 0.430 0.008 0.219 0.007
2453255.53402 -0.174 0.008 0.055 0.007 0.237 0.007 0.229 0.008 0.411 0.008 0.182 0.007
2453255.53440 -0.260 0.008 0.029 0.007 0.129 0.007 0.289 0.008 0.389 0.008 0.100 0.007
2453255.53477 -0.239 0.008 -0.043 0.007 0.168 0.007 0.196 0.008 0.407 0.008 0.211 0.007
2453255.53514 -0.180 0.008 0.005 0.008 0.199 0.007 0.185 0.008 0.379 0.008 0.194 0.008
2453255.53551 -0.248 0.008 -0.025 0.007 0.162 0.007 0.223 0.008 0.410 0.008 0.187 0.007
