JD V-C s1 V-C1 s2 V-C2 s3 C-C1 s4 C-C2 s5 C1-C2 s6
Aperture: 2.00, Filter: V
2453283.24535 1.747 0.017 1.932 0.017 2.113 0.016 0.185 0.007 0.366 0.006 0.181 0.006
2453283.24573 1.754 0.017 1.957 0.017 2.149 0.016 0.203 0.007 0.395 0.006 0.192 0.006
2453283.24610 1.742 0.018 1.956 0.018 2.129 0.018 0.214 0.008 0.387 0.008 0.173 0.007
2453283.24648 1.711 0.018 1.944 0.018 99.999 9.999 0.233 0.008 99.999 9.999 99.999 9.999


2453283.24722 1.745 0.019 1.944 0.019 2.131 0.019 0.199 0.008 0.386 0.008 0.187 0.007


2453283.24797 1.739 0.018 1.961 0.018 2.138 0.018 0.222 0.008 0.399 0.008 0.177 0.007
2453283.24834 1.729 0.018 1.918 0.018 2.114 0.018 0.189 0.008 0.385 0.008 0.196 0.007


2453283.24910 1.753 0.017 1.968 0.017 2.119 0.017 0.215 0.008 0.366 0.008 0.151 0.007
2453283.24947 99.999 9.999 1.962 0.017 2.149 0.017 99.999 9.999 99.999 9.999 0.187 0.007


2453283.25022 1.791 0.018 1.969 0.018 2.186 0.017 0.178 0.007 0.395 0.006 0.217 0.006
2453283.25059 99.999 9.999 1.988 0.018 2.206 0.017 99.999 9.999 99.999 9.999 0.218 0.006
2453283.25096 1.786 0.018 1.970 0.018 2.166 0.017 0.184 0.007 0.380 0.006 0.196 0.006
2453283.25134 1.773 0.018 1.986 0.018 2.165 0.017 0.213 0.007 0.392 0.006 0.179 0.006


2453283.25208 1.794 0.018 1.999 0.018 2.176 0.017 0.205 0.008 0.382 0.007 0.177 0.006




2453283.25321 1.764 0.018 1.969 0.018 2.169 0.017 0.205 0.008 0.405 0.007 0.200 0.006
2453283.25359 1.821 0.018 2.021 0.018 99.999 9.999 0.200 0.007 99.999 9.999 99.999 9.999


2453283.25433 1.742 0.018 1.937 0.018 2.156 0.018 0.195 0.008 0.414 0.008 0.219 0.007
2453283.25471 1.789 0.018 99.999 9.999 99.999 9.999 99.999 9.999 99.999 9.999 99.999 9.999
2453283.25508 1.807 0.019 1.996 0.019 2.209 0.018 0.189 0.008 0.402 0.007 0.213 0.006
2453283.25545 99.999 9.999 1.971 0.019 2.148 0.019 99.999 9.999 99.999 9.999 0.177 0.007


2453283.25620 1.745 0.018 1.945 0.018 2.143 0.018 0.200 0.008 0.398 0.008 0.198 0.007
2453283.25657 1.787 0.019 2.010 0.019 2.174 0.019 0.223 0.008 0.387 0.008 0.164 0.007
2453283.25696 1.850 0.019 2.014 0.019 2.211 0.019 0.164 0.008 0.361 0.008 0.197 0.007




2453283.25808 1.802 0.020 1.947 0.020 2.161 0.020 0.145 0.008 0.359 0.008 0.214 0.008
2453283.25845 1.815 0.019 1.959 0.019 2.200 0.019 0.144 0.008 0.385 0.008 0.241 0.007


2453283.25920 1.799 0.019 1.973 0.019 99.999 9.999 0.174 0.008 99.999 9.999 99.999 9.999
2453283.25957 1.810 0.019 2.010 0.019 99.999 9.999 0.200 0.008 99.999 9.999 99.999 9.999


2453283.26032 1.756 0.019 1.996 0.019 2.162 0.019 0.240 0.008 0.406 0.008 0.166 0.007




2453283.26145 1.783 0.020 1.973 0.020 2.184 0.020 0.190 0.008 0.401 0.008 0.211 0.007


2453283.26219 1.778 0.019 1.943 0.019 99.999 9.999 0.165 0.008 99.999 9.999 99.999 9.999
2453283.26256 1.761 0.019 1.950 0.019 2.142 0.019 0.189 0.008 0.381 0.008 0.192 0.007


2453283.26331 1.782 0.019 1.965 0.019 2.184 0.019 0.183 0.008 0.402 0.008 0.219 0.007
2453283.26368 99.999 9.999 2.011 0.020 2.215 0.020 99.999 9.999 99.999 9.999 0.204 0.007
2453283.26406 99.999 9.999 1.950 0.019 2.167 0.019 99.999 9.999 99.999 9.999 0.217 0.007


2453283.26480 1.823 0.020 99.999 9.999 99.999 9.999 99.999 9.999 99.999 9.999 99.999 9.999
2453283.26519 1.855 0.020 2.057 0.020 2.236 0.020 0.202 0.008 0.381 0.008 0.179 0.007
2453283.26556 1.812 0.020 2.040 0.020 2.206 0.020 0.228 0.008 0.394 0.008 0.166 0.007
2453283.26593 99.999 9.999 99.999 9.999 2.232 0.020 99.999 9.999 99.999 9.999 99.999 9.999


2453283.26668 1.832 0.020 2.012 0.020 99.999 9.999 0.180 0.008 99.999 9.999 99.999 9.999


2453283.26743 1.847 0.021 2.056 0.021 2.196 0.021 0.209 0.008 0.349 0.008 0.140 0.007




2453283.26854 1.854 0.022 2.034 0.022 2.246 0.022 0.180 0.008 0.392 0.008 0.212 0.008


2453283.26929 1.881 0.022 2.074 0.022 2.259 0.022 0.193 0.008 0.378 0.008 0.185 0.008
2453283.26966 1.895 0.023 2.085 0.023 99.999 9.999 0.190 0.008 99.999 9.999 99.999 9.999
2453283.27005 1.874 0.023 99.999 9.999 2.244 0.023 99.999 9.999 0.370 0.008 99.999 9.999
2453283.27042 1.909 0.023 2.088 0.023 2.285 0.023 0.179 0.008 0.376 0.008 0.197 0.008
2453283.27079 1.821 0.021 2.032 0.021 2.197 0.021 0.211 0.008 0.376 0.008 0.165 0.008


2453283.27154 1.882 0.023 2.052 0.023 2.270 0.023 0.170 0.008 0.388 0.008 0.218 0.008






2453283.27303 99.999 9.999 99.999 9.999 2.276 0.023 99.999 9.999 99.999 9.999 99.999 9.999
2453283.27341 1.922 0.022 2.106 0.022 2.309 0.022 0.184 0.008 0.387 0.008 0.203 0.008
2453283.27378 1.846 0.021 2.050 0.021 2.240 0.021 0.204 0.008 0.394 0.008 0.190 0.008




2453283.27491 99.999 9.999 2.071 0.022 2.277 0.022 99.999 9.999 99.999 9.999 0.206 0.008


2453283.27565 1.908 0.023 2.124 0.023 2.318 0.023 0.216 0.008 0.410 0.008 0.194 0.008




2453283.27677 1.891 0.023 2.114 0.023 2.288 0.023 0.223 0.008 0.397 0.008 0.174 0.008
2453283.27715 1.943 0.023 99.999 9.999 99.999 9.999 99.999 9.999 99.999 9.999 99.999 9.999
2453283.27752 1.915 0.022 2.091 0.022 2.305 0.022 0.176 0.008 0.390 0.008 0.214 0.007
2453283.27789 1.938 0.023 2.138 0.023 99.999 9.999 0.200 0.008 99.999 9.999 99.999 9.999
2453283.27828 1.954 0.023 2.157 0.023 2.348 0.023 0.203 0.008 0.394 0.008 0.191 0.007
2453283.27865 1.952 0.023 2.141 0.023 2.315 0.023 0.189 0.008 0.363 0.008 0.174 0.008
2453283.27902 1.942 0.024 2.151 0.024 2.318 0.024 0.209 0.008 0.376 0.008 0.167 0.008


2453283.27977 1.998 0.024 2.195 0.024 99.999 9.999 0.197 0.008 99.999 9.999 99.999 9.999
2453283.28014 99.999 9.999 99.999 9.999 2.367 0.023 99.999 9.999 99.999 9.999 99.999 9.999
2453283.28052 1.928 0.022 2.143 0.022 2.317 0.022 0.215 0.008 0.389 0.008 0.174 0.007
2453283.28089 1.957 0.022 2.130 0.022 99.999 9.999 0.173 0.008 99.999 9.999 99.999 9.999




2453283.28201 1.977 0.023 2.157 0.023 2.359 0.023 0.180 0.008 0.382 0.008 0.202 0.007
2453283.28238 2.009 0.024 2.210 0.024 2.386 0.024 0.201 0.008 0.377 0.008 0.176 0.007






2453283.28388 2.000 0.025 2.201 0.025 2.376 0.025 0.201 0.008 0.376 0.008 0.175 0.008


2453283.28463 2.011 0.026 2.189 0.026 2.415 0.025 0.178 0.008 0.404 0.008 0.226 0.008
2453283.28500 1.962 0.025 2.176 0.025 99.999 9.999 0.214 0.008 99.999 9.999 99.999 9.999


2453283.28575 2.047 0.026 2.206 0.026 2.412 0.025 0.159 0.008 0.365 0.008 0.206 0.008
2453283.28612 2.035 0.024 99.999 9.999 99.999 9.999 99.999 9.999 99.999 9.999 99.999 9.999


2453283.28688 2.000 0.025 2.212 0.025 2.365 0.025 0.212 0.008 0.365 0.008 0.153 0.008


2453283.28763 1.953 0.025 2.127 0.025 99.999 9.999 0.174 0.008 99.999 9.999 99.999 9.999
2453283.28800 2.017 0.026 2.218 0.026 2.368 0.025 0.201 0.009 0.351 0.009 0.150 0.008
2453283.28837 2.012 0.029 2.223 0.029 2.409 0.029 0.211 0.009 0.397 0.009 0.186 0.008






2453283.28987 2.017 0.028 2.219 0.028 2.384 0.028 0.202 0.009 0.367 0.009 0.165 0.008


2453283.29061 1.975 0.026 2.190 0.026 2.349 0.025 0.215 0.009 0.374 0.009 0.159 0.008
2453283.29098 99.999 9.999 2.257 0.027 2.468 0.026 99.999 9.999 99.999 9.999 0.211 0.008


2453283.29174 2.023 0.025 2.194 0.025 2.413 0.025 0.171 0.008 0.390 0.008 0.219 0.008


2453283.29249 2.111 0.027 2.310 0.027 2.493 0.026 0.199 0.008 0.382 0.008 0.183 0.008
2453283.29286 2.039 0.029 2.304 0.029 2.440 0.029 0.265 0.009 0.401 0.009 0.136 0.008


2453283.29361 2.075 0.028 2.259 0.028 2.430 0.027 0.184 0.009 0.355 0.009 0.171 0.008
2453283.29398 2.072 0.028 2.235 0.028 99.999 9.999 0.163 0.009 99.999 9.999 99.999 9.999


2453283.29473 2.047 0.029 2.260 0.029 2.427 0.028 0.213 0.009 0.380 0.009 0.167 0.008
2453283.29510 99.999 9.999 99.999 9.999 2.513 0.028 99.999 9.999 99.999 9.999 99.999 9.999
2453283.29547 2.105 0.029 99.999 9.999 2.466 0.028 99.999 9.999 0.361 0.009 99.999 9.999
2453283.29586 2.103 0.029 2.310 0.029 2.467 0.028 0.207 0.009 0.364 0.009 0.157 0.008
2453283.29623 99.999 9.999 2.258 0.029 2.466 0.028 99.999 9.999 99.999 9.999 0.208 0.008


2453283.29697 2.120 0.029 2.330 0.029 2.487 0.028 0.210 0.009 0.367 0.009 0.157 0.008
2453283.29735 2.116 0.035 99.999 9.999 99.999 9.999 99.999 9.999 99.999 9.999 99.999 9.999
2453283.29772 2.126 0.030 2.356 0.030 2.512 0.029 0.230 0.009 0.386 0.009 0.156 0.008
2453283.29809 2.152 0.029 2.333 0.029 99.999 9.999 0.181 0.008 99.999 9.999 99.999 9.999










2453283.30034 2.110 0.028 99.999 9.999 99.999 9.999 99.999 9.999 99.999 9.999 99.999 9.999
2453283.30072 2.137 0.028 2.306 0.028 2.527 0.027 0.169 0.008 0.390 0.008 0.221 0.008




2453283.30184 2.181 0.029 2.373 0.029 2.550 0.028 0.192 0.008 0.369 0.008 0.177 0.008
2453283.30221 2.115 0.027 2.316 0.027 2.489 0.026 0.201 0.008 0.374 0.008 0.173 0.008




2453283.30333 2.186 0.030 2.413 0.030 2.599 0.029 0.227 0.008 0.413 0.008 0.186 0.008




2453283.30446 2.129 0.029 2.359 0.029 2.506 0.028 0.230 0.009 0.377 0.009 0.147 0.008




2453283.30558 2.195 0.028 2.380 0.028 2.576 0.027 0.185 0.008 0.381 0.008 0.196 0.008
2453283.30595 2.218 0.029 2.424 0.028 99.999 9.999 0.206 0.008 99.999 9.999 99.999 9.999
2453283.30632 2.217 0.028 2.433 0.027 2.592 0.027 0.216 0.008 0.375 0.008 0.159 0.007




2453283.30744 2.231 0.026 2.430 0.025 2.609 0.025 0.199 0.008 0.378 0.008 0.179 0.007
2453283.30782 2.228 0.025 2.456 0.025 99.999 9.999 0.228 0.008 99.999 9.999 99.999 9.999


2453283.30856 2.247 0.026 2.463 0.025 2.637 0.025 0.216 0.008 0.390 0.008 0.174 0.007
2453283.30895 99.999 9.999 2.479 0.025 2.698 0.024 99.999 9.999 99.999 9.999 0.219 0.006
2453283.30932 2.246 0.029 2.463 0.028 2.667 0.028 0.217 0.008 0.421 0.008 0.204 0.007
2453283.30969 2.257 0.027 2.494 0.026 99.999 9.999 0.237 0.008 99.999 9.999 99.999 9.999




2453283.31081 2.287 0.033 2.465 0.033 99.999 9.999 0.178 0.009 99.999 9.999 99.999 9.999




2453283.31193 99.999 9.999 2.472 0.029 2.694 0.029 99.999 9.999 99.999 9.999 0.222 0.007


2453283.31269 2.283 0.027 2.505 0.026 2.683 0.026 0.222 0.008 0.400 0.008 0.178 0.007




2453283.31381 2.305 0.029 2.492 0.028 2.666 0.028 0.187 0.008 0.361 0.008 0.174 0.007
2453283.31418 99.999 9.999 2.525 0.029 2.730 0.029 99.999 9.999 99.999 9.999 0.205 0.007


2453283.31493 2.340 0.031 2.526 0.030 2.730 0.030 0.186 0.008 0.390 0.008 0.204 0.007


2453283.31567 2.326 0.031 2.515 0.030 2.704 0.030 0.189 0.008 0.378 0.008 0.189 0.007
2453283.31604 2.299 0.031 2.506 0.030 2.678 0.030 0.207 0.008 0.379 0.008 0.172 0.007




2453283.31716 2.320 0.032 2.517 0.032 2.710 0.031 0.197 0.008 0.390 0.008 0.193 0.008






2453283.31867 99.999 9.999 2.481 0.027 2.686 0.027 99.999 9.999 99.999 9.999 0.205 0.007




2453283.31979 2.306 0.029 99.999 9.999 2.657 0.028 99.999 9.999 0.351 0.008 99.999 9.999
2453283.32016 2.364 0.027 2.562 0.026 2.744 0.026 0.198 0.008 0.380 0.007 0.182 0.006




2453283.32128 2.359 0.031 2.556 0.030 2.730 0.030 0.197 0.008 0.371 0.008 0.174 0.007
2453283.32166 2.374 0.031 99.999 9.999 99.999 9.999 99.999 9.999 99.999 9.999 99.999 9.999




2453283.32278 2.360 0.035 2.571 0.035 2.765 0.034 0.211 0.008 0.405 0.008 0.194 0.008


2453283.32353 2.357 0.033 2.528 0.033 2.758 0.032 0.171 0.008 0.401 0.008 0.230 0.008
2453283.32390 2.365 0.032 2.578 0.031 2.755 0.031 0.213 0.008 0.390 0.008 0.177 0.007








2453283.32578 2.378 0.034 2.585 0.034 2.753 0.033 0.207 0.008 0.375 0.008 0.168 0.008
2453283.32615 2.350 0.031 99.999 9.999 99.999 9.999 99.999 9.999 99.999 9.999 99.999 9.999
2453283.32652 2.407 0.032 2.613 0.031 2.786 0.031 0.206 0.008 0.379 0.008 0.173 0.007
2453283.32690 2.427 0.031 2.635 0.030 2.802 0.030 0.208 0.008 0.375 0.008 0.167 0.007
2453283.32727 2.417 0.030 99.999 9.999 99.999 9.999 99.999 9.999 99.999 9.999 99.999 9.999
2453283.32764 2.349 0.028 2.540 0.027 2.723 0.027 0.191 0.008 0.374 0.007 0.183 0.006
2453283.32801 2.437 0.028 2.627 0.027 2.806 0.027 0.190 0.008 0.369 0.007 0.179 0.006
2453283.32839 2.408 0.028 2.612 0.027 99.999 9.999 0.204 0.008 99.999 9.999 99.999 9.999
2453283.32876 2.390 0.027 2.578 0.027 2.752 0.027 0.188 0.007 0.362 0.006 0.174 0.006




2453283.32988 2.393 0.028 2.583 0.027 2.783 0.027 0.190 0.008 0.390 0.007 0.200 0.006




2453283.33101 2.382 0.028 2.568 0.027 2.747 0.027 0.186 0.008 0.365 0.008 0.179 0.007


2453283.33176 2.410 0.030 2.620 0.029 2.785 0.029 0.210 0.008 0.375 0.008 0.165 0.007
2453283.33213 2.396 0.028 2.602 0.027 2.769 0.027 0.206 0.008 0.373 0.008 0.167 0.007




2453283.33325 2.359 0.029 2.553 0.028 2.760 0.028 0.194 0.008 0.401 0.007 0.207 0.006






2453283.33475 2.407 0.029 99.999 9.999 2.775 0.028 99.999 9.999 0.368 0.008 99.999 9.999


2453283.33550 2.368 0.031 2.562 0.030 2.769 0.030 0.194 0.008 0.401 0.008 0.207 0.007
2453283.33587 2.363 0.029 2.556 0.028 99.999 9.999 0.193 0.008 99.999 9.999 99.999 9.999
2453283.33624 2.325 0.029 2.535 0.028 2.725 0.028 0.210 0.008 0.400 0.008 0.190 0.007
2453283.33662 2.367 0.029 2.571 0.028 2.755 0.028 0.204 0.008 0.388 0.008 0.184 0.007


2453283.33736 2.377 0.030 2.565 0.029 2.764 0.029 0.188 0.008 0.387 0.008 0.199 0.007
2453283.33774 2.344 0.030 2.589 0.029 2.751 0.029 0.245 0.008 0.407 0.008 0.162 0.007


2453283.33848 2.389 0.031 2.589 0.030 2.781 0.030 0.200 0.008 0.392 0.008 0.192 0.007
2453283.33887 2.398 0.030 2.588 0.029 2.803 0.029 0.190 0.008 0.405 0.008 0.215 0.007
2453283.33924 2.360 0.028 2.549 0.027 99.999 9.999 0.189 0.008 99.999 9.999 99.999 9.999


2453283.33999 2.373 0.032 2.572 0.031 2.754 0.031 0.199 0.008 0.381 0.008 0.182 0.007
2453283.34036 2.374 0.030 2.560 0.029 2.751 0.029 0.186 0.008 0.377 0.008 0.191 0.007




2453283.34148 2.339 0.034 2.545 0.034 2.723 0.033 0.206 0.008 0.384 0.008 0.178 0.008




2453283.34260 2.397 0.032 2.586 0.031 2.795 0.031 0.189 0.008 0.398 0.008 0.209 0.007


2453283.34336 2.342 0.031 2.538 0.030 2.715 0.030 0.196 0.008 0.373 0.008 0.177 0.007
2453283.34373 2.329 0.031 2.527 0.030 2.703 0.030 0.198 0.008 0.374 0.008 0.176 0.007




2453283.34485 2.333 0.031 2.530 0.030 2.713 0.030 0.197 0.008 0.380 0.008 0.183 0.007




2453283.34597 2.314 0.028 2.527 0.027 2.709 0.027 0.213 0.008 0.395 0.008 0.182 0.007




2453283.34709 2.261 0.027 2.430 0.026 2.656 0.026 0.169 0.008 0.395 0.008 0.226 0.007
2453283.34747 2.277 0.027 2.460 0.026 2.672 0.026 0.183 0.008 0.395 0.008 0.212 0.007
2453283.34784 2.258 0.027 2.456 0.026 2.629 0.026 0.198 0.008 0.371 0.008 0.173 0.007
2453283.34822 2.261 0.026 2.477 0.025 2.646 0.025 0.216 0.008 0.385 0.008 0.169 0.007
2453283.34859 2.305 0.028 2.507 0.027 2.670 0.027 0.202 0.008 0.365 0.008 0.163 0.007




2453283.34971 2.237 0.025 2.432 0.025 2.626 0.024 0.195 0.008 0.389 0.007 0.194 0.006




2453283.35083 2.279 0.025 2.466 0.025 2.671 0.025 0.187 0.007 0.392 0.006 0.205 0.006
2453283.35120 2.239 0.025 2.444 0.025 2.618 0.024 0.205 0.007 0.379 0.006 0.174 0.006


2453283.35196 2.206 0.025 2.428 0.025 2.616 0.024 0.222 0.008 0.410 0.007 0.188 0.006
2453283.35233 99.999 9.999 99.999 9.999 99.999 9.999 99.999 9.999 99.999 9.999 99.999 9.999


2453283.35308 2.279 0.025 2.451 0.025 2.674 0.024 0.172 0.007 0.395 0.006 0.223 0.006


2453283.35382 2.227 0.025 2.422 0.025 2.607 0.024 0.195 0.007 0.380 0.006 0.185 0.006
2453283.35420 2.208 0.025 2.429 0.025 2.591 0.024 0.221 0.007 0.383 0.006 0.162 0.006
2453283.35457 2.221 0.025 2.453 0.025 2.624 0.024 0.232 0.007 0.403 0.006 0.171 0.006


2453283.35531 2.220 0.025 2.440 0.025 2.605 0.024 0.220 0.007 0.385 0.006 0.165 0.006
2453283.35569 2.179 0.024 2.370 0.024 2.571 0.023 0.191 0.008 0.392 0.007 0.201 0.006




2453283.35682 2.184 0.024 2.382 0.024 2.567 0.023 0.198 0.007 0.383 0.006 0.185 0.006
2453283.35719 99.999 9.999 2.413 0.025 2.602 0.024 99.999 9.999 99.999 9.999 0.189 0.006
2453283.35756 2.196 0.025 2.402 0.025 2.579 0.024 0.206 0.007 0.383 0.006 0.177 0.006
2453283.35794 2.138 0.023 2.349 0.023 2.532 0.022 0.211 0.007 0.394 0.006 0.183 0.006
2453283.35831 2.142 0.023 2.349 0.023 2.515 0.022 0.207 0.007 0.373 0.006 0.166 0.006
2453283.35868 2.180 0.024 2.381 0.024 2.548 0.023 0.201 0.007 0.368 0.006 0.167 0.006
2453283.35906 2.136 0.023 2.342 0.023 2.506 0.022 0.206 0.007 0.370 0.006 0.164 0.006
2453283.35943 2.151 0.023 2.345 0.023 2.511 0.022 0.194 0.007 0.360 0.006 0.166 0.006
2453283.35980 2.171 0.023 2.352 0.023 2.546 0.022 0.181 0.007 0.375 0.006 0.194 0.006


2453283.36056 2.143 0.023 2.340 0.023 2.524 0.022 0.197 0.007 0.381 0.006 0.184 0.006


2453283.36130 2.092 0.023 2.271 0.023 2.490 0.022 0.179 0.007 0.398 0.006 0.219 0.006
2453283.36168 2.155 0.023 2.353 0.023 2.538 0.022 0.198 0.007 0.383 0.006 0.185 0.006


2453283.36242 2.111 0.023 2.319 0.023 2.505 0.022 0.208 0.007 0.394 0.006 0.186 0.006


2453283.36317 2.131 0.022 2.314 0.022 2.496 0.021 0.183 0.007 0.365 0.006 0.182 0.006
2453283.36354 2.087 0.022 2.292 0.022 2.473 0.021 0.205 0.007 0.386 0.006 0.181 0.006
2453283.36392 2.093 0.023 2.293 0.023 2.488 0.022 0.200 0.007 0.395 0.006 0.195 0.006
2453283.36429 2.073 0.022 2.258 0.022 2.465 0.021 0.185 0.007 0.392 0.006 0.207 0.006
2453283.36466 2.040 0.022 2.252 0.022 2.424 0.021 0.212 0.007 0.384 0.006 0.172 0.006


2453283.36542 2.079 0.024 2.286 0.024 2.475 0.024 0.207 0.008 0.396 0.008 0.189 0.007
2453283.36579 2.055 0.022 2.267 0.022 2.448 0.021 0.212 0.008 0.393 0.007 0.181 0.006


2453283.36654 2.039 0.026 2.248 0.025 2.424 0.025 0.209 0.008 0.385 0.008 0.176 0.007
2453283.36691 2.024 0.025 2.220 0.025 2.402 0.025 0.196 0.008 0.378 0.008 0.182 0.008
2453283.36728 2.024 0.026 2.251 0.025 2.441 0.025 0.227 0.008 0.417 0.008 0.190 0.007


2453283.36803 2.045 0.024 2.234 0.024 2.442 0.024 0.189 0.008 0.397 0.008 0.208 0.007
2453283.36840 2.009 0.023 2.202 0.023 2.392 0.023 0.193 0.008 0.383 0.008 0.190 0.007
2453283.36878 1.986 0.023 2.194 0.023 2.383 0.023 0.208 0.008 0.397 0.008 0.189 0.007
2453283.36916 2.009 0.023 2.196 0.023 2.377 0.023 0.187 0.008 0.368 0.008 0.181 0.007
2453283.36953 1.999 0.023 2.207 0.023 2.372 0.023 0.208 0.008 0.373 0.008 0.165 0.007
2453283.36991 1.997 0.022 2.193 0.022 2.381 0.022 0.196 0.008 0.384 0.008 0.188 0.007


2453283.37065 1.994 0.022 2.196 0.022 2.371 0.022 0.202 0.008 0.377 0.008 0.175 0.007
2453283.37102 1.973 0.021 2.183 0.021 2.357 0.021 0.210 0.008 0.384 0.008 0.174 0.007


2453283.37177 1.926 0.021 2.140 0.021 99.999 9.999 0.214 0.008 99.999 9.999 99.999 9.999
2453283.37214 1.993 0.022 2.178 0.022 2.380 0.022 0.185 0.008 0.387 0.008 0.202 0.007


2453283.37289 1.956 0.021 2.156 0.021 2.370 0.020 0.200 0.008 0.414 0.007 0.214 0.006
2453283.37326 1.948 0.023 2.141 0.023 2.332 0.023 0.193 0.008 0.384 0.008 0.191 0.007


2453283.37402 1.971 0.028 2.132 0.028 2.338 0.027 0.161 0.009 0.367 0.009 0.206 0.008
2453283.37439 1.923 0.030 2.138 0.030 2.331 0.030 0.215 0.009 0.408 0.009 0.193 0.008
2453283.37477 1.979 0.031 2.193 0.031 2.375 0.031 0.214 0.009 0.396 0.009 0.182 0.008


2453283.37551 2.072 0.044 2.131 0.044 2.346 0.044 0.059 0.013 0.274 0.012 0.215 0.012
2453283.37589 1.920 0.037 2.174 0.037 2.354 0.037 0.254 0.011 0.434 0.011 0.180 0.010
2453283.37626 1.948 0.029 2.170 0.029 2.349 0.029 0.222 0.009 0.401 0.009 0.179 0.008
2453283.37663 1.975 0.028 2.155 0.028 2.343 0.028 0.180 0.009 0.368 0.009 0.188 0.008
2453283.37700 1.898 0.026 2.103 0.026 2.304 0.025 0.205 0.009 0.406 0.009 0.201 0.008
2453283.37738 1.923 0.025 2.172 0.025 2.347 0.025 0.249 0.008 0.424 0.008 0.175 0.008
2453283.37775 1.927 0.024 2.151 0.024 2.301 0.024 0.224 0.008 0.374 0.008 0.150 0.007
2453283.37813 1.945 0.025 2.133 0.025 2.334 0.025 0.188 0.008 0.389 0.008 0.201 0.008
2453283.37851 1.980 0.026 2.174 0.026 2.363 0.025 0.194 0.009 0.383 0.009 0.189 0.008
2453283.37888 1.940 0.025 2.146 0.025 2.318 0.025 0.206 0.009 0.378 0.009 0.172 0.008
2453283.37925 1.927 0.022 2.122 0.022 2.318 0.022 0.195 0.008 0.391 0.008 0.196 0.007


2453283.38000 1.960 0.023 2.175 0.023 2.343 0.023 0.215 0.008 0.383 0.008 0.168 0.007
2453283.38037 1.932 0.024 2.111 0.024 2.285 0.024 0.179 0.008 0.353 0.008 0.174 0.008
2453283.38075 1.914 0.026 2.127 0.026 2.293 0.025 0.213 0.009 0.379 0.009 0.166 0.008
2453283.38112 1.946 0.026 2.136 0.026 2.328 0.025 0.190 0.008 0.382 0.008 0.192 0.008
2453283.38149 1.948 0.026 2.127 0.026 2.320 0.025 0.179 0.009 0.372 0.009 0.193 0.008
2453283.38186 1.922 0.029 2.115 0.029 2.306 0.029 0.193 0.009 0.384 0.009 0.191 0.008




2453283.38299 1.947 0.035 2.128 0.035 2.294 0.035 0.181 0.011 0.347 0.010 0.166 0.009
2453283.38337 1.871 0.033 2.068 0.033 2.261 0.033 0.197 0.011 0.390 0.010 0.193 0.009
2453283.38374 1.907 0.038 2.141 0.038 2.320 0.038 0.234 0.012 0.413 0.011 0.179 0.011
2453283.38411 1.920 0.034 2.116 0.034 2.268 0.034 0.196 0.011 0.348 0.010 0.152 0.009
2453283.38449 1.867 0.032 2.059 0.032 2.268 0.032 0.192 0.011 0.401 0.010 0.209 0.009
2453283.38486 1.909 0.031 2.103 0.031 2.306 0.031 0.194 0.011 0.397 0.010 0.203 0.009
2453283.38523 1.888 0.038 2.165 0.038 2.330 0.038 0.277 0.012 0.442 0.011 0.165 0.011
2453283.38561 1.945 0.034 2.126 0.034 2.328 0.034 0.181 0.011 0.383 0.010 0.202 0.009
2453283.38598 1.929 0.031 2.127 0.031 2.313 0.031 0.198 0.011 0.384 0.010 0.186 0.009
2453283.38635 1.858 0.030 2.057 0.030 2.241 0.030 0.199 0.011 0.383 0.010 0.184 0.009
2453283.38672 1.900 0.030 2.101 0.030 2.271 0.030 0.201 0.011 0.371 0.010 0.170 0.009
2453283.38711 1.908 0.030 2.094 0.030 2.266 0.030 0.186 0.011 0.358 0.010 0.172 0.009


2453283.38785 1.890 0.034 2.112 0.034 2.276 0.034 0.222 0.011 0.386 0.011 0.164 0.010
2453283.38823 1.877 0.038 2.031 0.038 2.198 0.038 0.154 0.012 0.321 0.011 0.167 0.011


2453283.38897 1.845 0.044 2.057 0.044 2.250 0.044 0.212 0.014 0.405 0.014 0.193 0.012
2453283.38935 1.826 0.042 2.043 0.042 2.236 0.042 0.217 0.014 0.410 0.014 0.193 0.012
2453283.38972 1.831 0.039 2.052 0.039 2.223 0.039 0.221 0.012 0.392 0.011 0.171 0.011
2453283.39009 1.781 0.035 1.985 0.035 2.170 0.035 0.204 0.012 0.389 0.011 0.185 0.011
2453283.39047 1.848 0.035 2.047 0.035 2.245 0.035 0.199 0.012 0.397 0.011 0.198 0.011
2453283.39084 1.782 0.031 2.016 0.031 2.208 0.031 0.234 0.011 0.426 0.010 0.192 0.009


2453283.39159 1.789 0.030 1.999 0.030 2.178 0.030 0.210 0.011 0.389 0.010 0.179 0.009
2453283.39197 1.814 0.030 2.016 0.030 2.215 0.030 0.202 0.011 0.401 0.010 0.199 0.009
2453283.39234 1.838 0.031 2.029 0.031 2.234 0.031 0.191 0.011 0.396 0.010 0.205 0.009
2453283.39271 1.822 0.030 2.023 0.030 2.209 0.030 0.201 0.011 0.387 0.010 0.186 0.009


2453283.39346 1.761 0.029 1.954 0.029 2.140 0.029 0.193 0.011 0.379 0.010 0.186 0.009
2453283.39383 1.765 0.029 1.962 0.029 2.147 0.029 0.197 0.011 0.382 0.010 0.185 0.009


2453283.39458 1.769 0.031 1.972 0.031 2.174 0.031 0.203 0.011 0.405 0.010 0.202 0.009
2453283.39495 1.745 0.032 1.988 0.032 2.168 0.032 0.243 0.011 0.423 0.011 0.180 0.010
2453283.39534 1.768 0.033 2.004 0.033 2.140 0.033 0.236 0.012 0.372 0.011 0.136 0.011
2453283.39571 1.741 0.032 1.949 0.032 2.136 0.032 0.208 0.011 0.395 0.011 0.187 0.010
2453283.39608 1.773 0.030 1.984 0.030 2.187 0.030 0.211 0.011 0.414 0.010 0.203 0.009
2453283.39645 1.758 0.027 1.965 0.027 2.123 0.027 0.207 0.009 0.365 0.009 0.158 0.008
2453283.39683 1.764 0.027 1.981 0.027 2.160 0.027 0.217 0.009 0.396 0.009 0.179 0.008
2453283.39720 1.781 0.027 1.974 0.027 2.182 0.027 0.193 0.009 0.401 0.009 0.208 0.008
2453283.39757 1.742 0.028 1.960 0.028 2.150 0.028 0.218 0.011 0.408 0.010 0.190 0.009
2453283.39795 1.772 0.027 1.952 0.027 2.127 0.027 0.180 0.011 0.355 0.010 0.175 0.009
2453283.39832 1.797 0.028 1.969 0.028 2.178 0.028 0.172 0.011 0.381 0.010 0.209 0.009


2453283.39907 1.804 0.028 2.011 0.028 2.198 0.028 0.207 0.009 0.394 0.009 0.187 0.008
2453283.39944 1.831 0.026 2.014 0.026 2.196 0.026 0.183 0.009 0.365 0.009 0.182 0.008
2453283.39981 1.764 0.025 1.988 0.025 2.150 0.025 0.224 0.009 0.386 0.009 0.162 0.008
2453283.40020 1.774 0.025 1.979 0.025 2.173 0.025 0.205 0.009 0.399 0.009 0.194 0.008
2453283.40057 1.732 0.024 1.935 0.024 2.138 0.024 0.203 0.009 0.406 0.009 0.203 0.008
2453283.40094 1.745 0.024 1.953 0.024 2.132 0.024 0.208 0.009 0.387 0.009 0.179 0.008
2453283.40131 1.734 0.024 1.921 0.024 2.130 0.024 0.187 0.009 0.396 0.009 0.209 0.008
2453283.40169 1.775 0.026 1.963 0.026 2.148 0.026 0.188 0.009 0.373 0.009 0.185 0.008
2453283.40206 1.769 0.027 1.974 0.027 2.156 0.027 0.205 0.010 0.387 0.009 0.182 0.009
2453283.40243 1.754 0.028 1.959 0.028 2.147 0.028 0.205 0.011 0.393 0.010 0.188 0.009
2453283.40281 1.749 0.030 1.985 0.030 2.139 0.030 0.236 0.011 0.390 0.010 0.154 0.009
2453283.40318 1.698 0.029 1.922 0.029 2.085 0.029 0.224 0.011 0.387 0.010 0.163 0.009
2453283.40355 1.730 0.030 1.920 0.030 2.099 0.030 0.190 0.011 0.369 0.011 0.179 0.010
2453283.40394 1.744 0.033 1.956 0.033 2.124 0.033 0.212 0.012 0.380 0.011 0.168 0.011
2453283.40431 1.758 0.032 1.998 0.032 2.162 0.032 0.240 0.011 0.404 0.011 0.164 0.010
2453283.40468 1.745 0.031 1.975 0.031 2.121 0.031 0.230 0.011 0.376 0.011 0.146 0.010
2453283.40506 1.744 0.030 1.962 0.030 2.139 0.030 0.218 0.011 0.395 0.010 0.177 0.009
2453283.40543 1.793 0.030 1.955 0.030 2.147 0.030 0.162 0.011 0.354 0.010 0.192 0.009
2453283.40580 1.735 0.028 1.940 0.028 2.087 0.028 0.205 0.011 0.352 0.010 0.147 0.009
2453283.40618 1.717 0.030 1.937 0.030 2.116 0.030 0.220 0.011 0.399 0.011 0.179 0.010
2453283.40655 1.717 0.027 1.926 0.027 2.103 0.027 0.209 0.011 0.386 0.010 0.177 0.009
2453283.40692 1.719 0.025 1.912 0.025 2.108 0.025 0.193 0.009 0.389 0.009 0.196 0.008
2453283.40730 1.714 0.024 1.935 0.024 2.132 0.024 0.221 0.009 0.418 0.009 0.197 0.008
2453283.40767 1.716 0.024 1.945 0.024 2.099 0.024 0.229 0.009 0.383 0.009 0.154 0.008
2453283.40804 1.691 0.024 1.911 0.024 2.073 0.024 0.220 0.009 0.382 0.009 0.162 0.008
2453283.40841 1.703 0.024 1.932 0.024 2.109 0.024 0.229 0.009 0.406 0.009 0.177 0.008
2453283.40880 1.723 0.024 1.913 0.024 2.093 0.024 0.190 0.009 0.370 0.009 0.180 0.008




2453283.40992 1.695 0.025 1.901 0.025 2.075 0.025 0.206 0.009 0.380 0.009 0.174 0.008
2453283.41029 1.706 0.026 1.918 0.026 2.096 0.026 0.212 0.010 0.390 0.010 0.178 0.008
2453283.41066 1.668 0.026 1.880 0.026 2.064 0.026 0.212 0.011 0.396 0.010 0.184 0.009
2453283.41104 1.676 0.027 1.911 0.027 2.106 0.027 0.235 0.011 0.430 0.010 0.195 0.009
2453283.41141 1.714 0.027 1.934 0.027 2.108 0.027 0.220 0.011 0.394 0.010 0.174 0.009
2453283.41178 1.695 0.025 1.898 0.025 2.076 0.025 0.203 0.009 0.381 0.009 0.178 0.008
2453283.41216 1.718 0.025 1.953 0.025 2.117 0.025 0.235 0.009 0.399 0.009 0.164 0.008
2453283.41253 1.748 0.025 1.944 0.025 2.111 0.025 0.196 0.009 0.363 0.009 0.167 0.008
2453283.41291 1.686 0.025 1.912 0.025 2.096 0.025 0.226 0.009 0.410 0.009 0.184 0.008
2453283.41328 1.682 0.023 1.902 0.023 2.085 0.023 0.220 0.009 0.403 0.009 0.183 0.008
2453283.41366 1.671 0.023 1.910 0.023 2.070 0.023 0.239 0.009 0.399 0.009 0.160 0.008
2453283.41403 99.999 9.999 1.905 0.023 99.999 9.999 99.999 9.999 99.999 9.999 99.999 9.999
2453283.41440 1.703 0.023 1.904 0.023 2.091 0.023 0.201 0.009 0.388 0.009 0.187 0.008
2453283.41478 1.711 0.024 1.912 0.024 2.096 0.024 0.201 0.009 0.385 0.009 0.184 0.008
2453283.41515 1.652 0.023 1.874 0.023 2.052 0.023 0.222 0.009 0.400 0.009 0.178 0.008
2453283.41552 1.696 0.024 1.889 0.024 2.073 0.024 0.193 0.009 0.377 0.009 0.184 0.008
2453283.41590 1.643 0.023 1.877 0.023 99.999 9.999 0.234 0.009 99.999 9.999 99.999 9.999
2453283.41627 1.670 0.023 1.884 0.023 2.088 0.023 0.214 0.009 0.418 0.009 0.204 0.008
2453283.41664 1.663 0.022 1.868 0.022 2.069 0.022 0.205 0.009 0.406 0.009 0.201 0.008
2453283.41703 1.667 0.022 1.877 0.022 2.063 0.022 0.210 0.009 0.396 0.009 0.186 0.008
2453283.41740 1.635 0.023 1.882 0.023 99.999 9.999 0.247 0.009 99.999 9.999 99.999 9.999
2453283.41777 1.659 0.022 1.849 0.022 2.058 0.022 0.190 0.009 0.399 0.009 0.209 0.008
2453283.41814 1.635 0.021 1.821 0.021 2.036 0.021 0.186 0.009 0.401 0.009 0.215 0.008
2453283.41852 1.617 0.022 1.840 0.022 2.028 0.022 0.223 0.009 0.411 0.009 0.188 0.008
2453283.41889 1.656 0.022 1.877 0.022 2.052 0.022 0.221 0.009 0.396 0.009 0.175 0.008
2453283.41926 1.632 0.023 1.838 0.023 2.033 0.023 0.206 0.009 0.401 0.009 0.195 0.008
2453283.41964 1.671 0.023 1.880 0.023 2.078 0.023 0.209 0.009 0.407 0.009 0.198 0.008
2453283.42001 1.665 0.023 1.843 0.023 2.060 0.023 0.178 0.009 0.395 0.009 0.217 0.008
2453283.42038 1.606 0.022 1.827 0.022 2.009 0.022 0.221 0.009 0.403 0.009 0.182 0.008
2453283.42076 1.650 0.024 1.855 0.024 2.035 0.024 0.205 0.009 0.385 0.009 0.180 0.008
2453283.42113 1.595 0.022 1.827 0.022 1.986 0.022 0.232 0.009 0.391 0.009 0.159 0.008
2453283.42150 1.605 0.022 1.795 0.022 1.984 0.022 0.190 0.009 0.379 0.009 0.189 0.008
2453283.42189 1.624 0.022 1.859 0.022 2.007 0.022 0.235 0.009 0.383 0.009 0.148 0.008
2453283.42226 1.665 0.023 1.856 0.023 2.030 0.023 0.191 0.009 0.365 0.009 0.174 0.008
2453283.42263 1.638 0.022 1.843 0.022 2.004 0.022 0.205 0.009 0.366 0.009 0.161 0.008
2453283.42300 1.586 0.022 1.802 0.022 1.974 0.022 0.216 0.009 0.388 0.009 0.172 0.008
2453283.42338 1.582 0.022 1.803 0.022 1.978 0.022 0.221 0.009 0.396 0.009 0.175 0.008
2453283.42375 1.609 0.021 1.822 0.021 2.013 0.021 0.213 0.009 0.404 0.009 0.191 0.008
2453283.42412 1.608 0.021 1.822 0.021 1.990 0.021 0.214 0.009 0.382 0.009 0.168 0.008
2453283.42450 1.592 0.022 1.814 0.022 1.970 0.022 0.222 0.009 0.378 0.009 0.156 0.008
2453283.42487 1.587 0.022 1.824 0.022 99.999 9.999 0.237 0.009 99.999 9.999 99.999 9.999
2453283.42524 1.610 0.022 1.840 0.022 2.016 0.022 0.230 0.009 0.406 0.009 0.176 0.008
2453283.42563 1.601 0.022 1.812 0.022 2.005 0.022 0.211 0.009 0.404 0.009 0.193 0.008
2453283.42600 1.608 0.021 1.821 0.021 2.019 0.021 0.213 0.009 0.411 0.009 0.198 0.008
2453283.42637 1.618 0.021 1.828 0.021 2.007 0.021 0.210 0.009 0.389 0.009 0.179 0.008
2453283.42675 1.612 0.022 1.830 0.022 2.032 0.022 0.218 0.009 0.420 0.009 0.202 0.008
2453283.42712 1.598 0.021 1.811 0.021 1.994 0.021 0.213 0.009 0.396 0.009 0.183 0.008
2453283.42749 1.621 0.021 1.802 0.021 1.990 0.021 0.181 0.009 0.369 0.009 0.188 0.008
2453283.42786 1.640 0.022 1.834 0.022 2.022 0.022 0.194 0.009 0.382 0.009 0.188 0.008
2453283.42824 1.602 0.022 1.806 0.022 1.998 0.022 0.204 0.009 0.396 0.009 0.192 0.008
2453283.42861 1.588 0.022 1.806 0.022 2.001 0.022 0.218 0.009 0.413 0.009 0.195 0.008
2453283.42898 1.569 0.021 1.786 0.021 1.974 0.021 0.217 0.009 0.405 0.009 0.188 0.008
2453283.42936 1.555 0.022 1.776 0.022 1.976 0.022 0.221 0.009 0.421 0.009 0.200 0.008
2453283.42973 1.546 0.021 1.763 0.021 1.934 0.021 0.217 0.009 0.388 0.009 0.171 0.008
2453283.43012 1.592 0.021 1.810 0.021 1.976 0.021 0.218 0.009 0.384 0.009 0.166 0.008
2453283.43049 1.582 0.020 1.802 0.020 1.997 0.020 0.220 0.009 0.415 0.009 0.195 0.008
2453283.43086 1.578 0.021 1.788 0.021 1.974 0.021 0.210 0.009 0.396 0.009 0.186 0.008
2453283.43124 1.563 0.021 1.785 0.021 1.982 0.021 0.222 0.009 0.419 0.009 0.197 0.008
2453283.43161 1.589 0.021 1.790 0.021 1.994 0.021 0.201 0.009 0.405 0.009 0.204 0.008
2453283.43198 1.573 0.021 1.762 0.021 1.949 0.021 0.189 0.009 0.376 0.009 0.187 0.008


2453283.43273 1.583 0.022 1.792 0.022 1.991 0.022 0.209 0.009 0.408 0.009 0.199 0.008
2453283.43310 1.472 0.029 1.778 0.029 1.905 0.029 0.306 0.012 0.433 0.011 0.127 0.011
2453283.43348 1.632 0.026 1.751 0.026 2.025 0.026 0.119 0.011 0.393 0.010 0.274 0.009
2453283.43385 1.591 0.024 1.782 0.024 1.983 0.024 0.191 0.010 0.392 0.009 0.201 0.009
2453283.43422 1.574 0.023 1.801 0.023 1.976 0.023 0.227 0.009 0.402 0.009 0.175 0.008
2453283.43461 1.563 0.021 1.762 0.021 1.950 0.021 0.199 0.009 0.387 0.009 0.188 0.008
2453283.43498 1.529 0.022 1.777 0.022 1.952 0.022 0.248 0.009 0.423 0.009 0.175 0.008
2453283.43535 1.588 0.024 1.796 0.024 1.965 0.024 0.208 0.009 0.377 0.009 0.169 0.008
2453283.43572 1.571 0.023 1.787 0.023 1.974 0.023 0.216 0.010 0.403 0.010 0.187 0.008
2453283.43610 1.567 0.022 1.768 0.022 1.958 0.022 0.201 0.009 0.391 0.009 0.190 0.008
2453283.43647 1.565 0.023 1.784 0.023 1.957 0.023 0.219 0.011 0.392 0.010 0.173 0.009
2453283.43684 1.580 0.023 1.775 0.023 1.946 0.023 0.195 0.010 0.366 0.010 0.171 0.008
2453283.43722 1.590 0.024 1.812 0.024 1.992 0.024 0.222 0.011 0.402 0.010 0.180 0.009
2453283.43759 1.566 0.024 1.785 0.024 1.974 0.024 0.219 0.011 0.408 0.010 0.189 0.009
2453283.43796 1.609 0.024 1.796 0.024 1.990 0.024 0.187 0.011 0.381 0.010 0.194 0.009
2453283.43834 1.567 0.026 1.766 0.026 1.965 0.026 0.199 0.011 0.398 0.010 0.199 0.009
2453283.43872 1.586 0.026 1.790 0.026 1.991 0.026 0.204 0.011 0.405 0.010 0.201 0.009
2453283.43909 1.522 0.024 1.753 0.024 1.910 0.024 0.231 0.011 0.388 0.010 0.157 0.009
2453283.43947 1.588 0.025 1.770 0.025 1.954 0.025 0.182 0.011 0.366 0.010 0.184 0.009
2453283.43984 1.575 0.024 1.773 0.024 1.967 0.024 0.198 0.011 0.392 0.010 0.194 0.009
2453283.44021 1.572 0.025 1.767 0.025 1.958 0.025 0.195 0.011 0.386 0.010 0.191 0.009
2453283.44058 1.598 0.025 1.808 0.025 99.999 9.999 0.210 0.011 99.999 9.999 99.999 9.999
2453283.44096 1.519 0.024 1.761 0.024 1.953 0.024 0.242 0.011 0.434 0.010 0.192 0.009
2453283.44133 1.608 0.025 1.793 0.025 2.019 0.025 0.185 0.011 0.411 0.010 0.226 0.009
2453283.44170 1.536 0.023 1.739 0.023 1.938 0.023 0.203 0.010 0.402 0.009 0.199 0.009
2453283.44208 1.559 0.023 1.763 0.023 1.948 0.023 0.204 0.011 0.389 0.010 0.185 0.009
2453283.44245 1.543 0.025 1.750 0.025 1.983 0.025 0.207 0.011 0.440 0.010 0.233 0.009
2453283.44282 1.556 0.028 1.848 0.028 2.010 0.028 0.292 0.011 0.454 0.010 0.162 0.009
2453283.44321 1.577 0.026 1.800 0.026 1.986 0.026 0.223 0.011 0.409 0.010 0.186 0.009
2453283.44358 1.574 0.025 1.798 0.025 1.991 0.025 0.224 0.011 0.417 0.010 0.193 0.009
2453283.44395 1.602 0.026 1.798 0.026 1.990 0.026 0.196 0.011 0.388 0.010 0.192 0.009
2453283.44433 1.605 0.025 1.823 0.025 2.020 0.025 0.218 0.011 0.415 0.010 0.197 0.009
2453283.44470 1.562 0.025 1.740 0.025 1.937 0.025 0.178 0.011 0.375 0.010 0.197 0.009
2453283.44507 1.574 0.025 1.785 0.025 1.961 0.025 0.211 0.011 0.387 0.010 0.176 0.009
2453283.44544 1.567 0.027 1.793 0.027 1.963 0.027 0.226 0.011 0.396 0.010 0.170 0.009
2453283.44582 1.613 0.028 1.808 0.028 1.990 0.028 0.195 0.011 0.377 0.011 0.182 0.010
2453283.44619 1.513 0.025 1.747 0.025 1.935 0.025 0.234 0.011 0.422 0.010 0.188 0.009
2453283.44656 1.573 0.026 1.758 0.026 1.965 0.026 0.185 0.011 0.392 0.010 0.207 0.009
2453283.44694 1.579 0.026 1.793 0.026 1.998 0.026 0.214 0.011 0.419 0.010 0.205 0.009
2453283.44731 1.588 0.027 1.818 0.027 1.990 0.027 0.230 0.011 0.402 0.010 0.172 0.009
2453283.44769 1.572 0.025 1.762 0.025 1.945 0.025 0.190 0.011 0.373 0.010 0.183 0.009
2453283.44807 1.532 0.025 1.748 0.025 1.938 0.025 0.216 0.011 0.406 0.010 0.190 0.009
2453283.44844 1.503 0.025 1.739 0.025 1.902 0.025 0.236 0.011 0.399 0.010 0.163 0.009
2453283.44881 1.471 0.025 1.756 0.025 1.905 0.025 0.285 0.011 0.434 0.010 0.149 0.009
