JD V-C s1 V-C1 s2 V-C2 s3 C-C1 s4 C-C2 s5 C1-C2 s6
Aperture: 2.00, Filter: 8.00
2453235.35921 -0.345 0.006 -0.136 0.006 0.033 0.006 0.209 0.006 0.378 0.006 0.169 0.006
2453235.35958 -0.361 0.006 -0.157 0.006 0.021 0.006 0.204 0.006 0.382 0.006 0.178 0.006
2453235.35995 -0.318 0.006 -0.141 0.006 0.040 0.006 0.177 0.007 0.358 0.006 0.181 0.006
2453235.36032 -0.390 0.006 -0.158 0.006 99.999 9.999 0.232 0.006 99.999 9.999 99.999 9.999
2453235.36071 -0.387 0.006 -0.153 0.006 0.023 0.006 0.234 0.006 0.410 0.006 0.176 0.006
2453235.36108 -0.315 0.006 -0.153 0.006 0.041 0.006 0.162 0.007 0.356 0.006 0.194 0.006
2453235.36145 -0.349 0.006 -0.138 0.006 99.999 9.999 0.211 0.007 99.999 9.999 99.999 9.999
2453235.36182 -0.333 0.006 -0.160 0.006 0.027 0.006 0.173 0.007 0.360 0.006 0.187 0.006
2453235.36220 -0.316 0.006 -0.139 0.006 0.033 0.006 0.177 0.007 0.349 0.006 0.172 0.006
2453235.36257 -0.374 0.006 -0.156 0.006 99.999 9.999 0.218 0.007 99.999 9.999 99.999 9.999
2453235.36294 -0.384 0.006 -0.156 0.006 0.026 0.006 0.228 0.006 0.410 0.006 0.182 0.006
2453235.36331 -0.366 0.006 -0.163 0.006 0.029 0.006 0.203 0.007 0.395 0.006 0.192 0.006
2453235.36369 -0.310 0.006 -0.150 0.006 0.029 0.006 0.160 0.007 0.339 0.006 0.179 0.006
2453235.36406 -0.325 0.006 -0.162 0.006 0.025 0.006 0.163 0.007 0.350 0.006 0.187 0.006
2453235.36443 -0.366 0.006 -0.168 0.006 0.007 0.006 0.198 0.007 0.373 0.006 0.175 0.006
2453235.36480 -0.349 0.006 -0.154 0.006 0.025 0.006 0.195 0.007 0.374 0.006 0.179 0.006
2453235.36519 -0.374 0.006 -0.170 0.006 0.031 0.006 0.204 0.007 0.405 0.006 0.201 0.006
2453235.36556 -0.382 0.006 -0.155 0.006 0.018 0.006 0.227 0.006 0.400 0.006 0.173 0.006
2453235.36593 -0.367 0.006 -0.150 0.006 0.031 0.006 0.217 0.007 0.398 0.006 0.181 0.006
2453235.36630 -0.326 0.006 -0.153 0.006 0.030 0.006 0.173 0.007 0.356 0.006 0.183 0.006
2453235.36668 -0.334 0.006 -0.136 0.006 0.024 0.006 0.198 0.007 0.358 0.006 0.160 0.006
2453235.36705 -0.381 0.006 -0.156 0.006 0.021 0.006 0.225 0.007 0.402 0.006 0.177 0.006
2453235.36742 -0.361 0.006 -0.164 0.006 0.021 0.006 0.197 0.007 0.382 0.006 0.185 0.006
2453235.36780 -0.418 0.006 -0.175 0.006 0.026 0.006 0.243 0.007 0.444 0.006 0.201 0.006
2453235.36817 -0.337 0.006 -0.153 0.006 0.025 0.006 0.184 0.007 0.362 0.006 0.178 0.006
2453235.36854 -0.380 0.006 -0.153 0.006 0.026 0.006 0.227 0.007 0.406 0.006 0.179 0.006
2453235.36891 -0.359 0.006 -0.147 0.006 0.043 0.006 0.212 0.006 0.402 0.006 0.190 0.006
2453235.36929 99.999 9.999 -0.147 0.006 0.022 0.006 99.999 9.999 99.999 9.999 0.169 0.006
2453235.36966 -0.379 0.006 -0.172 0.006 0.020 0.006 0.207 0.007 0.399 0.006 0.192 0.006
2453235.37003 -0.321 0.006 -0.137 0.006 0.049 0.006 0.184 0.007 0.370 0.006 0.186 0.006


2453235.37079 -0.321 0.006 -0.162 0.006 0.044 0.006 0.159 0.007 0.365 0.006 0.206 0.006
2453235.37116 -0.285 0.006 -0.129 0.006 0.041 0.006 0.156 0.007 0.326 0.006 0.170 0.006
2453235.37153 -0.374 0.006 -0.164 0.006 0.028 0.006 0.210 0.007 0.402 0.006 0.192 0.006
2453235.37190 -0.306 0.006 -0.151 0.006 0.041 0.006 0.155 0.007 0.347 0.006 0.192 0.006
2453235.37228 -0.290 0.006 -0.133 0.006 0.037 0.006 0.157 0.007 0.327 0.006 0.170 0.006


2453235.37302 -0.307 0.006 -0.135 0.006 0.044 0.006 0.172 0.007 0.351 0.006 0.179 0.006
2453235.37339 -0.300 0.006 -0.144 0.006 0.043 0.006 0.156 0.007 0.343 0.006 0.187 0.006


2453235.37414 99.999 9.999 -0.135 0.006 0.038 0.006 99.999 9.999 99.999 9.999 0.173 0.006
2453235.37451 -0.370 0.006 -0.146 0.006 0.029 0.006 0.224 0.006 0.399 0.006 0.175 0.006
2453235.37488 -0.291 0.006 -0.128 0.006 0.055 0.006 0.163 0.007 0.346 0.006 0.183 0.006
2453235.37527 99.999 9.999 -0.129 0.006 0.045 0.006 99.999 9.999 99.999 9.999 0.174 0.006


2453235.37601 -0.303 0.006 -0.149 0.006 99.999 9.999 0.154 0.007 99.999 9.999 99.999 9.999
2453235.37638 -0.334 0.006 -0.157 0.006 0.028 0.006 0.177 0.007 0.362 0.006 0.185 0.006


2453235.37713 -0.381 0.006 -0.148 0.006 99.999 9.999 0.233 0.007 99.999 9.999 99.999 9.999
2453235.37750 -0.298 0.006 -0.142 0.006 0.024 0.006 0.156 0.007 0.322 0.006 0.166 0.006


2453235.37825 -0.360 0.006 99.999 9.999 0.026 0.006 99.999 9.999 0.386 0.006 99.999 9.999


2453235.37899 -0.297 0.006 -0.122 0.006 0.067 0.006 0.175 0.007 0.364 0.006 0.189 0.006
2453235.37936 -0.278 0.006 -0.129 0.006 0.049 0.006 0.149 0.007 0.327 0.006 0.178 0.006


2453235.38012 -0.310 0.006 -0.141 0.006 0.046 0.006 0.169 0.007 0.356 0.006 0.187 0.006
2453235.38049 -0.297 0.006 -0.136 0.006 99.999 9.999 0.161 0.007 99.999 9.999 99.999 9.999


2453235.38124 -0.350 0.006 -0.140 0.006 99.999 9.999 0.210 0.007 99.999 9.999 99.999 9.999
2453235.38161 -0.371 0.006 -0.144 0.006 0.030 0.006 0.227 0.007 0.401 0.006 0.174 0.006
2453235.38198 -0.328 0.006 -0.161 0.006 99.999 9.999 0.167 0.007 99.999 9.999 99.999 9.999
2453235.38235 99.999 9.999 -0.093 0.006 0.063 0.006 99.999 9.999 99.999 9.999 0.156 0.006




2453235.38347 -0.388 0.006 -0.157 0.006 99.999 9.999 0.231 0.007 99.999 9.999 99.999 9.999


2453235.38422 99.999 9.999 -0.146 0.006 0.043 0.006 99.999 9.999 99.999 9.999 0.189 0.006
2453235.38459 -0.374 0.006 -0.153 0.006 0.032 0.006 0.221 0.007 0.406 0.006 0.185 0.006
2453235.38497 -0.351 0.006 -0.149 0.006 0.033 0.006 0.202 0.006 0.384 0.006 0.182 0.006
2453235.38534 -0.326 0.006 -0.126 0.006 0.052 0.006 0.200 0.007 0.378 0.006 0.178 0.006
2453235.38572 -0.354 0.006 -0.181 0.006 -0.005 0.006 0.173 0.007 0.349 0.006 0.176 0.006
2453235.38609 -0.349 0.006 -0.153 0.006 99.999 9.999 0.196 0.007 99.999 9.999 99.999 9.999
2453235.38646 -0.368 0.006 99.999 9.999 0.036 0.006 99.999 9.999 0.404 0.006 99.999 9.999
2453235.38683 -0.335 0.006 -0.148 0.006 0.024 0.006 0.187 0.006 0.359 0.006 0.172 0.006


2453235.38758 -0.398 0.006 -0.156 0.006 99.999 9.999 0.242 0.006 99.999 9.999 99.999 9.999
2453235.38795 -0.325 0.006 -0.150 0.006 0.025 0.006 0.175 0.007 0.350 0.006 0.175 0.006


2453235.38870 -0.377 0.006 -0.151 0.006 0.029 0.006 0.226 0.006 0.406 0.006 0.180 0.006
2453235.38907 -0.322 0.006 -0.147 0.006 0.028 0.006 0.175 0.007 0.350 0.006 0.175 0.006
2453235.38944 -0.344 0.006 -0.129 0.006 0.052 0.006 0.215 0.006 0.396 0.006 0.181 0.006
2453235.38981 99.999 9.999 -0.119 0.006 0.042 0.006 99.999 9.999 99.999 9.999 0.161 0.006
2453235.39020 -0.302 0.006 -0.147 0.006 0.034 0.006 0.155 0.007 0.336 0.006 0.181 0.006
2453235.39057 -0.375 0.006 -0.169 0.006 99.999 9.999 0.206 0.007 99.999 9.999 99.999 9.999
2453235.39094 -0.324 0.006 -0.141 0.006 0.022 0.006 0.183 0.007 0.346 0.006 0.163 0.006
2453235.39131 -0.335 0.006 -0.137 0.006 0.032 0.006 0.198 0.006 0.367 0.006 0.169 0.006


2453235.39206 -0.307 0.006 -0.142 0.006 99.999 9.999 0.165 0.007 99.999 9.999 99.999 9.999
2453235.39243 -0.374 0.006 -0.144 0.006 0.034 0.006 0.230 0.006 0.408 0.006 0.178 0.006
2453235.39280 -0.355 0.006 -0.148 0.006 0.022 0.006 0.207 0.007 0.377 0.006 0.170 0.006
2453235.39318 -0.388 0.006 99.999 9.999 0.009 0.006 99.999 9.999 0.397 0.006 99.999 9.999
2453235.39355 -0.403 0.006 -0.149 0.006 0.017 0.006 0.254 0.006 0.420 0.006 0.166 0.006
2453235.39392 -0.309 0.006 -0.146 0.006 0.023 0.006 0.163 0.007 0.332 0.006 0.169 0.006
2453235.39429 -0.322 0.006 -0.142 0.006 0.032 0.006 0.180 0.007 0.354 0.006 0.174 0.006
2453235.39468 -0.356 0.006 -0.157 0.006 0.012 0.006 0.199 0.007 0.368 0.006 0.169 0.006
2453235.39505 -0.318 0.006 -0.156 0.006 0.028 0.006 0.162 0.007 0.346 0.006 0.184 0.006
2453235.39542 -0.291 0.006 -0.149 0.006 0.007 0.006 0.142 0.007 0.298 0.006 0.156 0.006
2453235.39579 99.999 9.999 -0.158 0.006 0.018 0.006 99.999 9.999 99.999 9.999 0.176 0.006


2453235.39654 -0.386 0.006 -0.152 0.006 0.020 0.006 0.234 0.007 0.406 0.006 0.172 0.006
2453235.39691 99.999 9.999 -0.130 0.006 0.035 0.006 99.999 9.999 99.999 9.999 0.165 0.006
2453235.39729 -0.316 0.006 -0.124 0.006 0.064 0.006 0.192 0.007 0.380 0.006 0.188 0.006
2453235.39766 99.999 9.999 -0.128 0.006 0.052 0.006 99.999 9.999 99.999 9.999 0.180 0.006
2453235.39803 -0.292 0.006 -0.140 0.006 99.999 9.999 0.152 0.007 99.999 9.999 99.999 9.999
2453235.39840 -0.306 0.006 -0.135 0.006 0.047 0.006 0.171 0.007 0.353 0.006 0.182 0.006
2453235.39878 99.999 9.999 -0.133 0.006 0.033 0.006 99.999 9.999 99.999 9.999 0.166 0.006


2453235.39953 -0.314 0.006 -0.145 0.006 0.030 0.006 0.169 0.007 0.344 0.006 0.175 0.006
2453235.39990 -0.388 0.006 -0.159 0.006 0.021 0.006 0.229 0.007 0.409 0.006 0.180 0.006
2453235.40028 -0.383 0.006 -0.147 0.006 0.012 0.006 0.236 0.007 0.395 0.006 0.159 0.006
2453235.40065 -0.301 0.006 -0.141 0.006 0.044 0.006 0.160 0.007 0.345 0.006 0.185 0.006
2453235.40102 -0.281 0.006 -0.128 0.006 99.999 9.999 0.153 0.007 99.999 9.999 99.999 9.999
2453235.40139 -0.315 0.006 -0.154 0.006 0.030 0.006 0.161 0.007 0.345 0.006 0.184 0.006
2453235.40177 99.999 9.999 -0.135 0.006 0.040 0.006 99.999 9.999 99.999 9.999 0.175 0.006
2453235.40214 -0.422 0.006 -0.159 0.006 0.006 0.006 0.263 0.007 0.428 0.006 0.165 0.006
2453235.40251 -0.320 0.006 -0.148 0.006 0.043 0.006 0.172 0.007 0.363 0.006 0.191 0.006
2453235.40288 -0.381 0.006 -0.167 0.006 0.017 0.006 0.214 0.007 0.398 0.006 0.184 0.006


2453235.40363 -0.327 0.006 -0.140 0.006 0.029 0.006 0.187 0.007 0.356 0.006 0.169 0.006
2453235.40400 -0.373 0.006 -0.150 0.006 0.016 0.006 0.223 0.007 0.389 0.006 0.166 0.006
2453235.40438 -0.323 0.006 -0.152 0.006 0.005 0.006 0.171 0.007 0.328 0.006 0.157 0.006
2453235.40476 -0.369 0.006 -0.128 0.006 0.038 0.006 0.241 0.006 0.407 0.006 0.166 0.006
2453235.40513 -0.346 0.006 -0.165 0.006 0.024 0.006 0.181 0.007 0.370 0.006 0.189 0.006
2453235.40550 -0.348 0.006 -0.121 0.006 0.047 0.006 0.227 0.007 0.395 0.006 0.168 0.006
2453235.40587 99.999 9.999 -0.128 0.006 0.025 0.006 99.999 9.999 99.999 9.999 0.153 0.006
2453235.40625 -0.351 0.006 -0.159 0.006 0.021 0.006 0.192 0.007 0.372 0.006 0.180 0.006
2453235.40662 -0.355 0.006 -0.150 0.006 0.022 0.006 0.205 0.007 0.377 0.006 0.172 0.006
2453235.40699 -0.314 0.006 -0.157 0.006 0.025 0.006 0.157 0.007 0.339 0.006 0.182 0.006
2453235.40736 -0.388 0.006 99.999 9.999 0.018 0.006 99.999 9.999 0.406 0.006 99.999 9.999


2453235.40811 -0.367 0.006 -0.164 0.006 0.015 0.006 0.203 0.007 0.382 0.006 0.179 0.006
2453235.40848 -0.426 0.006 -0.171 0.006 0.014 0.006 0.255 0.006 0.440 0.006 0.185 0.006
2453235.40885 -0.369 0.006 -0.174 0.006 99.999 9.999 0.195 0.007 99.999 9.999 99.999 9.999
2453235.40924 -0.393 0.006 99.999 9.999 0.006 0.006 99.999 9.999 0.399 0.006 99.999 9.999
2453235.40961 -0.311 0.006 -0.153 0.006 0.038 0.006 0.158 0.007 0.349 0.006 0.191 0.006
2453235.40998 99.999 9.999 -0.137 0.006 0.048 0.006 99.999 9.999 99.999 9.999 0.185 0.006
2453235.41035 -0.301 0.006 -0.157 0.006 99.999 9.999 0.144 0.007 99.999 9.999 99.999 9.999


2453235.41110 -0.294 0.006 -0.151 0.006 0.021 0.006 0.143 0.007 0.315 0.006 0.172 0.006
2453235.41147 -0.329 0.006 -0.149 0.006 0.018 0.006 0.180 0.007 0.347 0.006 0.167 0.006
2453235.41184 -0.296 0.006 -0.149 0.006 0.037 0.006 0.147 0.007 0.333 0.006 0.186 0.006
2453235.41222 -0.369 0.006 -0.152 0.006 99.999 9.999 0.217 0.007 99.999 9.999 99.999 9.999
2453235.41259 -0.400 0.006 -0.154 0.006 0.025 0.006 0.246 0.007 0.425 0.006 0.179 0.006
2453235.41296 99.999 9.999 -0.134 0.006 0.050 0.006 99.999 9.999 99.999 9.999 0.184 0.006
2453235.41333 -0.327 0.006 -0.147 0.006 99.999 9.999 0.180 0.007 99.999 9.999 99.999 9.999


2453235.41409 99.999 9.999 -0.145 0.006 0.034 0.006 99.999 9.999 99.999 9.999 0.179 0.006
2453235.41446 -0.328 0.006 -0.131 0.006 99.999 9.999 0.197 0.007 99.999 9.999 99.999 9.999
2453235.41483 -0.340 0.006 -0.165 0.006 99.999 9.999 0.175 0.007 99.999 9.999 99.999 9.999
2453235.41521 -0.316 0.006 -0.142 0.006 0.027 0.006 0.174 0.007 0.343 0.006 0.169 0.006
2453235.41558 -0.297 0.006 -0.131 0.006 99.999 9.999 0.166 0.007 99.999 9.999 99.999 9.999
2453235.41595 99.999 9.999 -0.141 0.006 0.062 0.006 99.999 9.999 99.999 9.999 0.203 0.006
2453235.41632 99.999 9.999 -0.137 0.006 0.015 0.006 99.999 9.999 99.999 9.999 0.152 0.006
2453235.41670 -0.302 0.006 -0.130 0.006 0.030 0.006 0.172 0.007 0.332 0.006 0.160 0.006
2453235.41707 -0.389 0.006 -0.150 0.006 0.032 0.006 0.239 0.007 0.421 0.006 0.182 0.006
2453235.41744 99.999 9.999 -0.144 0.006 0.035 0.006 99.999 9.999 99.999 9.999 0.179 0.006
2453235.41781 -0.292 0.006 -0.136 0.006 0.053 0.006 0.156 0.007 0.345 0.006 0.189 0.006
2453235.41819 99.999 9.999 -0.119 0.006 0.043 0.006 99.999 9.999 99.999 9.999 0.162 0.006
2453235.41856 -0.320 0.006 -0.155 0.006 99.999 9.999 0.165 0.007 99.999 9.999 99.999 9.999
2453235.41894 -0.382 0.006 -0.154 0.006 99.999 9.999 0.228 0.007 99.999 9.999 99.999 9.999
2453235.41931 -0.395 0.006 99.999 9.999 0.013 0.006 99.999 9.999 0.408 0.006 99.999 9.999
2453235.41969 -0.359 0.006 -0.150 0.006 0.037 0.006 0.209 0.007 0.396 0.006 0.187 0.006
2453235.42006 -0.379 0.007 -0.128 0.006 0.057 0.006 0.251 0.008 0.436 0.007 0.185 0.006
2453235.42043 -0.367 0.006 99.999 9.999 0.025 0.006 99.999 9.999 0.392 0.006 99.999 9.999
2453235.42080 -0.307 0.006 -0.117 0.006 0.059 0.006 0.190 0.007 0.366 0.006 0.176 0.006
2453235.42118 -0.293 0.007 -0.147 0.007 0.029 0.007 0.146 0.007 0.322 0.007 0.176 0.007




2453235.42230 99.999 9.999 -0.117 0.007 0.046 0.006 99.999 9.999 99.999 9.999 0.163 0.006
2453235.42267 -0.424 0.008 -0.171 0.007 0.033 0.006 0.253 0.008 0.457 0.007 0.204 0.006
2453235.42304 -0.306 0.008 -0.114 0.007 0.053 0.007 0.192 0.008 0.359 0.008 0.167 0.007
2453235.42341 -0.337 0.008 -0.163 0.007 -0.002 0.007 0.174 0.008 0.335 0.008 0.161 0.007




2453235.42454 99.999 9.999 -0.117 0.009 0.022 0.008 99.999 9.999 99.999 9.999 0.139 0.009
2453235.42491 -0.362 0.009 99.999 9.999 0.033 0.007 99.999 9.999 0.395 0.009 99.999 9.999


2453235.42566 -0.399 0.009 99.999 9.999 0.013 0.007 99.999 9.999 0.412 0.009 99.999 9.999


2453235.42640 -0.329 0.010 -0.105 0.009 0.067 0.008 0.224 0.011 0.396 0.010 0.172 0.009
2453235.42715 -0.362 0.008 -0.136 0.008 -0.142 0.008 0.226 0.008 0.220 0.008 -0.006 0.008
2453235.42789 -0.346 0.008 -0.105 0.007 0.074 0.006 0.241 0.008 0.420 0.007 0.179 0.006
2453235.42828 -0.313 0.008 -0.130 0.007 0.058 0.007 0.183 0.008 0.371 0.008 0.188 0.007
2453235.42865 -0.383 0.008 -0.133 0.007 0.045 0.007 0.250 0.008 0.428 0.008 0.178 0.007
2453235.42902 -0.384 0.008 99.999 9.999 0.049 0.007 99.999 9.999 0.433 0.008 99.999 9.999
2453235.42939 -0.271 0.008 -0.109 0.007 0.088 0.007 0.162 0.008 0.359 0.008 0.197 0.007
2453235.42977 99.999 9.999 -0.083 0.007 0.090 0.007 99.999 9.999 99.999 9.999 0.173 0.007


2453235.43051 -0.317 0.008 -0.111 0.007 0.056 0.007 0.206 0.008 0.373 0.008 0.167 0.007
2453235.43088 -0.482 0.077 -0.093 0.062 0.226 0.055 0.389 0.080 0.708 0.074 0.319 0.058


2453235.43163 -0.627 0.159 -0.216 0.122 0.204 0.101 0.411 0.168 0.831 0.153 0.420 0.115
2453235.43200 -0.228 0.025 -0.065 0.023 -0.022 0.023 0.163 0.025 0.206 0.025 0.043 0.024


2453235.43275 -0.332 0.009 -0.080 0.008 0.068 0.008 0.252 0.009 0.400 0.009 0.148 0.008


2453235.43350 -0.313 0.008 -0.133 0.007 0.062 0.007 0.180 0.008 0.375 0.008 0.195 0.007
2453235.43387 99.999 9.999 -0.101 0.007 0.075 0.007 99.999 9.999 99.999 9.999 0.176 0.007
2453235.43425 -0.370 0.008 -0.124 0.007 0.041 0.007 0.246 0.008 0.411 0.008 0.165 0.007
2453235.43462 -0.334 0.008 -0.112 0.007 0.065 0.007 0.222 0.008 0.399 0.008 0.177 0.007
2453235.43499 99.999 9.999 -0.102 0.007 0.064 0.007 99.999 9.999 99.999 9.999 0.166 0.007
2453235.43536 -0.296 0.008 -0.115 0.007 0.062 0.007 0.181 0.008 0.358 0.008 0.177 0.007
2453235.43574 -0.278 0.008 -0.086 0.007 0.072 0.007 0.192 0.008 0.350 0.008 0.158 0.007
2453235.43611 -0.331 0.008 99.999 9.999 0.041 0.007 99.999 9.999 0.372 0.008 99.999 9.999
2453235.43648 -0.294 0.008 -0.112 0.007 0.056 0.007 0.182 0.008 0.350 0.008 0.168 0.007
2453235.43686 -0.299 0.008 -0.107 0.007 0.077 0.007 0.192 0.008 0.376 0.008 0.184 0.007
2453235.43723 -0.351 0.008 -0.123 0.007 0.033 0.007 0.228 0.008 0.384 0.008 0.156 0.007
2453235.43760 -0.355 0.020 -0.124 0.018 99.999 9.999 0.231 0.021 99.999 9.999 99.999 9.999
2453235.43797 99.999 9.999 -0.093 0.015 0.043 0.014 99.999 9.999 99.999 9.999 0.136 0.015
2453235.43836 -0.345 0.008 -0.111 0.007 0.068 0.007 0.234 0.008 0.413 0.008 0.179 0.007
2453235.43873 -0.299 0.008 -0.097 0.007 0.082 0.007 0.202 0.008 0.381 0.008 0.179 0.007
2453235.43910 -0.351 0.008 99.999 9.999 0.041 0.007 99.999 9.999 0.392 0.008 99.999 9.999
2453235.43947 -0.314 0.008 -0.130 0.007 0.044 0.007 0.184 0.008 0.358 0.008 0.174 0.007
2453235.43985 -0.299 0.008 -0.122 0.007 0.046 0.007 0.177 0.008 0.345 0.008 0.168 0.007
2453235.44022 -0.296 0.008 -0.126 0.007 0.064 0.007 0.170 0.008 0.360 0.008 0.190 0.007


2453235.44096 -0.328 0.008 -0.109 0.007 0.077 0.007 0.219 0.008 0.405 0.008 0.186 0.007
2453235.44134 99.999 9.999 -0.066 0.020 0.267 0.018 99.999 9.999 99.999 9.999 0.333 0.018
2453235.44171 -0.265 0.022 -0.183 0.021 -0.233 0.022 0.082 0.023 0.032 0.024 -0.050 0.023
2453235.44208 -0.332 0.008 -0.096 0.007 0.082 0.007 0.236 0.008 0.414 0.008 0.178 0.007
2453235.44245 -0.262 0.008 -0.082 0.007 0.087 0.007 0.180 0.008 0.349 0.008 0.169 0.007
2453235.44284 -0.322 0.013 -0.127 0.012 -0.014 0.011 0.195 0.013 0.308 0.013 0.113 0.012
2453235.44321 -0.339 0.024 99.999 9.999 -0.068 0.021 99.999 9.999 0.271 0.024 99.999 9.999


2453235.44395 -0.309 0.009 -0.147 0.009 99.999 9.999 0.162 0.010 99.999 9.999 99.999 9.999
2453235.44433 -0.374 0.012 -0.098 0.011 0.116 0.010 0.276 0.013 0.490 0.012 0.214 0.011


2453235.44507 99.999 9.999 -0.037 0.024 0.096 0.023 99.999 9.999 99.999 9.999 0.133 0.023
2453235.44544 -0.405 0.010 -0.052 0.008 0.082 0.008 0.353 0.010 0.487 0.010 0.134 0.008
2453235.44582 -0.296 0.008 -0.090 0.008 0.103 0.007 0.206 0.008 0.399 0.008 0.193 0.008
2453235.44619 -0.303 0.008 -0.095 0.007 0.083 0.007 0.208 0.008 0.386 0.008 0.178 0.007
2453235.44693 -0.336 0.021 -0.154 0.019 -0.168 0.020 0.182 0.022 0.168 0.023 -0.014 0.021
2453235.44806 -0.043 0.175 -0.525 0.228 0.322 0.151 -0.482 0.232 0.365 0.156 0.847 0.214
2453235.44843 0.146 0.194 -0.081 0.210 -0.048 0.212 -0.227 0.199 -0.194 0.201 0.033 0.216
2453235.44881 -0.209 0.011 -0.309 0.013 -0.452 0.014 -0.100 0.014 -0.243 0.014 -0.143 0.016


2453235.45067 -0.088 0.016 -0.167 0.016 -0.191 0.016 -0.079 0.017 -0.103 0.017 -0.024 0.017
2453235.45253 -0.223 0.033 -0.169 0.031 -0.369 0.036 0.054 0.034 -0.146 0.038 -0.200 0.037
2453235.45291 -0.220 0.009 -0.220 0.009 -0.129 0.009 0.000 0.010 0.091 0.010 0.091 0.010
2453235.45329 -0.296 0.040 -0.143 0.036 -0.011 0.034 0.153 0.042 0.285 0.040 0.132 0.036
2453235.45366 -0.598 0.083 0.126 0.058 0.413 0.052 0.724 0.081 1.011 0.077 0.287 0.049
2453235.45403 -0.312 0.009 -0.116 0.008 0.065 0.007 0.196 0.009 0.377 0.009 0.181 0.008
2453235.45440 -0.347 0.009 -0.158 0.008 0.037 0.008 0.189 0.009 0.384 0.009 0.195 0.008


2453235.45851 -0.412 0.095 -0.006 0.074 0.317 0.066 0.406 0.095 0.729 0.089 0.323 0.066
2453235.45888 -0.476 0.026 0.015 0.020 0.334 0.018 0.491 0.026 0.810 0.025 0.319 0.018
2453235.45926 -0.503 0.014 -0.045 0.011 0.145 0.011 0.458 0.014 0.648 0.014 0.190 0.011


2453235.46000 -0.229 0.046 -0.121 0.042 -0.180 0.044 0.108 0.048 0.049 0.050 -0.059 0.046
2453235.46075 -0.204 0.035 -0.078 0.032 0.184 0.029 0.126 0.035 0.388 0.033 0.262 0.030
2453235.46112 -0.140 0.021 -0.138 0.021 0.139 0.019 0.002 0.022 0.279 0.021 0.277 0.020
2453235.46336 -0.390 0.011 -0.101 0.010 0.067 0.010 0.289 0.011 0.457 0.011 0.168 0.010
2453235.46374 -0.338 0.038 -0.071 0.034 0.199 0.030 0.267 0.039 0.537 0.036 0.270 0.031
2453235.46597 -0.190 0.017 -0.124 0.017 -0.106 0.017 0.066 0.018 0.084 0.018 0.018 0.018
2453235.46635 -0.330 0.019 -0.109 0.018 0.025 0.017 0.221 0.020 0.355 0.019 0.134 0.018
2453235.46672 -0.295 0.011 -0.097 0.011 0.082 0.010 0.198 0.012 0.377 0.011 0.179 0.011
2453235.46823 99.999 9.999 -0.618 0.479 99.999 9.999 99.999 9.999 99.999 9.999 99.999 9.999
2453235.47009 -0.513 0.053 -0.032 0.040 0.199 0.037 0.481 0.054 0.712 0.051 0.231 0.038
2453235.47308 99.999 9.999 99.999 9.999 0.750 0.485 99.999 9.999 99.999 9.999 99.999 9.999
2453235.47346 -0.321 0.021 -0.071 0.019 0.081 0.018 0.250 0.021 0.402 0.020 0.152 0.018
2453235.47383 -0.243 0.014 -0.164 0.013 -0.100 0.013 0.079 0.015 0.143 0.015 0.064 0.014
2453235.47420 -0.626 0.023 -0.004 0.017 0.225 0.016 0.622 0.023 0.851 0.023 0.229 0.016
2453235.47457 -0.292 0.011 -0.156 0.010 -0.014 0.010 0.136 0.011 0.278 0.011 0.142 0.010


2453235.47532 -0.372 0.015 -0.066 0.013 0.055 0.013 0.306 0.015 0.427 0.015 0.121 0.013
2453235.47569 -0.320 0.018 -0.092 0.016 99.999 9.999 0.228 0.018 99.999 9.999 99.999 9.999


2453235.48316 -0.393 0.011 -0.076 0.010 0.109 0.010 0.317 0.011 0.502 0.011 0.185 0.010
2453235.48354 0.414 0.164 -0.104 0.201 0.395 0.165 -0.518 0.177 -0.019 0.134 0.499 0.178
2453235.48690 -0.314 0.023 -0.172 0.021 0.054 0.019 0.142 0.024 0.368 0.022 0.226 0.021
2453235.48727 -0.062 0.011 -0.289 0.011 -0.276 0.011 -0.227 0.012 -0.214 0.012 0.013 0.013


2453235.48802 -0.149 0.020 -0.172 0.020 0.033 0.018 -0.023 0.021 0.182 0.019 0.205 0.019
2453235.49324 -0.246 0.051 -0.099 0.048 -0.098 0.049 0.147 0.052 0.148 0.053 0.001 0.050
2453235.49361 -0.247 0.017 -0.058 0.016 0.130 0.015 0.189 0.017 0.377 0.016 0.188 0.015
2453235.49436 0.327 0.124 -0.093 0.141 -0.108 0.146 -0.420 0.129 -0.435 0.135 -0.015 0.151
2453235.49473 -0.242 0.014 -0.106 0.013 0.008 0.013 0.136 0.015 0.250 0.014 0.114 0.013
2453235.49586 -0.473 0.024 0.072 0.019 0.260 0.018 0.545 0.023 0.733 0.022 0.188 0.017
2453235.49623 -0.141 0.236 99.999 9.999 99.999 9.999 99.999 9.999 99.999 9.999 99.999 9.999
2453235.49698 -0.288 0.009 -0.035 0.008 0.115 0.008 0.253 0.009 0.403 0.009 0.150 0.008
2453235.49735 -0.292 0.009 -0.071 0.008 0.128 0.008 0.221 0.009 0.420 0.009 0.199 0.008
2453235.49772 -0.238 0.012 -0.038 0.011 0.158 0.011 0.200 0.012 0.396 0.011 0.196 0.011
2453235.49809 -0.290 0.009 -0.017 0.008 0.123 0.007 0.273 0.009 0.413 0.009 0.140 0.008
2453235.49847 -0.285 0.009 -0.072 0.008 0.092 0.007 0.213 0.009 0.377 0.009 0.164 0.008
2453235.49884 -0.298 0.009 -0.050 0.008 0.104 0.008 0.248 0.009 0.402 0.009 0.154 0.008
2453235.49921 -0.296 0.008 -0.042 0.008 0.116 0.007 0.254 0.008 0.412 0.008 0.158 0.008
2453235.49958 -0.277 0.009 -0.050 0.008 0.128 0.007 0.227 0.009 0.405 0.009 0.178 0.008
2453235.49997 -0.266 0.008 -0.064 0.008 0.125 0.007 0.202 0.008 0.391 0.008 0.189 0.008
2453235.50034 -0.268 0.008 -0.049 0.007 0.098 0.007 0.219 0.008 0.366 0.008 0.147 0.007
2453235.50071 -0.268 0.008 -0.062 0.007 0.118 0.007 0.206 0.008 0.386 0.008 0.180 0.007
2453235.50108 -0.286 0.008 -0.058 0.008 0.126 0.007 0.228 0.008 0.412 0.008 0.184 0.008
2453235.50146 -0.289 0.009 -0.068 0.008 0.123 0.008 0.221 0.009 0.412 0.009 0.191 0.008
2453235.50183 -0.279 0.008 -0.043 0.008 0.106 0.008 0.236 0.008 0.385 0.008 0.149 0.008
2453235.50220 -0.310 0.008 -0.080 0.008 0.115 0.007 0.230 0.008 0.425 0.008 0.195 0.008
2453235.50257 -0.272 0.008 -0.051 0.008 0.129 0.007 0.221 0.008 0.401 0.008 0.180 0.008
2453235.50295 -0.285 0.014 -0.097 0.013 0.092 0.013 0.188 0.015 0.377 0.014 0.189 0.013
2453235.50332 -0.333 0.015 -0.101 0.013 0.076 0.013 0.232 0.016 0.409 0.015 0.177 0.013
2453235.50369 -0.307 0.009 -0.078 0.008 0.084 0.008 0.229 0.009 0.391 0.009 0.162 0.008
2453235.50406 -0.307 0.009 -0.055 0.008 0.111 0.008 0.252 0.009 0.418 0.009 0.166 0.008
2453235.50444 -0.259 0.009 -0.077 0.008 0.083 0.008 0.182 0.009 0.342 0.009 0.160 0.008
2453235.50481 -0.280 0.009 -0.055 0.008 0.127 0.008 0.225 0.009 0.407 0.009 0.182 0.008
2453235.50519 -0.320 0.009 -0.056 0.008 0.142 0.008 0.264 0.009 0.462 0.009 0.198 0.008
2453235.50556 -0.315 0.010 -0.041 0.008 0.106 0.008 0.274 0.010 0.421 0.010 0.147 0.008
2453235.50594 -0.321 0.011 -0.062 0.010 0.102 0.009 0.259 0.011 0.423 0.010 0.164 0.009
2453235.50631 -0.245 0.011 -0.077 0.010 0.145 0.009 0.168 0.011 0.390 0.010 0.222 0.009
2453235.50668 -0.266 0.009 -0.037 0.008 0.143 0.008 0.229 0.009 0.409 0.009 0.180 0.008
2453235.50705 -0.249 0.014 -0.071 0.013 0.114 0.013 0.178 0.014 0.363 0.014 0.185 0.013




2453235.50817 -0.257 0.010 -0.039 0.009 0.107 0.008 0.218 0.011 0.364 0.010 0.146 0.009
2453235.50854 -0.084 0.019 -0.192 0.020 0.079 0.018 -0.108 0.021 0.163 0.019 0.271 0.020
2453235.50892 -0.418 0.063 -0.057 0.050 0.078 0.048 0.361 0.063 0.496 0.062 0.135 0.049
2453235.50929 -0.283 0.043 -0.019 0.037 0.207 0.035 0.264 0.043 0.490 0.041 0.226 0.035
2453235.50966 -0.059 0.082 -0.137 0.084 -0.088 0.083 -0.078 0.088 -0.029 0.087 0.049 0.088
2453235.51003 -0.273 0.057 -0.011 0.050 0.116 0.047 0.262 0.058 0.389 0.055 0.127 0.048


2453235.51079 -0.310 0.016 -0.027 0.014 0.073 0.014 0.283 0.016 0.383 0.016 0.100 0.014
2453235.51116 -0.224 0.012 -0.069 0.011 0.085 0.011 0.155 0.012 0.309 0.011 0.154 0.011
2453235.51153 -0.366 0.014 -0.036 0.012 0.205 0.011 0.330 0.014 0.571 0.013 0.241 0.011
2453235.51191 -0.270 0.024 -0.076 0.022 -0.001 0.022 0.194 0.025 0.269 0.025 0.075 0.023
2453235.51228 -0.279 0.011 -0.024 0.010 0.166 0.009 0.255 0.011 0.445 0.010 0.190 0.009
2453235.51265 -0.297 0.014 -0.081 0.013 0.106 0.013 0.216 0.015 0.403 0.014 0.187 0.013
2453235.51302 -0.301 0.016 -0.094 0.015 0.075 0.014 0.207 0.017 0.376 0.016 0.169 0.015




2453235.51490 -0.453 0.045 0.007 0.035 -0.070 0.038 0.460 0.045 0.383 0.046 -0.077 0.038
2453235.51527 -0.325 0.012 -0.028 0.011 0.141 0.011 0.297 0.012 0.466 0.011 0.169 0.011
2453235.51564 -0.276 0.161 0.160 0.128 0.479 0.116 0.436 0.154 0.755 0.144 0.319 0.107
2453235.51601 -0.168 0.054 -0.177 0.055 0.036 0.050 -0.009 0.058 0.204 0.052 0.213 0.054
2453235.51713 -0.288 0.077 0.058 0.065 0.104 0.064 0.346 0.074 0.392 0.073 0.046 0.061
2453235.51750 -0.342 0.016 -0.045 0.014 0.130 0.013 0.297 0.016 0.472 0.016 0.175 0.013
2453235.51825 -0.293 0.169 -0.119 0.152 0.115 0.137 0.174 0.176 0.408 0.163 0.234 0.146
2453235.51862 -0.503 0.080 0.054 0.059 0.123 0.058 0.557 0.078 0.626 0.078 0.069 0.056


2453235.51975 -0.656 0.180 -0.020 0.129 0.162 0.118 0.636 0.183 0.818 0.175 0.182 0.122


2453235.52049 -0.051 0.067 -0.073 0.064 -0.244 0.072 -0.022 0.068 -0.193 0.075 -0.171 0.072
2453235.52087 -0.201 0.014 -0.077 0.013 0.126 0.013 0.124 0.015 0.327 0.014 0.203 0.013
2453235.52124 -0.407 0.013 -0.027 0.011 0.151 0.011 0.380 0.013 0.558 0.012 0.178 0.011
2453235.52161 -0.253 0.013 -0.087 0.012 0.058 0.011 0.166 0.013 0.311 0.013 0.145 0.012
2453235.52198 -0.293 0.011 -0.065 0.011 0.145 0.010 0.228 0.012 0.438 0.011 0.210 0.011
2453235.52236 -0.275 0.011 -0.016 0.010 0.181 0.009 0.259 0.011 0.456 0.010 0.197 0.009
2453235.52273 -0.281 0.014 -0.093 0.013 0.113 0.012 0.188 0.014 0.394 0.014 0.206 0.012
2453235.52310 -0.275 0.011 -0.066 0.011 0.098 0.010 0.209 0.012 0.373 0.011 0.164 0.011
2453235.52347 -0.256 0.011 -0.030 0.010 0.114 0.009 0.226 0.011 0.370 0.010 0.144 0.009
2453235.52385 -0.275 0.010 -0.036 0.009 0.084 0.008 0.239 0.011 0.359 0.010 0.120 0.009
2453235.52422 -0.352 0.009 -0.080 0.008 0.021 0.008 0.272 0.009 0.373 0.009 0.101 0.008
2453235.52459 -0.285 0.009 -0.093 0.008 0.095 0.008 0.192 0.009 0.380 0.009 0.188 0.008
2453235.52497 -0.297 0.009 -0.062 0.008 0.092 0.008 0.235 0.009 0.389 0.009 0.154 0.008
2453235.52535 -0.315 0.009 -0.080 0.008 0.098 0.007 0.235 0.009 0.413 0.009 0.178 0.008
2453235.52572 -0.282 0.008 -0.074 0.008 0.071 0.007 0.208 0.008 0.353 0.008 0.145 0.008
2453235.52609 -0.290 0.009 -0.074 0.008 0.079 0.008 0.216 0.009 0.369 0.009 0.153 0.008
2453235.52646 -0.331 0.009 -0.090 0.008 0.080 0.008 0.241 0.009 0.411 0.009 0.170 0.008
2453235.52684 -0.310 0.009 -0.088 0.008 0.081 0.008 0.222 0.009 0.391 0.009 0.169 0.008
2453235.52721 -0.301 0.009 -0.056 0.008 0.110 0.008 0.245 0.009 0.411 0.009 0.166 0.008
2453235.52758 -0.297 0.009 -0.079 0.008 0.085 0.008 0.218 0.009 0.382 0.009 0.164 0.008
2453235.52795 -0.294 0.010 -0.079 0.009 0.107 0.008 0.215 0.011 0.401 0.010 0.186 0.009
2453235.52833 -0.276 0.011 -0.072 0.010 0.105 0.010 0.204 0.011 0.381 0.011 0.177 0.010
2453235.52870 -0.264 0.010 -0.065 0.009 0.122 0.008 0.199 0.011 0.386 0.010 0.187 0.009
2453235.52907 -0.287 0.009 -0.044 0.008 0.091 0.008 0.243 0.009 0.378 0.009 0.135 0.008
2453235.52944 -0.305 0.009 -0.096 0.008 0.090 0.008 0.209 0.009 0.395 0.009 0.186 0.008
2453235.52983 -0.300 0.009 -0.068 0.008 0.107 0.008 0.232 0.009 0.407 0.009 0.175 0.008
2453235.53020 -0.305 0.009 -0.086 0.008 0.082 0.008 0.219 0.009 0.387 0.009 0.168 0.008
2453235.53057 -0.281 0.008 -0.062 0.008 0.094 0.007 0.219 0.008 0.375 0.008 0.156 0.008
2453235.53094 -0.290 0.008 -0.061 0.008 0.097 0.007 0.229 0.008 0.387 0.008 0.158 0.008
2453235.53132 -0.311 0.008 -0.099 0.008 0.079 0.007 0.212 0.008 0.390 0.008 0.178 0.008
2453235.53169 -0.285 0.008 -0.084 0.008 0.108 0.007 0.201 0.008 0.393 0.008 0.192 0.008
2453235.53206 -0.279 0.009 -0.080 0.008 0.109 0.007 0.199 0.009 0.388 0.009 0.189 0.008
2453235.53244 -0.323 0.008 -0.077 0.008 0.067 0.007 0.246 0.008 0.390 0.008 0.144 0.008
2453235.53281 -0.285 0.009 -0.102 0.008 0.089 0.007 0.183 0.009 0.374 0.009 0.191 0.008
2453235.53318 -0.312 0.008 -0.040 0.008 0.115 0.007 0.272 0.008 0.427 0.008 0.155 0.008
2453235.53355 -0.336 0.009 -0.112 0.008 0.063 0.007 0.224 0.009 0.399 0.009 0.175 0.008
2453235.53394 -0.320 0.008 -0.105 0.008 0.059 0.007 0.215 0.008 0.379 0.008 0.164 0.008
2453235.53431 -0.284 0.008 -0.061 0.007 0.092 0.007 0.223 0.008 0.376 0.008 0.153 0.007
2453235.53468 -0.289 0.008 -0.070 0.007 0.094 0.007 0.219 0.008 0.383 0.008 0.164 0.007
2453235.53505 -0.294 0.008 -0.067 0.007 0.104 0.007 0.227 0.008 0.398 0.008 0.171 0.007
2453235.53543 -0.299 0.008 -0.064 0.007 0.162 0.007 0.235 0.008 0.461 0.008 0.226 0.007
2453235.53580 -0.289 0.008 -0.096 0.007 0.064 0.007 0.193 0.008 0.353 0.008 0.160 0.007
2453235.53617 -0.305 0.008 -0.097 0.007 0.091 0.007 0.208 0.008 0.396 0.008 0.188 0.007
2453235.53654 -0.296 0.008 -0.093 0.008 0.077 0.007 0.203 0.008 0.373 0.008 0.170 0.008
2453235.53692 -0.317 0.008 -0.078 0.007 0.115 0.007 0.239 0.008 0.432 0.008 0.193 0.007
2453235.53729 -0.287 0.008 -0.086 0.007 0.087 0.007 0.201 0.008 0.374 0.008 0.173 0.007
2453235.53766 -0.309 0.009 -0.081 0.008 0.109 0.007 0.228 0.009 0.418 0.009 0.190 0.008
2453235.53803 -0.306 0.008 -0.085 0.007 0.098 0.007 0.221 0.008 0.404 0.008 0.183 0.007
2453235.53841 -0.300 0.008 -0.104 0.007 0.124 0.007 0.196 0.008 0.424 0.008 0.228 0.007
2453235.53878 -0.319 0.008 -0.095 0.007 0.082 0.007 0.224 0.008 0.401 0.008 0.177 0.007
2453235.53916 -0.347 0.008 -0.129 0.007 0.057 0.007 0.218 0.008 0.404 0.008 0.186 0.007
2453235.53953 -0.304 0.008 -0.073 0.007 99.999 9.999 0.231 0.008 99.999 9.999 99.999 9.999
2453235.53991 -0.251 0.008 -0.063 0.007 0.088 0.007 0.188 0.008 0.339 0.008 0.151 0.007
2453235.54028 -0.351 0.008 -0.097 0.007 0.071 0.007 0.254 0.008 0.422 0.008 0.168 0.007
2453235.54065 -0.322 0.008 -0.083 0.007 0.095 0.007 0.239 0.008 0.417 0.008 0.178 0.007
2453235.54102 -0.327 0.008 -0.118 0.007 99.999 9.999 0.209 0.008 99.999 9.999 99.999 9.999
2453235.54140 -0.300 0.008 -0.092 0.007 0.078 0.007 0.208 0.008 0.378 0.008 0.170 0.007
2453235.54177 -0.282 0.008 -0.075 0.007 0.101 0.007 0.207 0.008 0.383 0.008 0.176 0.007
2453235.54214 -0.325 0.008 -0.072 0.007 0.067 0.007 0.253 0.008 0.392 0.008 0.139 0.007
2453235.54251 -0.339 0.008 -0.109 0.007 0.049 0.007 0.230 0.008 0.388 0.008 0.158 0.007
2453235.54289 -0.312 0.008 -0.095 0.007 0.092 0.007 0.217 0.008 0.404 0.008 0.187 0.007
2453235.54326 -0.279 0.008 -0.060 0.007 0.109 0.007 0.219 0.008 0.388 0.008 0.169 0.007
2453235.54363 -0.291 0.008 -0.088 0.007 0.095 0.007 0.203 0.008 0.386 0.008 0.183 0.007
2453235.54400 -0.316 0.008 -0.075 0.007 0.052 0.007 0.241 0.008 0.368 0.008 0.127 0.007
2453235.54439 -0.302 0.008 -0.051 0.007 0.094 0.007 0.251 0.008 0.396 0.008 0.145 0.007
2453235.54476 -0.330 0.008 -0.108 0.007 0.083 0.007 0.222 0.008 0.413 0.008 0.191 0.007
2453235.54513 -0.325 0.008 -0.110 0.007 0.078 0.007 0.215 0.008 0.403 0.008 0.188 0.007
2453235.54550 -0.298 0.008 -0.088 0.007 0.087 0.007 0.210 0.008 0.385 0.008 0.175 0.007
2453235.54588 -0.314 0.008 -0.087 0.007 0.081 0.007 0.227 0.008 0.395 0.008 0.168 0.007
2453235.54625 -0.320 0.008 -0.109 0.007 0.068 0.007 0.211 0.008 0.388 0.008 0.177 0.007
2453235.54662 -0.320 0.008 -0.104 0.007 0.067 0.007 0.216 0.008 0.387 0.008 0.171 0.007
2453235.54699 -0.332 0.008 -0.117 0.007 0.073 0.007 0.215 0.008 0.405 0.008 0.190 0.007
2453235.54737 -0.310 0.008 -0.105 0.007 0.059 0.007 0.205 0.008 0.369 0.008 0.164 0.007
2453235.54774 -0.285 0.008 -0.067 0.007 0.075 0.007 0.218 0.008 0.360 0.008 0.142 0.007
2453235.54811 -0.300 0.008 -0.111 0.007 0.021 0.007 0.189 0.008 0.321 0.008 0.132 0.007
2453235.54848 -0.297 0.008 -0.056 0.007 0.108 0.007 0.241 0.008 0.405 0.008 0.164 0.007
2453235.54887 -0.318 0.008 -0.090 0.008 0.069 0.007 0.228 0.008 0.387 0.008 0.159 0.008
2453235.54924 -0.312 0.009 -0.069 0.008 0.086 0.008 0.243 0.009 0.398 0.009 0.155 0.008
2453235.54961 -0.286 0.009 -0.112 0.008 0.073 0.008 0.174 0.009 0.359 0.009 0.185 0.008
2453235.54998 -0.307 0.010 -0.075 0.009 0.078 0.008 0.232 0.011 0.385 0.010 0.153 0.009
2453235.55036 -0.281 0.011 -0.083 0.010 0.096 0.010 0.198 0.011 0.377 0.011 0.179 0.010
2453235.55073 -0.356 0.011 -0.043 0.010 0.134 0.009 0.313 0.011 0.490 0.010 0.177 0.009
2453235.55110 -0.318 0.011 -0.097 0.010 0.077 0.009 0.221 0.011 0.395 0.010 0.174 0.009
2453235.55147 -0.308 0.011 -0.082 0.010 0.078 0.009 0.226 0.011 0.386 0.010 0.160 0.009
2453235.55185 -0.298 0.011 -0.107 0.011 0.093 0.010 0.191 0.012 0.391 0.011 0.200 0.011
2453235.55222 -0.318 0.011 -0.125 0.011 0.059 0.010 0.193 0.012 0.377 0.011 0.184 0.011
2453235.55259 -0.345 0.009 -0.089 0.008 0.056 0.008 0.256 0.009 0.401 0.009 0.145 0.008
2453235.55296 -0.344 0.009 -0.105 0.008 0.053 0.007 0.239 0.009 0.397 0.009 0.158 0.008
2453235.55334 -0.304 0.008 -0.098 0.008 0.087 0.007 0.206 0.008 0.391 0.008 0.185 0.008
2453235.55372 -0.321 0.008 -0.063 0.007 0.055 0.007 0.258 0.008 0.376 0.008 0.118 0.007
2453235.55409 -0.347 0.008 -0.090 0.007 0.096 0.007 0.257 0.008 0.443 0.008 0.186 0.007
2453235.55446 -0.350 0.008 -0.136 0.008 0.039 0.007 0.214 0.008 0.389 0.008 0.175 0.008
2453235.55484 -0.293 0.008 -0.082 0.007 0.067 0.007 0.211 0.008 0.360 0.008 0.149 0.007
2453235.55521 -0.335 0.008 -0.125 0.007 0.029 0.007 0.210 0.008 0.364 0.008 0.154 0.007
2453235.55558 -0.321 0.008 -0.049 0.007 0.108 0.007 0.272 0.008 0.429 0.008 0.157 0.007
2453235.55595 -0.332 0.008 -0.083 0.007 0.073 0.007 0.249 0.008 0.405 0.008 0.156 0.007
2453235.55633 -0.281 0.008 -0.108 0.008 0.059 0.007 0.173 0.008 0.340 0.008 0.167 0.008
2453235.55670 -0.305 0.008 -0.107 0.008 0.079 0.007 0.198 0.008 0.384 0.008 0.186 0.008
2453235.55707 -0.315 0.008 -0.086 0.007 0.102 0.007 0.229 0.008 0.417 0.008 0.188 0.007
2453235.55744 -0.298 0.008 -0.113 0.008 0.072 0.007 0.185 0.008 0.370 0.008 0.185 0.008
2453235.55782 -0.347 0.008 -0.107 0.008 0.051 0.007 0.240 0.008 0.398 0.008 0.158 0.008
2453235.55819 -0.309 0.008 -0.105 0.007 0.081 0.007 0.204 0.008 0.390 0.008 0.186 0.007
2453235.55856 -0.347 0.008 -0.144 0.007 0.047 0.007 0.203 0.008 0.394 0.008 0.191 0.007
2453235.55894 -0.345 0.008 -0.089 0.007 0.079 0.007 0.256 0.008 0.424 0.008 0.168 0.007
2453235.55932 -0.288 0.008 -0.078 0.007 0.068 0.007 0.210 0.008 0.356 0.008 0.146 0.007
2453235.55969 -0.311 0.008 -0.091 0.007 0.079 0.007 0.220 0.008 0.390 0.008 0.170 0.007
2453235.56006 -0.288 0.008 -0.122 0.007 99.999 9.999 0.166 0.008 99.999 9.999 99.999 9.999
2453235.56043 -0.323 0.008 -0.122 0.007 0.056 0.007 0.201 0.008 0.379 0.008 0.178 0.007
2453235.56081 -0.304 0.008 -0.110 0.007 0.088 0.007 0.194 0.008 0.392 0.008 0.198 0.007


2453235.56155 -0.321 0.008 -0.125 0.008 0.072 0.007 0.196 0.008 0.393 0.008 0.197 0.008
2453235.56192 -0.332 0.009 -0.126 0.008 0.053 0.007 0.206 0.009 0.385 0.009 0.179 0.008
2453235.56230 -0.335 0.009 -0.093 0.008 0.102 0.007 0.242 0.009 0.437 0.009 0.195 0.008
2453235.56267 -0.355 0.009 -0.147 0.008 0.014 0.007 0.208 0.009 0.369 0.009 0.161 0.008
2453235.56304 -0.330 0.009 -0.110 0.008 0.052 0.007 0.220 0.009 0.382 0.009 0.162 0.008
2453235.56341 -0.304 0.009 -0.070 0.008 0.103 0.008 0.234 0.009 0.407 0.009 0.173 0.008
2453235.56380 -0.357 0.009 -0.107 0.008 0.072 0.008 0.250 0.009 0.429 0.009 0.179 0.008
2453235.56417 -0.353 0.009 -0.082 0.008 0.088 0.008 0.271 0.009 0.441 0.009 0.170 0.008
2453235.56454 -0.289 0.009 -0.090 0.008 0.105 0.008 0.199 0.009 0.394 0.009 0.195 0.008
2453235.56491 -0.400 0.009 -0.094 0.008 0.048 0.008 0.306 0.009 0.448 0.009 0.142 0.008
2453235.56529 -0.426 0.009 -0.124 0.008 0.041 0.008 0.302 0.009 0.467 0.009 0.165 0.008
2453235.56566 -0.337 0.009 -0.143 0.008 0.045 0.008 0.194 0.009 0.382 0.009 0.188 0.008
2453235.56603 -0.306 0.010 -0.087 0.009 0.076 0.008 0.219 0.011 0.382 0.010 0.163 0.009
2453235.56640 -0.298 0.010 -0.094 0.009 0.091 0.008 0.204 0.011 0.389 0.010 0.185 0.009
2453235.56678 -0.290 0.010 -0.084 0.009 0.059 0.008 0.206 0.011 0.349 0.010 0.143 0.009
2453235.56715 -0.339 0.010 -0.097 0.009 0.061 0.008 0.242 0.011 0.400 0.010 0.158 0.009
2453235.56752 -0.397 0.010 -0.198 0.009 0.006 0.008 0.199 0.011 0.403 0.010 0.204 0.009
2453235.56789 -0.359 0.011 -0.119 0.011 0.078 0.010 0.240 0.012 0.437 0.011 0.197 0.011
2453235.56828 -0.347 0.011 -0.114 0.010 0.045 0.010 0.233 0.011 0.392 0.011 0.159 0.010
2453235.56865 -0.389 0.012 -0.124 0.011 0.058 0.010 0.265 0.013 0.447 0.012 0.182 0.011
2453235.56902 -0.327 0.013 -0.111 0.012 0.096 0.011 0.216 0.013 0.423 0.013 0.207 0.012
2453235.56939 -0.310 0.013 -0.111 0.012 0.054 0.011 0.199 0.013 0.364 0.013 0.165 0.012
2453235.56977 -0.387 0.011 -0.124 0.010 0.039 0.010 0.263 0.011 0.426 0.011 0.163 0.010
2453235.57014 -0.355 0.011 -0.184 0.010 -0.038 0.010 0.171 0.011 0.317 0.011 0.146 0.010
2453235.57051 -0.405 0.013 -0.128 0.011 0.085 0.011 0.277 0.013 0.490 0.012 0.213 0.011
2453235.57088 -0.383 0.011 -0.108 0.010 0.063 0.010 0.275 0.011 0.446 0.011 0.171 0.010
2453235.57126 -0.341 0.011 -0.080 0.010 0.053 0.010 0.261 0.011 0.394 0.011 0.133 0.010
2453235.57163 -0.357 0.011 -0.129 0.010 0.020 0.010 0.228 0.011 0.377 0.011 0.149 0.010
2453235.57200 -0.364 0.010 -0.111 0.009 0.061 0.008 0.253 0.011 0.425 0.010 0.172 0.009
2453235.57237 -0.315 0.009 -0.125 0.008 0.053 0.008 0.190 0.009 0.368 0.009 0.178 0.008
2453235.57275 -0.342 0.009 -0.129 0.008 0.046 0.008 0.213 0.009 0.388 0.009 0.175 0.008
2453235.57313 -0.319 0.009 -0.106 0.008 0.078 0.008 0.213 0.009 0.397 0.009 0.184 0.008
2453235.57350 -0.318 0.009 -0.116 0.008 0.023 0.008 0.202 0.009 0.341 0.009 0.139 0.008
2453235.57387 -0.343 0.009 -0.119 0.008 0.083 0.008 0.224 0.009 0.426 0.009 0.202 0.008
2453235.57425 -0.332 0.010 -0.145 0.009 0.051 0.008 0.187 0.011 0.383 0.010 0.196 0.009
2453235.57462 -0.341 0.010 -0.167 0.009 0.047 0.008 0.174 0.011 0.388 0.010 0.214 0.009
2453235.57499 -0.428 0.010 -0.108 0.009 0.065 0.008 0.320 0.011 0.493 0.010 0.173 0.009
2453235.57536 -0.372 0.009 -0.120 0.008 0.061 0.008 0.252 0.009 0.433 0.009 0.181 0.008
2453235.57574 -0.386 0.009 -0.173 0.009 0.043 0.008 0.213 0.010 0.429 0.009 0.216 0.009
2453235.57611 -0.354 0.009 -0.171 0.009 0.034 0.008 0.183 0.010 0.388 0.009 0.205 0.009
2453235.57648 -0.360 0.010 -0.168 0.009 0.041 0.008 0.192 0.011 0.401 0.010 0.209 0.009
2453235.57685 -0.314 0.014 -0.176 0.013 0.030 0.012 0.138 0.015 0.344 0.014 0.206 0.013
2453235.57723 -0.451 0.016 -0.075 0.014 0.206 0.013 0.376 0.016 0.657 0.016 0.281 0.013
2453235.57760 -0.422 0.011 -0.098 0.010 0.012 0.010 0.324 0.011 0.434 0.011 0.110 0.010
2453235.57797 -0.369 0.013 -0.132 0.011 0.086 0.011 0.237 0.013 0.455 0.012 0.218 0.011
2453235.57834 -0.345 0.011 -0.135 0.010 0.013 0.010 0.210 0.011 0.358 0.011 0.148 0.010
2453235.57873 -0.362 0.010 -0.202 0.009 -0.013 0.008 0.160 0.011 0.349 0.010 0.189 0.009
2453235.57910 -0.366 0.010 -0.175 0.009 -0.009 0.008 0.191 0.011 0.357 0.010 0.166 0.009
2453235.57947 -0.366 0.009 -0.120 0.008 0.026 0.008 0.246 0.009 0.392 0.009 0.146 0.008
2453235.57984 -0.405 0.009 -0.179 0.008 -0.010 0.008 0.226 0.009 0.395 0.009 0.169 0.008
2453235.58022 -0.369 0.009 -0.146 0.008 -0.024 0.008 0.223 0.009 0.345 0.009 0.122 0.008
2453235.58059 -0.337 0.009 -0.107 0.008 0.058 0.008 0.230 0.009 0.395 0.009 0.165 0.008
2453235.58096 -0.348 0.009 -0.102 0.008 0.045 0.007 0.246 0.009 0.393 0.009 0.147 0.008
2453235.58133 -0.353 0.009 -0.136 0.008 -0.008 0.007 0.217 0.009 0.345 0.009 0.128 0.008
2453235.58171 -0.367 0.009 -0.156 0.008 0.001 0.007 0.211 0.009 0.368 0.009 0.157 0.008
2453235.58208 -0.380 0.009 -0.174 0.008 0.040 0.007 0.206 0.009 0.420 0.009 0.214 0.008
2453235.58245 -0.407 0.009 -0.183 0.008 0.040 0.008 0.224 0.009 0.447 0.009 0.223 0.008
2453235.58282 -0.399 0.009 -0.203 0.008 -0.030 0.008 0.196 0.009 0.369 0.009 0.173 0.008
2453235.58321 -0.351 0.009 -0.145 0.008 0.026 0.008 0.206 0.009 0.377 0.009 0.171 0.008
2453235.58358 -0.350 0.009 -0.172 0.009 0.083 0.008 0.178 0.010 0.433 0.009 0.255 0.009
2453235.58395 -0.399 0.010 -0.156 0.009 0.034 0.008 0.243 0.011 0.433 0.010 0.190 0.009
2453235.58432 -0.371 0.010 -0.151 0.009 0.021 0.008 0.220 0.011 0.392 0.010 0.172 0.009
2453235.58470 -0.348 0.010 -0.164 0.009 0.009 0.008 0.184 0.011 0.357 0.010 0.173 0.009
2453235.58507 -0.378 0.011 -0.170 0.010 0.057 0.009 0.208 0.011 0.435 0.010 0.227 0.009
2453235.58544 -0.425 0.010 -0.131 0.009 -0.019 0.009 0.294 0.011 0.406 0.011 0.112 0.010
2453235.58581 -0.350 0.011 -0.132 0.010 0.012 0.010 0.218 0.011 0.362 0.011 0.144 0.010
2453235.58619 -0.302 0.013 -0.186 0.012 0.024 0.011 0.116 0.013 0.326 0.013 0.210 0.012
2453235.58656 -0.351 0.013 -0.110 0.011 0.083 0.011 0.241 0.013 0.434 0.012 0.193 0.011
2453235.58693 -0.360 0.014 -0.151 0.013 0.048 0.013 0.209 0.015 0.408 0.014 0.199 0.013
2453235.58730 -0.339 0.015 -0.110 0.013 0.128 0.012 0.229 0.016 0.467 0.014 0.238 0.013
2453235.58769 -0.515 0.012 -0.122 0.010 -0.011 0.010 0.393 0.012 0.504 0.012 0.111 0.010
2453235.58806 -0.370 0.010 -0.131 0.009 -0.001 0.008 0.239 0.011 0.369 0.010 0.130 0.009
2453235.58843 -0.375 0.011 -0.152 0.010 0.020 0.010 0.223 0.011 0.395 0.011 0.172 0.010
2453235.58880 -0.380 0.011 -0.185 0.011 -0.058 0.010 0.195 0.012 0.322 0.011 0.127 0.011
2453235.58918 -0.384 0.011 -0.165 0.011 0.025 0.010 0.219 0.012 0.409 0.011 0.190 0.011
2453235.58955 -0.449 0.012 -0.175 0.011 0.029 0.010 0.274 0.013 0.478 0.012 0.204 0.011
2453235.58992 -0.347 0.013 -0.146 0.011 0.027 0.011 0.201 0.013 0.374 0.013 0.173 0.011
2453235.59029 -0.313 0.013 -0.188 0.012 0.045 0.011 0.125 0.013 0.358 0.013 0.233 0.012
2453235.59067 -0.388 0.015 -0.167 0.014 -0.096 0.013 0.221 0.016 0.292 0.016 0.071 0.015
2453235.59104 -0.438 0.015 -0.191 0.013 -0.140 0.013 0.247 0.016 0.298 0.016 0.051 0.014
