2453265.24677 99.999 9.999
2453265.24714 99.999 9.999
2453265.24827 99.999 9.999
2453265.24902 99.999 9.999
2453265.24939 99.999 9.999
2453265.24977 0.305 0.008
2453265.25051 0.295 0.008
2453265.25089 0.301 0.008
2453265.25126 99.999 9.999
2453265.25163 99.999 9.999
2453265.25239 0.305 0.008
2453265.25276 99.999 9.999
2453265.25314 0.321 0.008
2453265.25351 0.312 0.008
2453265.25388 99.999 9.999
2453265.25463 0.339 0.008
2453265.25500 0.349 0.008
2453265.25537 0.304 0.008
2453265.25612 99.999 9.999
2453265.25649 0.347 0.008
2453265.25688 0.302 0.008
2453265.25725 0.304 0.008
2453265.25800 0.292 0.008
2453265.25837 0.304 0.008
2453265.25912 99.999 9.999
2453265.25949 0.284 0.008
2453265.25986 0.309 0.008
2453265.26024 99.999 9.999
2453265.26062 0.306 0.008
2453265.26099 0.403 0.008
2453265.26137 99.999 9.999
2453265.26211 0.275 0.008
2453265.26249 99.999 9.999
2453265.26286 0.289 0.008
2453265.26361 99.999 9.999
2453265.26435 0.282 0.008
2453265.26472 99.999 9.999
2453265.26548 99.999 9.999
2453265.26585 0.322 0.008
2453265.26623 0.280 0.008
2453265.26660 0.313 0.008
2453265.26697 0.304 0.008
2453265.26735 0.325 0.008
2453265.26772 0.314 0.008
2453265.26809 0.289 0.008
2453265.26847 0.259 0.008
2453265.26884 0.295 0.008
2453265.26921 0.303 0.008
2453265.26997 0.305 0.008
2453265.27034 0.322 0.008
2453265.27109 99.999 9.999
2453265.27221 0.283 0.008
2453265.27258 0.303 0.008
2453265.27295 0.290 0.008
2453265.27334 0.286 0.008
2453265.27408 0.317 0.008
2453265.27445 0.295 0.008
2453265.27520 0.324 0.008
2453265.27557 0.341 0.008
2453265.27632 0.341 0.008
2453265.27669 99.999 9.999
2453265.27707 99.999 9.999
2453265.27744 0.316 0.011
2453265.27781 99.999 9.999
2453265.27857 0.322 0.010
2453265.27895 99.999 9.999
2453265.27932 0.350 0.008
2453265.27969 0.328 0.008
2453265.28006 99.999 9.999
2453265.28044 0.323 0.009
2453265.28081 0.338 0.009
2453265.28118 0.348 0.009
2453265.28193 99.999 9.999
2453265.28306 0.385 0.009
2453265.28343 0.371 0.009
2453265.28418 0.356 0.008
2453265.28493 0.357 0.008
2453265.28530 0.382 0.009
2453265.28643 0.359 0.010
2453265.28680 0.378 0.010
2453265.28755 99.999 9.999
2453265.28792 0.355 0.010
2453265.28829 0.362 0.011
2453265.28867 0.385 0.011
2453265.28904 0.401 0.010
2453265.28941 0.399 0.010
2453265.29016 99.999 9.999
2453265.29129 0.386 0.009
2453265.29166 0.410 0.009
2453265.29203 0.405 0.009
2453265.29241 0.376 0.009
2453265.29278 0.410 0.009
2453265.29315 0.396 0.008
2453265.29353 0.415 0.008
2453265.29390 0.370 0.009
2453265.29427 0.432 0.009
2453265.29465 0.416 0.008
2453265.29502 0.417 0.008
2453265.29540 0.407 0.009
2453265.29578 0.404 0.010
2453265.29615 0.371 0.009
2453265.29652 0.406 0.009
2453265.29689 0.405 0.009
2453265.29727 0.362 0.011
2453265.29764 0.408 0.013
2453265.29802 0.402 0.013
2453265.29840 0.408 0.011
2453265.29877 0.408 0.010
2453265.29914 0.412 0.009
2453265.29953 0.420 0.009
2453265.29990 0.416 0.009
2453265.30027 0.417 0.010
2453265.30065 0.442 0.010
2453265.30102 0.436 0.011
2453265.30139 0.394 0.009
2453265.30177 0.432 0.009
2453265.30214 0.427 0.009
2453265.30251 0.446 0.009
2453265.30289 0.440 0.010
2453265.30326 0.421 0.010
2453265.30363 0.447 0.011
2453265.30400 0.422 0.009
2453265.30439 0.440 0.010
2453265.30476 0.415 0.008
2453265.30513 0.428 0.008
2453265.30551 0.437 0.009
2453265.30625 0.434 0.008
2453265.30663 0.427 0.008
2453265.30700 0.451 0.008
2453265.30737 0.468 0.008
2453265.30775 0.477 0.008
2453265.30813 0.462 0.008
2453265.30850 0.455 0.008
2453265.30888 0.460 0.008
2453265.30925 0.455 0.008
2453265.30962 0.463 0.008
2453265.31000 0.455 0.008
2453265.31037 0.462 0.008
2453265.31074 0.373 0.008
2453265.31112 0.471 0.008
2453265.31149 0.458 0.008
2453265.31186 0.458 0.008
2453265.31225 0.457 0.008
2453265.31262 0.480 0.008
2453265.31299 0.447 0.008
2453265.31336 0.478 0.008
2453265.31374 0.487 0.009
2453265.31411 0.462 0.008
2453265.31448 0.463 0.008
2453265.31486 0.492 0.008
2453265.31523 0.488 0.008
2453265.31560 0.491 0.009
2453265.31598 0.447 0.008
2453265.31635 0.459 0.008
2453265.31672 0.462 0.008
2453265.31711 0.468 0.008
2453265.31748 0.463 0.008
2453265.31785 0.481 0.008
2453265.31823 0.466 0.008
2453265.31860 0.486 0.008
2453265.31897 0.463 0.008
2453265.31935 0.458 0.008
2453265.31972 0.450 0.008
2453265.32009 0.483 0.008
2453265.32047 0.471 0.008
2453265.32085 0.459 0.008
2453265.32122 0.488 0.008
2453265.32160 0.479 0.008
2453265.32197 0.502 0.009
2453265.32234 0.504 0.008
2453265.32271 0.453 0.008
2453265.32309 0.485 0.008
2453265.32346 0.475 0.008
2453265.32383 0.484 0.008
2453265.32421 0.482 0.008
2453265.32458 0.489 0.008
2453265.32495 0.491 0.008
2453265.32534 0.473 0.008
2453265.32571 0.487 0.008
2453265.32608 0.485 0.008
2453265.32646 0.464 0.008
2453265.32683 0.454 0.008
2453265.32720 0.485 0.008
2453265.32757 0.485 0.008
2453265.32795 0.495 0.008
2453265.32832 0.517 0.008
2453265.32869 0.493 0.008
2453265.32907 0.478 0.008
2453265.32944 0.496 0.008
2453265.32981 0.499 0.009
2453265.33020 0.513 0.009
2453265.33057 0.484 0.009
2453265.33094 0.478 0.008
2453265.33132 0.484 0.008
2453265.33169 0.488 0.008
2453265.33206 0.458 0.008
2453265.33244 0.466 0.008
2453265.33281 0.494 0.009
2453265.33318 0.471 0.008
2453265.33356 0.485 0.008
2453265.33394 0.469 0.008
2453265.33431 0.464 0.008
2453265.33469 0.476 0.008
2453265.33506 0.476 0.008
2453265.33543 0.444 0.008
2453265.33581 0.467 0.008
2453265.33618 0.501 0.008
2453265.33655 0.475 0.008
2453265.33693 0.499 0.009
2453265.33730 0.456 0.008
2453265.33767 0.485 0.009
2453265.33806 0.472 0.008
2453265.33843 0.463 0.008
2453265.33880 0.469 0.008
2453265.33917 0.457 0.008
2453265.33955 0.443 0.008
2453265.33992 0.482 0.009
2453265.34029 0.456 0.008
2453265.34067 0.427 0.008
2453265.34104 0.472 0.008
2453265.34141 0.476 0.008
2453265.34179 0.453 0.008
2453265.34216 0.467 0.008
2453265.34253 0.459 0.009
2453265.34292 0.467 0.008
2453265.34329 0.467 0.008
2453265.34366 0.430 0.008
2453265.34404 0.465 0.008
2453265.34441 0.450 0.008
2453265.34478 0.437 0.008
2453265.34516 0.440 0.008
2453265.34553 0.464 0.008
2453265.34590 0.434 0.008
2453265.34628 0.442 0.008
2453265.34666 0.456 0.008
2453265.34703 0.449 0.008
2453265.34741 0.448 0.008
2453265.34778 0.446 0.008
2453265.34815 0.434 0.008
2453265.34852 0.449 0.008
2453265.34890 0.412 0.008
2453265.34927 0.430 0.008
2453265.34964 0.448 0.008
2453265.35002 0.417 0.008
2453265.35039 0.410 0.008
2453265.35076 0.416 0.008
2453265.35115 0.399 0.008
2453265.35152 0.385 0.008
2453265.35189 0.386 0.008
2453265.35227 0.404 0.008
2453265.35264 0.393 0.008
2453265.35301 0.412 0.008
2453265.35339 0.427 0.008
2453265.35376 0.398 0.008
2453265.35413 0.389 0.008
2453265.35451 0.386 0.008
2453265.35488 0.385 0.008
2453265.35525 0.407 0.008
2453265.35564 0.387 0.008
2453265.35601 0.391 0.008
2453265.35638 0.409 0.008
2453265.35675 0.381 0.008
2453265.35713 0.392 0.008
2453265.35750 0.379 0.008
2453265.35787 0.385 0.008
2453265.35825 0.390 0.008
2453265.35862 0.406 0.008
2453265.35899 0.381 0.008
2453265.35938 0.366 0.008
2453265.35975 0.371 0.008
2453265.36012 0.368 0.008
2453265.36050 0.364 0.008
2453265.36087 0.363 0.008
2453265.36124 0.372 0.008
2453265.36162 0.367 0.008
2453265.36199 0.374 0.008
2453265.36236 0.367 0.008
2453265.36274 0.372 0.008
2453265.36311 0.378 0.008
2453265.36348 0.366 0.008
2453265.36387 0.344 0.008
2453265.36424 0.369 0.008
2453265.36461 0.343 0.008
2453265.36499 0.359 0.008
2453265.36536 0.352 0.008
2453265.36573 0.348 0.008
2453265.36611 0.380 0.008
2453265.36648 0.342 0.008
2453265.36685 0.354 0.008
2453265.36723 0.335 0.008
2453265.36760 0.368 0.008
2453265.36797 0.356 0.008
2453265.36836 0.338 0.008
2453265.36873 0.360 0.008
2453265.36910 0.341 0.008
2453265.36948 0.336 0.008
2453265.36985 0.324 0.008
2453265.37022 0.320 0.008
2453265.37059 0.331 0.008
2453265.37097 0.328 0.008
2453265.37134 0.332 0.008
2453265.37171 0.342 0.008
2453265.37210 0.326 0.008
2453265.37247 0.329 0.008
2453265.37284 0.341 0.008
2453265.37322 0.343 0.008
2453265.37359 0.328 0.008
2453265.37396 0.298 0.008
2453265.37434 0.329 0.008
2453265.37471 0.341 0.008
2453265.37509 0.339 0.008
2453265.37546 0.326 0.008
2453265.37583 0.317 0.008
2453265.37622 0.315 0.008
2453265.37659 0.305 0.008
2453265.37696 0.303 0.008
2453265.37733 0.296 0.008
2453265.37771 0.299 0.008
2453265.37808 0.289 0.008
2453265.37846 0.327 0.008
2453265.37883 0.287 0.008
2453265.37920 0.291 0.008
2453265.37957 0.299 0.008
2453265.37995 0.302 0.008
2453265.38032 0.292 0.008
2453265.38069 0.301 0.008
2453265.38108 0.300 0.008
2453265.38145 0.303 0.008
2453265.38182 0.304 0.008
2453265.38220 0.290 0.008
2453265.38257 0.291 0.008
2453265.38294 0.288 0.008
2453265.38332 0.294 0.008
2453265.38369 0.290 0.008
2453265.38406 0.258 0.008
2453265.38444 0.269 0.008
2453265.38481 0.266 0.008
2453265.38519 0.277 0.008
2453265.38557 0.291 0.008
2453265.38594 0.282 0.008
2453265.38631 0.264 0.008
2453265.38669 0.271 0.008
2453265.38706 0.265 0.008
2453265.38743 0.232 0.008
2453265.38781 0.265 0.008
2453265.38818 0.260 0.008
2453265.38855 0.246 0.008
2453265.38894 0.257 0.008
2453265.38931 0.247 0.008
2453265.38968 0.249 0.008
2453265.39005 0.229 0.008
2453265.39043 0.224 0.008
2453265.39080 0.251 0.008
2453265.39118 0.250 0.008
2453265.39155 0.235 0.008
2453265.39192 0.250 0.008
2453265.39229 0.235 0.008
2453265.39267 0.236 0.008
2453265.39304 0.222 0.008
2453265.39341 0.229 0.008
2453265.39380 0.240 0.008
2453265.39417 0.251 0.008
2453265.39454 0.207 0.008
2453265.39492 0.203 0.008
2453265.39529 0.224 0.008
2453265.39566 0.237 0.008
2453265.39604 0.222 0.008
2453265.39641 0.213 0.008
2453265.39678 0.243 0.008
2453265.39715 0.220 0.008
2453265.39753 0.233 0.008
2453265.39791 0.218 0.008
2453265.39828 0.234 0.008
2453265.39866 0.243 0.008
2453265.39903 0.264 0.008
2453265.39940 0.191 0.008
2453265.39978 0.181 0.009
2453265.40015 0.184 0.009
2453265.40052 0.275 0.013
2453265.40090 0.283 0.012
2453265.40127 0.307 0.012
2453265.40164 0.255 0.012
2453265.40203 0.176 0.015
2453265.40240 0.247 0.016
2453265.40277 0.109 0.014
2453265.40314 0.217 0.010
2453265.40352 0.236 0.010
2453265.40389 0.251 0.011
2453265.40426 0.021 0.011
2453265.40464 0.229 0.009
2453265.40501 0.260 0.008
2453265.40538 0.188 0.008
2453265.40576 0.205 0.008
2453265.40613 0.183 0.008
2453265.40652 0.179 0.008
2453265.40689 0.205 0.008
2453265.40726 0.185 0.008
2453265.40763 0.174 0.011
2453265.40801 0.113 0.010
2453265.40838 0.193 0.008
2453265.40876 0.174 0.008
2453265.40913 0.176 0.008
2453265.40950 0.188 0.008
2453265.40987 0.205 0.008
2453265.41025 0.162 0.008
2453265.41063 0.187 0.008
2453265.41100 0.187 0.008
2453265.41138 0.168 0.008
2453265.41175 0.195 0.008
2453265.41212 0.190 0.008
2453265.41250 0.163 0.008
2453265.41287 0.185 0.008
2453265.41324 0.175 0.008
2453265.41362 0.165 0.008
2453265.41399 0.169 0.008
2453265.41436 0.150 0.008
2453265.41475 0.195 0.008
2453265.41512 0.184 0.008
2453265.41549 0.174 0.008
2453265.41587 0.170 0.008
2453265.41624 0.179 0.008
2453265.41661 0.167 0.008
2453265.41699 0.183 0.008
2453265.41736 0.170 0.008
2453265.41773 0.178 0.008
2453265.41810 0.147 0.007
2453265.41848 0.178 0.008
2453265.41885 0.184 0.008
2453265.41922 0.166 0.008
2453265.41961 0.162 0.008
2453265.41998 0.155 0.008
2453265.42035 0.154 0.008
2453265.42073 0.178 0.008
2453265.42147 0.185 0.008
2453265.42185 0.141 0.008
2453265.42222 0.164 0.008
2453265.42259 0.152 0.008
2453265.42297 0.168 0.008
2453265.42335 0.157 0.007
2453265.42372 0.159 0.008
2453265.42409 0.163 0.008
2453265.42447 0.145 0.008
2453265.42484 0.174 0.008
2453265.42521 0.131 0.007
2453265.42559 0.170 0.008
2453265.42596 0.173 0.008
2453265.42633 0.175 0.008
2453265.42671 0.164 0.008
2453265.42708 0.174 0.007
2453265.42745 0.175 0.008
2453265.42784 0.162 0.008
2453265.42821 0.171 0.008
2453265.42858 0.153 0.007
2453265.42896 0.152 0.008
2453265.42933 0.138 0.007
2453265.42970 0.159 0.008
2453265.43008 0.179 0.008
2453265.43045 0.175 0.008
2453265.43082 0.176 0.008
2453265.43120 0.151 0.008
2453265.43157 0.150 0.008
2453265.43194 0.175 0.008
2453265.43233 0.153 0.008
2453265.43270 0.163 0.008
2453265.43307 0.165 0.008
2453265.43345 0.156 0.008
2453265.43382 0.157 0.008
2453265.43419 0.156 0.008
2453265.43457 0.156 0.008
2453265.43494 0.158 0.008
2453265.43531 0.147 0.008
2453265.43569 0.179 0.008
2453265.43606 0.158 0.008
2453265.43644 0.151 0.007
2453265.43681 0.150 0.008
2453265.43719 0.179 0.008
2453265.43756 0.138 0.008
2453265.43793 0.136 0.008
2453265.43831 0.134 0.008
2453265.43868 0.170 0.008
2453265.43907 0.177 0.008
2453265.43944 0.149 0.008
2453265.43981 0.153 0.008
2453265.44018 0.179 0.008
2453265.44057 0.186 0.008
2453265.44094 0.151 0.008
2453265.44131 0.174 0.008
2453265.44169 0.141 0.008
2453265.44206 0.141 0.008
2453265.44243 0.146 0.008
2453265.44281 0.180 0.008
2453265.44318 0.183 0.008
2453265.44355 0.150 0.008
2453265.44393 0.192 0.008
2453265.44430 0.147 0.008
2453265.44467 0.178 0.008
2453265.44506 0.135 0.008
2453265.44543 0.132 0.008
2453265.44580 0.135 0.008
2453265.44617 0.174 0.008
2453265.44655 0.157 0.008
2453265.44692 0.161 0.008
2453265.44729 0.180 0.008
2453265.44767 0.151 0.008
2453265.44804 0.155 0.008
2453265.44841 0.134 0.008
2453265.44879 0.139 0.008
2453265.44917 0.167 0.008
2453265.44954 0.157 0.008
2453265.44992 0.167 0.008
2453265.45029 0.172 0.008
2453265.45066 0.162 0.008
2453265.45104 0.166 0.008
2453265.45141 0.161 0.008
2453265.45178 0.160 0.008
2453265.45215 0.162 0.008
2453265.45253 0.177 0.008
2453265.45290 0.157 0.008
2453265.45327 0.138 0.008
2453265.45366 0.161 0.008
2453265.45403 0.157 0.008
2453265.45440 0.142 0.008
2453265.45478 0.149 0.008
2453265.45515 0.153 0.008
2453265.45552 0.149 0.008
2453265.45590 0.141 0.008
2453265.45627 0.169 0.008
2453265.45664 0.167 0.008
2453265.45702 0.168 0.008
2453265.45739 0.144 0.008
2453265.45776 0.186 0.008
2453265.45814 0.171 0.008
2453265.45852 0.147 0.008
2453265.45889 0.160 0.008
2453265.45926 0.184 0.008
2453265.45964 0.171 0.008
2453265.46001 0.165 0.008
2453265.46038 0.156 0.008
2453265.46076 0.188 0.008
2453265.46113 0.169 0.008
2453265.46150 0.164 0.008
2453265.46189 0.169 0.008
2453265.46226 0.195 0.008
2453265.46263 0.154 0.008
2453265.46301 0.202 0.008
2453265.46338 0.160 0.008
2453265.46375 0.140 0.008
2453265.46413 0.164 0.008
2453265.46450 0.146 0.008
2453265.46487 0.178 0.008
2453265.46525 0.177 0.008
2453265.46562 0.180 0.008
2453265.46599 0.142 0.008
2453265.46638 0.172 0.008
2453265.46675 0.175 0.008
2453265.46750 0.141 0.008
2453265.46787 0.175 0.008
2453265.46824 0.174 0.008
2453265.46862 0.165 0.008
2453265.46899 0.166 0.008
2453265.46936 0.176 0.008
2453265.46974 0.181 0.008
2453265.47011 0.173 0.008
2453265.47048 0.165 0.008
2453265.47087 0.170 0.008
