JD V-C s1 V-C1 s2 V-C2 s3 C-C1 s4 C-C2 s5 C1-C2 s6
Aperture: 2.00, Filter: 9.00
2453228.32394 0.646 0.009 0.766 0.008 0.990 0.008 0.120 0.006 0.344 0.006 0.224 0.006
2453228.32431 0.631 0.009 0.773 0.008 0.986 0.008 0.142 0.006 0.355 0.006 0.213 0.006


2453228.32505 0.568 0.009 0.762 0.008 99.999 9.999 0.194 0.006 99.999 9.999 99.999 9.999
2453228.32543 0.611 0.009 0.784 0.008 0.985 0.008 0.173 0.006 0.374 0.006 0.201 0.006
2453228.32580 0.633 0.009 0.777 0.009 1.014 0.008 0.144 0.007 0.381 0.006 0.237 0.006
2453228.32617 0.583 0.009 0.796 0.008 0.932 0.008 0.213 0.006 0.349 0.006 0.136 0.006
2453228.32656 0.590 0.009 0.761 0.008 0.964 0.008 0.171 0.006 0.374 0.006 0.203 0.006
2453228.32693 0.616 0.009 0.787 0.008 0.968 0.008 0.171 0.006 0.352 0.006 0.181 0.006
2453228.32730 0.644 0.009 0.776 0.008 1.003 0.008 0.132 0.006 0.359 0.006 0.227 0.006
2453228.32767 0.555 0.009 0.761 0.008 99.999 9.999 0.206 0.006 99.999 9.999 99.999 9.999
2453228.32805 0.602 0.009 0.734 0.008 0.975 0.008 0.132 0.006 0.373 0.006 0.241 0.006
2453228.32842 0.544 0.009 0.759 0.008 0.918 0.008 0.215 0.006 0.374 0.006 0.159 0.006
2453228.32879 0.548 0.009 0.764 0.008 0.943 0.008 0.216 0.006 0.395 0.006 0.179 0.006
2453228.32916 0.651 0.009 0.790 0.008 1.010 0.008 0.139 0.006 0.359 0.006 0.220 0.006
2453228.32954 0.525 0.009 0.748 0.008 0.902 0.008 0.223 0.006 0.377 0.006 0.154 0.006
2453228.32991 0.612 0.009 0.752 0.008 0.956 0.008 0.140 0.006 0.344 0.006 0.204 0.006
2453228.33028 0.514 0.009 0.720 0.008 0.902 0.008 0.206 0.006 0.388 0.006 0.182 0.006
2453228.33065 0.645 0.009 0.755 0.009 0.992 0.008 0.110 0.007 0.347 0.006 0.237 0.006
2453228.33104 0.580 0.009 0.756 0.008 0.933 0.008 0.176 0.006 0.353 0.006 0.177 0.006
2453228.33141 0.575 0.009 0.736 0.008 0.928 0.008 0.161 0.006 0.353 0.006 0.192 0.006
2453228.33178 0.576 0.009 0.727 0.008 0.959 0.008 0.151 0.006 0.383 0.006 0.232 0.006
2453228.33215 0.562 0.009 0.717 0.009 0.951 0.008 0.155 0.007 0.389 0.006 0.234 0.006
2453228.33253 0.609 0.009 0.710 0.008 0.981 0.008 0.101 0.006 0.372 0.006 0.271 0.006
2453228.33290 0.563 0.009 0.737 0.008 0.909 0.008 0.174 0.006 0.346 0.006 0.172 0.006
2453228.33327 0.571 0.009 0.713 0.008 0.964 0.008 0.142 0.006 0.393 0.006 0.251 0.006
2453228.33364 0.529 0.009 0.747 0.008 0.901 0.008 0.218 0.006 0.372 0.006 0.154 0.006
2453228.33402 0.603 0.009 0.740 0.008 0.972 0.008 0.137 0.006 0.369 0.006 0.232 0.006
2453228.33439 0.585 0.009 0.754 0.008 0.924 0.008 0.169 0.006 0.339 0.006 0.170 0.006
2453228.33476 0.547 0.009 0.729 0.008 0.911 0.008 0.182 0.006 0.364 0.006 0.182 0.006
2453228.33513 0.608 0.009 0.730 0.009 0.977 0.008 0.122 0.007 0.369 0.006 0.247 0.006
2453228.33552 0.552 0.009 0.716 0.009 0.952 0.008 0.164 0.007 0.400 0.006 0.236 0.006
2453228.33589 0.612 0.009 0.735 0.009 0.982 0.008 0.123 0.007 0.370 0.006 0.247 0.006
2453228.33626 0.505 0.009 0.727 0.008 0.877 0.008 0.222 0.006 0.372 0.006 0.150 0.006
2453228.33663 0.592 0.009 0.728 0.009 0.952 0.008 0.136 0.007 0.360 0.006 0.224 0.006
2453228.33701 0.536 0.009 0.706 0.009 0.903 0.008 0.170 0.007 0.367 0.006 0.197 0.006
2453228.33738 0.546 0.009 0.725 0.008 0.877 0.008 0.179 0.006 0.331 0.006 0.152 0.006
2453228.33775 0.508 0.009 0.727 0.008 0.881 0.008 0.219 0.006 0.373 0.006 0.154 0.006
2453228.33812 0.498 0.009 0.703 0.009 0.914 0.008 0.205 0.007 0.416 0.006 0.211 0.006
2453228.33850 0.488 0.009 0.724 0.008 0.894 0.008 0.236 0.006 0.406 0.006 0.170 0.006
2453228.33887 0.504 0.009 0.728 0.008 0.885 0.008 0.224 0.006 0.381 0.006 0.157 0.006
2453228.33924 0.534 0.009 0.715 0.008 0.904 0.008 0.181 0.006 0.370 0.006 0.189 0.006
2453228.33961 0.510 0.009 0.715 0.008 0.889 0.008 0.205 0.006 0.379 0.006 0.174 0.006
2453228.33999 0.557 0.009 0.692 0.009 0.915 0.008 0.135 0.007 0.358 0.006 0.223 0.006
2453228.34036 0.528 0.009 0.699 0.009 0.907 0.008 0.171 0.007 0.379 0.006 0.208 0.006
2453228.34073 0.522 0.009 0.875 0.008 0.857 0.008 0.353 0.006 0.335 0.006 -0.018 0.006
2453228.34112 0.484 0.009 0.705 0.008 0.873 0.008 0.221 0.006 0.389 0.006 0.168 0.006
2453228.34149 0.539 0.009 0.693 0.008 0.915 0.008 0.154 0.006 0.376 0.006 0.222 0.006
2453228.34186 0.535 0.009 0.678 0.009 0.912 0.008 0.143 0.007 0.377 0.006 0.234 0.006
2453228.34223 0.458 0.008 0.679 0.007 0.841 0.007 0.221 0.006 0.383 0.006 0.162 0.006
2453228.34261 0.483 0.008 0.673 0.007 0.867 0.007 0.190 0.006 0.384 0.006 0.194 0.006
2453228.34298 0.515 0.008 0.696 0.007 0.893 0.007 0.181 0.006 0.378 0.006 0.197 0.006
2453228.34335 0.507 0.009 0.711 0.008 0.861 0.008 0.204 0.006 0.354 0.006 0.150 0.006
2453228.34372 0.526 0.009 0.661 0.009 0.909 0.008 0.135 0.007 0.383 0.006 0.248 0.006
2453228.34410 0.502 0.008 0.721 0.007 0.861 0.007 0.219 0.006 0.359 0.006 0.140 0.006
2453228.34447 0.551 0.009 0.707 0.008 0.940 0.008 0.156 0.006 0.389 0.006 0.233 0.006
2453228.34484 0.540 0.009 0.687 0.008 0.879 0.008 0.147 0.006 0.339 0.006 0.192 0.006
2453228.34521 0.548 0.009 0.697 0.008 0.886 0.008 0.149 0.006 0.338 0.006 0.189 0.006
2453228.34560 0.526 0.009 0.689 0.008 0.913 0.008 0.163 0.006 0.387 0.006 0.224 0.006
2453228.34597 0.509 0.008 0.687 0.007 0.871 0.007 0.178 0.006 0.362 0.006 0.184 0.006
2453228.34634 0.555 0.009 0.695 0.008 0.908 0.008 0.140 0.006 0.353 0.006 0.213 0.006
2453228.34671 0.502 0.009 0.701 0.008 0.860 0.008 0.199 0.006 0.358 0.006 0.159 0.006
2453228.34709 0.518 0.008 0.666 0.007 0.880 0.007 0.148 0.006 0.362 0.006 0.214 0.006
2453228.34746 0.483 0.008 0.658 0.007 0.872 0.007 0.175 0.006 0.389 0.006 0.214 0.006
2453228.34783 0.523 0.009 0.682 0.008 0.905 0.008 0.159 0.006 0.382 0.006 0.223 0.006
2453228.34820 0.543 0.009 0.692 0.008 0.887 0.008 0.149 0.006 0.344 0.006 0.195 0.006
2453228.34858 0.486 0.008 0.684 0.007 0.859 0.007 0.198 0.006 0.373 0.006 0.175 0.006
2453228.34895 0.515 0.009 0.657 0.008 0.887 0.008 0.142 0.006 0.372 0.006 0.230 0.006
2453228.34932 0.488 0.008 0.675 0.007 0.868 0.007 0.187 0.006 0.380 0.006 0.193 0.006
2453228.34969 0.532 0.009 0.667 0.009 0.899 0.008 0.135 0.007 0.367 0.006 0.232 0.006
2453228.35008 0.534 0.009 0.685 0.008 0.884 0.008 0.151 0.006 0.350 0.006 0.199 0.006
2453228.35045 0.508 0.009 0.657 0.009 0.885 0.008 0.149 0.007 0.377 0.006 0.228 0.006
2453228.35082 0.469 0.008 0.681 0.007 0.819 0.007 0.212 0.006 0.350 0.006 0.138 0.006
2453228.35119 0.526 0.009 0.673 0.009 0.909 0.008 0.147 0.007 0.383 0.006 0.236 0.006
2453228.35157 0.473 0.008 0.648 0.007 0.823 0.007 0.175 0.006 0.350 0.006 0.175 0.006
2453228.35194 0.498 0.008 0.668 0.007 0.851 0.007 0.170 0.006 0.353 0.006 0.183 0.006
2453228.35231 0.488 0.008 0.609 0.008 0.863 0.007 0.121 0.007 0.375 0.006 0.254 0.006
2453228.35268 0.481 0.008 0.632 0.008 0.856 0.007 0.151 0.007 0.375 0.006 0.224 0.006
2453228.35306 0.481 0.008 0.666 0.007 0.854 0.007 0.185 0.006 0.373 0.006 0.188 0.006
2453228.35343 0.489 0.008 0.659 0.007 0.851 0.007 0.170 0.006 0.362 0.006 0.192 0.006
2453228.35380 0.447 0.008 0.632 0.007 0.840 0.007 0.185 0.006 0.393 0.006 0.208 0.006
2453228.35417 0.452 0.008 0.650 0.007 0.810 0.007 0.198 0.006 0.358 0.006 0.160 0.006
2453228.35455 0.504 0.008 0.642 0.007 0.871 0.007 0.138 0.006 0.367 0.006 0.229 0.006
2453228.35492 0.487 0.008 0.646 0.007 0.831 0.007 0.159 0.006 0.344 0.006 0.185 0.006
2453228.35530 0.456 0.008 0.631 0.007 0.845 0.007 0.175 0.006 0.389 0.006 0.214 0.006
2453228.35567 0.456 0.008 0.657 0.007 0.824 0.007 0.201 0.006 0.368 0.006 0.167 0.006
2453228.35605 0.468 0.008 0.636 0.007 0.826 0.007 0.168 0.006 0.358 0.006 0.190 0.006
2453228.35642 0.455 0.008 0.636 0.007 0.799 0.007 0.181 0.006 0.344 0.006 0.163 0.006
2453228.35679 0.427 0.008 0.627 0.007 0.800 0.007 0.200 0.006 0.373 0.006 0.173 0.006
2453228.35716 0.497 0.008 0.634 0.007 0.853 0.007 0.137 0.006 0.356 0.006 0.219 0.006
2453228.35754 0.404 0.008 0.629 0.007 99.999 9.999 0.225 0.006 99.999 9.999 99.999 9.999


2453228.35828 0.392 0.008 0.623 0.007 0.776 0.007 0.231 0.006 0.384 0.006 0.153 0.006
2453228.35865 0.491 0.008 0.640 0.007 0.857 0.007 0.149 0.006 0.366 0.006 0.217 0.006
2453228.35903 0.476 0.008 0.638 0.007 0.851 0.007 0.162 0.006 0.375 0.006 0.213 0.006
2453228.35940 0.396 0.008 0.632 0.007 0.785 0.007 0.236 0.006 0.389 0.006 0.153 0.006
2453228.35977 0.397 0.008 99.999 9.999 0.765 0.007 99.999 9.999 0.368 0.006 99.999 9.999
2453228.36014 0.423 0.008 0.596 0.007 0.796 0.007 0.173 0.006 0.373 0.006 0.200 0.006
2453228.36053 0.456 0.008 0.627 0.007 0.823 0.007 0.171 0.006 0.367 0.006 0.196 0.006
2453228.36090 0.460 0.008 0.617 0.008 0.822 0.007 0.157 0.007 0.362 0.006 0.205 0.006
2453228.36127 0.415 0.008 0.618 0.007 99.999 9.999 0.203 0.006 99.999 9.999 99.999 9.999
2453228.36164 0.466 0.008 0.629 0.007 0.825 0.007 0.163 0.006 0.359 0.006 0.196 0.006
2453228.36202 0.482 0.008 0.639 0.007 0.838 0.007 0.157 0.006 0.356 0.006 0.199 0.006
2453228.36239 0.421 0.008 0.624 0.007 0.798 0.007 0.203 0.006 0.377 0.006 0.174 0.006
2453228.36276 0.476 0.008 0.633 0.007 0.844 0.007 0.157 0.006 0.368 0.006 0.211 0.006
2453228.36313 0.450 0.008 0.595 0.007 0.816 0.007 0.145 0.006 0.366 0.006 0.221 0.006
2453228.36351 0.473 0.008 0.614 0.007 0.842 0.007 0.141 0.006 0.369 0.006 0.228 0.006
2453228.36388 0.490 0.008 0.609 0.007 0.818 0.007 0.119 0.006 0.328 0.006 0.209 0.006
2453228.36425 0.434 0.008 0.590 0.007 0.803 0.007 0.156 0.006 0.369 0.006 0.213 0.006
2453228.36462 0.399 0.008 0.617 0.007 0.769 0.007 0.218 0.006 0.370 0.006 0.152 0.006
2453228.36501 0.432 0.008 0.588 0.008 0.807 0.007 0.156 0.007 0.375 0.006 0.219 0.006
2453228.36538 0.441 0.008 0.626 0.007 0.774 0.007 0.185 0.006 0.333 0.006 0.148 0.006
2453228.36575 0.387 0.008 0.595 0.007 0.760 0.007 0.208 0.006 0.373 0.006 0.165 0.006
2453228.36612 0.374 0.008 0.568 0.007 0.766 0.007 0.194 0.006 0.392 0.006 0.198 0.006


2453228.36687 0.429 0.008 0.568 0.007 0.782 0.007 0.139 0.006 0.353 0.006 0.214 0.006
2453228.36724 0.387 0.008 0.585 0.007 0.755 0.007 0.198 0.006 0.368 0.006 0.170 0.006
2453228.36761 0.419 0.008 0.600 0.008 0.812 0.007 0.181 0.007 0.393 0.006 0.212 0.006
2453228.36799 0.389 0.008 0.566 0.008 99.999 9.999 0.177 0.007 99.999 9.999 99.999 9.999
2453228.36836 0.429 0.008 0.590 0.007 0.780 0.007 0.161 0.006 0.351 0.006 0.190 0.006
2453228.36873 0.356 0.008 0.560 0.007 99.999 9.999 0.204 0.006 99.999 9.999 99.999 9.999
2453228.36910 0.416 0.008 0.562 0.007 0.798 0.007 0.146 0.006 0.382 0.006 0.236 0.006
2453228.36948 0.377 0.008 0.554 0.007 0.783 0.007 0.177 0.006 0.406 0.006 0.229 0.006
2453228.36986 0.365 0.008 0.569 0.007 99.999 9.999 0.204 0.006 99.999 9.999 99.999 9.999
2453228.37023 0.342 0.008 0.557 0.007 0.699 0.007 0.215 0.006 0.357 0.006 0.142 0.006
2453228.37060 0.349 0.008 0.557 0.007 0.751 0.007 0.208 0.006 0.402 0.006 0.194 0.006
2453228.37098 0.404 0.008 0.566 0.008 0.782 0.007 0.162 0.007 0.378 0.006 0.216 0.006
2453228.37135 0.397 0.008 0.566 0.007 0.760 0.007 0.169 0.006 0.363 0.006 0.194 0.006
2453228.37172 0.384 0.008 0.563 0.007 99.999 9.999 0.179 0.006 99.999 9.999 99.999 9.999
2453228.37209 99.999 9.999 0.572 0.007 0.755 0.007 99.999 9.999 99.999 9.999 0.183 0.006
2453228.37247 0.415 0.008 0.584 0.007 0.761 0.007 0.169 0.006 0.346 0.006 0.177 0.006
2453228.37284 0.375 0.008 0.565 0.007 99.999 9.999 0.190 0.006 99.999 9.999 99.999 9.999




2453228.37396 0.409 0.008 0.564 0.007 0.769 0.007 0.155 0.006 0.360 0.006 0.205 0.006


2453228.37470 0.404 0.008 0.583 0.007 0.767 0.007 0.179 0.006 0.363 0.006 0.184 0.006


2453228.37546 0.371 0.008 0.567 0.007 0.732 0.007 0.196 0.006 0.361 0.006 0.165 0.006
2453228.37583 0.360 0.008 0.560 0.007 0.757 0.007 0.200 0.006 0.397 0.006 0.197 0.006








2453228.37769 0.358 0.008 0.527 0.007 99.999 9.999 0.169 0.006 99.999 9.999 99.999 9.999
2453228.37806 0.370 0.008 0.527 0.007 0.750 0.007 0.157 0.006 0.380 0.006 0.223 0.006
2453228.37844 99.999 9.999 0.532 0.007 0.717 0.007 99.999 9.999 99.999 9.999 0.185 0.006
2453228.37881 0.362 0.008 0.522 0.008 0.720 0.007 0.160 0.007 0.358 0.006 0.198 0.006
2453228.37918 99.999 9.999 0.529 0.007 0.738 0.007 99.999 9.999 99.999 9.999 0.209 0.006
2453228.37955 0.392 0.008 0.554 0.007 0.745 0.007 0.162 0.006 0.353 0.006 0.191 0.006
2453228.37994 99.999 9.999 0.543 0.008 0.751 0.007 99.999 9.999 99.999 9.999 0.208 0.006
2453228.38031 99.999 9.999 0.513 0.007 99.999 9.999 99.999 9.999 99.999 9.999 99.999 9.999




2453228.38143 0.314 0.008 0.521 0.008 99.999 9.999 0.207 0.007 99.999 9.999 99.999 9.999
2453228.38180 99.999 9.999 0.542 0.007 0.700 0.007 99.999 9.999 99.999 9.999 0.158 0.006
2453228.38217 0.382 0.008 0.532 0.007 0.749 0.007 0.150 0.006 0.367 0.006 0.217 0.006
2453228.38254 0.360 0.008 0.545 0.007 0.712 0.007 0.185 0.006 0.352 0.006 0.167 0.006
2453228.38292 99.999 9.999 0.503 0.008 0.710 0.007 99.999 9.999 99.999 9.999 0.207 0.006
2453228.38329 0.328 0.008 0.506 0.008 99.999 9.999 0.178 0.007 99.999 9.999 99.999 9.999
2453228.38366 0.342 0.008 0.521 0.007 99.999 9.999 0.179 0.006 99.999 9.999 99.999 9.999
2453228.38405 0.325 0.008 0.519 0.007 0.708 0.007 0.194 0.006 0.383 0.006 0.189 0.006
2453228.38442 99.999 9.999 0.497 0.008 0.711 0.007 99.999 9.999 99.999 9.999 0.214 0.006
2453228.38479 99.999 9.999 0.499 0.008 0.718 0.007 99.999 9.999 99.999 9.999 0.219 0.006
2453228.38516 0.324 0.008 0.536 0.007 0.697 0.007 0.212 0.006 0.373 0.006 0.161 0.006
2453228.38554 0.349 0.008 0.505 0.007 0.714 0.007 0.156 0.006 0.365 0.006 0.209 0.006
2453228.38591 0.325 0.008 0.523 0.007 0.688 0.007 0.198 0.006 0.363 0.006 0.165 0.006
2453228.38628 0.383 0.008 99.999 9.999 0.752 0.007 99.999 9.999 0.369 0.006 99.999 9.999
2453228.38665 0.377 0.008 0.512 0.008 0.721 0.007 0.135 0.007 0.344 0.006 0.209 0.006
2453228.38703 99.999 9.999 0.518 0.007 0.718 0.007 99.999 9.999 99.999 9.999 0.200 0.006
2453228.38740 99.999 9.999 0.517 0.007 99.999 9.999 99.999 9.999 99.999 9.999 99.999 9.999
2453228.38777 99.999 9.999 0.517 0.007 0.712 0.007 99.999 9.999 99.999 9.999 0.195 0.006


2453228.38852 0.303 0.008 0.500 0.007 0.677 0.007 0.197 0.006 0.374 0.006 0.177 0.006
2453228.38889 0.329 0.008 0.489 0.007 0.686 0.007 0.160 0.006 0.357 0.006 0.197 0.006
2453228.38927 99.999 9.999 0.492 0.007 0.674 0.007 99.999 9.999 99.999 9.999 0.182 0.006
2453228.38964 0.363 0.008 99.999 9.999 0.706 0.007 99.999 9.999 0.343 0.006 99.999 9.999




2453228.39076 0.294 0.008 0.488 0.007 99.999 9.999 0.194 0.006 99.999 9.999 99.999 9.999
2453228.39113 99.999 9.999 0.497 0.007 0.692 0.007 99.999 9.999 99.999 9.999 0.195 0.006


2453228.39188 0.310 0.008 0.503 0.007 0.660 0.007 0.193 0.006 0.350 0.006 0.157 0.006
2453228.39225 0.327 0.008 0.480 0.007 0.680 0.007 0.153 0.006 0.353 0.006 0.200 0.006
2453228.39262 99.999 9.999 0.473 0.007 99.999 9.999 99.999 9.999 99.999 9.999 99.999 9.999


2453228.39337 0.322 0.008 0.507 0.007 0.680 0.007 0.185 0.006 0.358 0.006 0.173 0.006
2453228.39374 0.330 0.008 0.492 0.007 0.676 0.007 0.162 0.006 0.346 0.006 0.184 0.006
2453228.39411 99.999 9.999 0.465 0.007 0.668 0.007 99.999 9.999 99.999 9.999 0.203 0.006
2453228.39450 0.308 0.008 0.470 0.007 0.678 0.007 0.162 0.006 0.370 0.006 0.208 0.006
2453228.39487 0.325 0.008 0.485 0.007 0.667 0.007 0.160 0.006 0.342 0.006 0.182 0.006
2453228.39524 0.289 0.007 0.482 0.006 0.653 0.006 0.193 0.006 0.364 0.006 0.171 0.006
2453228.39561 0.317 0.008 0.459 0.007 0.669 0.007 0.142 0.006 0.352 0.006 0.210 0.006
2453228.39599 99.999 9.999 0.481 0.007 99.999 9.999 99.999 9.999 99.999 9.999 99.999 9.999
2453228.39636 99.999 9.999 0.458 0.007 0.688 0.007 99.999 9.999 99.999 9.999 0.230 0.006
2453228.39673 0.311 0.007 0.473 0.006 0.662 0.006 0.162 0.006 0.351 0.006 0.189 0.006
2453228.39710 0.304 0.008 0.479 0.007 99.999 9.999 0.175 0.006 99.999 9.999 99.999 9.999
2453228.39748 0.340 0.008 0.469 0.007 0.704 0.007 0.129 0.006 0.364 0.006 0.235 0.006


2453228.39822 0.325 0.008 0.468 0.007 0.676 0.007 0.143 0.006 0.351 0.006 0.208 0.006
2453228.39861 0.271 0.008 0.461 0.007 0.627 0.007 0.190 0.006 0.356 0.006 0.166 0.006


2453228.39935 0.307 0.008 99.999 9.999 0.667 0.007 99.999 9.999 0.360 0.006 99.999 9.999
2453228.39972 0.273 0.008 0.459 0.007 0.644 0.007 0.186 0.006 0.371 0.006 0.185 0.006
2453228.40010 0.247 0.007 0.447 0.006 99.999 9.999 0.200 0.006 99.999 9.999 99.999 9.999
2453228.40047 99.999 9.999 0.446 0.007 0.673 0.007 99.999 9.999 99.999 9.999 0.227 0.006
2453228.40084 0.274 0.008 0.463 0.007 0.631 0.007 0.189 0.006 0.357 0.006 0.168 0.006
2453228.40121 0.265 0.007 0.442 0.006 0.616 0.006 0.177 0.006 0.351 0.006 0.174 0.006
2453228.40159 0.271 0.007 0.471 0.006 0.637 0.006 0.200 0.006 0.366 0.006 0.166 0.006
2453228.40196 0.275 0.008 0.468 0.007 0.664 0.007 0.193 0.006 0.389 0.006 0.196 0.006
2453228.40233 0.282 0.008 0.461 0.007 0.652 0.007 0.179 0.006 0.370 0.006 0.191 0.006
2453228.40270 0.305 0.008 0.455 0.007 0.663 0.007 0.150 0.006 0.358 0.006 0.208 0.006
2453228.40308 0.288 0.008 0.447 0.007 0.644 0.007 0.159 0.006 0.356 0.006 0.197 0.006
2453228.40345 0.269 0.008 0.438 0.007 0.638 0.007 0.169 0.006 0.369 0.006 0.200 0.006
2453228.40383 0.290 0.008 0.465 0.007 0.656 0.007 0.175 0.006 0.366 0.006 0.191 0.006
2453228.40420 0.284 0.008 0.457 0.007 0.641 0.007 0.173 0.006 0.357 0.006 0.184 0.006
2453228.40458 0.263 0.008 0.449 0.007 0.634 0.007 0.186 0.006 0.371 0.006 0.185 0.006
2453228.40495 99.999 9.999 0.433 0.006 0.644 0.006 99.999 9.999 99.999 9.999 0.211 0.006
2453228.40532 0.292 0.008 0.429 0.007 0.647 0.007 0.137 0.006 0.355 0.006 0.218 0.006
2453228.40569 0.254 0.008 0.445 0.007 0.636 0.007 0.191 0.006 0.382 0.006 0.191 0.006
2453228.40607 0.266 0.008 0.438 0.007 0.631 0.007 0.172 0.006 0.365 0.006 0.193 0.006


2453228.40681 0.273 0.008 0.429 0.007 0.634 0.007 0.156 0.006 0.361 0.006 0.205 0.006
2453228.40718 0.267 0.008 0.449 0.008 0.633 0.007 0.182 0.007 0.366 0.006 0.184 0.006
2453228.40756 0.253 0.008 0.441 0.007 0.633 0.007 0.188 0.006 0.380 0.006 0.192 0.006
2453228.40793 0.272 0.008 0.444 0.007 0.622 0.007 0.172 0.006 0.350 0.006 0.178 0.006
2453228.40830 0.273 0.008 0.446 0.007 99.999 9.999 0.173 0.006 99.999 9.999 99.999 9.999
2453228.40867 99.999 9.999 0.455 0.007 0.657 0.007 99.999 9.999 99.999 9.999 0.202 0.006
2453228.40906 0.286 0.008 0.460 0.007 0.656 0.007 0.174 0.006 0.370 0.006 0.196 0.006
2453228.40943 0.256 0.008 0.440 0.007 0.635 0.007 0.184 0.006 0.379 0.006 0.195 0.006
2453228.40980 0.264 0.008 0.449 0.007 0.621 0.007 0.185 0.006 0.357 0.006 0.172 0.006
2453228.41017 0.273 0.008 99.999 9.999 0.655 0.007 99.999 9.999 0.382 0.006 99.999 9.999
2453228.41055 0.280 0.008 0.471 0.007 0.644 0.007 0.191 0.006 0.364 0.006 0.173 0.006
2453228.41092 0.247 0.007 0.441 0.006 0.630 0.006 0.194 0.006 0.383 0.006 0.189 0.006
2453228.41129 0.271 0.008 0.440 0.007 0.625 0.007 0.169 0.006 0.354 0.006 0.185 0.006
2453228.41166 0.242 0.007 0.427 0.006 0.611 0.006 0.185 0.006 0.369 0.006 0.184 0.006
2453228.41204 0.276 0.008 0.445 0.007 0.619 0.007 0.169 0.006 0.343 0.006 0.174 0.006
2453228.41241 0.297 0.008 0.437 0.007 0.646 0.007 0.140 0.006 0.349 0.006 0.209 0.006
2453228.41278 0.256 0.007 0.442 0.006 0.638 0.006 0.186 0.006 0.382 0.006 0.196 0.006
2453228.41315 0.260 0.008 0.441 0.007 0.619 0.007 0.181 0.006 0.359 0.006 0.178 0.006
2453228.41354 0.269 0.008 0.419 0.008 0.638 0.007 0.150 0.007 0.369 0.006 0.219 0.006
2453228.41391 0.278 0.008 0.440 0.008 0.653 0.007 0.162 0.007 0.375 0.006 0.213 0.006
2453228.41428 0.266 0.008 0.457 0.007 0.629 0.007 0.191 0.006 0.363 0.006 0.172 0.006
2453228.41465 0.250 0.008 0.437 0.007 0.608 0.007 0.187 0.006 0.358 0.006 0.171 0.006


2453228.41540 0.246 0.008 0.432 0.008 0.637 0.007 0.186 0.007 0.391 0.006 0.205 0.006
2453228.41577 0.252 0.008 0.414 0.007 0.613 0.007 0.162 0.006 0.361 0.006 0.199 0.006
2453228.41614 0.272 0.008 0.433 0.007 0.629 0.007 0.161 0.006 0.357 0.006 0.196 0.006
2453228.41652 0.288 0.008 0.458 0.007 0.658 0.007 0.170 0.006 0.370 0.006 0.200 0.006
2453228.41689 0.275 0.008 0.443 0.007 0.611 0.007 0.168 0.006 0.336 0.006 0.168 0.006
2453228.41726 0.286 0.008 0.432 0.007 0.623 0.007 0.146 0.006 0.337 0.006 0.191 0.006
2453228.41763 0.288 0.008 0.468 0.007 0.630 0.007 0.180 0.006 0.342 0.006 0.162 0.006
2453228.41802 0.268 0.008 0.454 0.007 0.632 0.007 0.186 0.006 0.364 0.006 0.178 0.006
2453228.41839 0.271 0.008 0.445 0.007 0.642 0.007 0.174 0.006 0.371 0.006 0.197 0.006
2453228.41876 0.253 0.008 0.443 0.007 0.636 0.007 0.190 0.006 0.383 0.006 0.193 0.006
2453228.41913 0.254 0.007 0.432 0.006 0.626 0.006 0.178 0.006 0.372 0.006 0.194 0.006


2453228.41988 0.285 0.008 0.438 0.007 0.644 0.007 0.153 0.006 0.359 0.006 0.206 0.006
2453228.42025 0.263 0.008 0.431 0.007 0.625 0.007 0.168 0.006 0.362 0.006 0.194 0.006
2453228.42063 0.269 0.008 0.442 0.007 0.645 0.007 0.173 0.006 0.376 0.006 0.203 0.006
2453228.42100 0.242 0.008 0.430 0.008 99.999 9.999 0.188 0.007 99.999 9.999 99.999 9.999
2453228.42137 0.245 0.008 0.443 0.007 0.622 0.007 0.198 0.006 0.377 0.006 0.179 0.006
2453228.42174 0.264 0.008 0.429 0.007 0.608 0.007 0.165 0.006 0.344 0.006 0.179 0.006
2453228.42212 0.286 0.008 0.448 0.007 0.621 0.007 0.162 0.006 0.335 0.006 0.173 0.006
2453228.42249 99.999 9.999 0.404 0.009 0.584 0.009 99.999 9.999 99.999 9.999 0.180 0.007
2453228.42286 0.253 0.008 0.431 0.007 0.615 0.007 0.178 0.006 0.362 0.006 0.184 0.006
2453228.42323 0.252 0.008 0.410 0.007 0.623 0.007 0.158 0.006 0.371 0.006 0.213 0.006
2453228.42362 0.242 0.007 0.434 0.006 0.627 0.006 0.192 0.006 0.385 0.006 0.193 0.006


2453228.42436 0.244 0.007 0.426 0.006 0.616 0.006 0.182 0.006 0.372 0.006 0.190 0.006
2453228.42473 0.251 0.007 0.397 0.006 0.614 0.006 0.146 0.006 0.363 0.006 0.217 0.006
2453228.42511 0.238 0.007 0.428 0.006 99.999 9.999 0.190 0.006 99.999 9.999 99.999 9.999
2453228.42548 0.238 0.007 0.419 0.006 99.999 9.999 0.181 0.006 99.999 9.999 99.999 9.999
2453228.42585 99.999 9.999 0.422 0.006 99.999 9.999 99.999 9.999 99.999 9.999 99.999 9.999
2453228.42622 0.274 0.007 0.426 0.006 0.622 0.006 0.152 0.006 0.348 0.006 0.196 0.006
2453228.42660 99.999 9.999 0.416 0.006 99.999 9.999 99.999 9.999 99.999 9.999 99.999 9.999
2453228.42697 0.207 0.007 0.419 0.006 0.574 0.006 0.212 0.006 0.367 0.006 0.155 0.006
2453228.42734 0.246 0.007 0.415 0.006 0.605 0.006 0.169 0.006 0.359 0.006 0.190 0.006
2453228.42771 0.211 0.007 0.421 0.006 0.588 0.006 0.210 0.006 0.377 0.006 0.167 0.006
2453228.42810 0.245 0.007 0.404 0.006 0.625 0.006 0.159 0.006 0.380 0.006 0.221 0.006
2453228.42847 0.229 0.007 0.399 0.006 0.615 0.006 0.170 0.006 0.386 0.006 0.216 0.006
2453228.42884 0.217 0.007 0.396 0.006 0.587 0.006 0.179 0.006 0.370 0.006 0.191 0.006
2453228.42921 0.228 0.007 0.397 0.006 0.577 0.006 0.169 0.006 0.349 0.006 0.180 0.006
2453228.42959 0.259 0.007 0.419 0.006 0.614 0.006 0.160 0.006 0.355 0.006 0.195 0.006
2453228.42996 0.248 0.008 0.409 0.008 0.590 0.007 0.161 0.007 0.342 0.006 0.181 0.006
2453228.43033 0.241 0.008 0.416 0.008 0.597 0.007 0.175 0.007 0.356 0.006 0.181 0.006
2453228.43070 0.236 0.008 0.416 0.007 0.620 0.007 0.180 0.006 0.384 0.006 0.204 0.006
2453228.43108 0.264 0.008 0.427 0.007 0.606 0.007 0.163 0.006 0.342 0.006 0.179 0.006
2453228.43145 0.258 0.007 0.438 0.006 0.599 0.006 0.180 0.006 0.341 0.006 0.161 0.006
2453228.43182 0.228 0.007 0.410 0.006 0.594 0.006 0.182 0.006 0.366 0.006 0.184 0.006
2453228.43219 0.228 0.007 0.386 0.006 0.577 0.006 0.158 0.006 0.349 0.006 0.191 0.006
2453228.43258 0.279 0.008 0.419 0.007 0.614 0.007 0.140 0.006 0.335 0.006 0.195 0.006
2453228.43295 0.234 0.008 0.392 0.007 0.582 0.007 0.158 0.006 0.348 0.006 0.190 0.006
2453228.43332 0.260 0.007 0.436 0.006 0.606 0.006 0.176 0.006 0.346 0.006 0.170 0.006
2453228.43369 0.236 0.007 0.418 0.006 0.624 0.006 0.182 0.006 0.388 0.006 0.206 0.006
2453228.43407 0.233 0.007 0.421 0.006 0.585 0.006 0.188 0.006 0.352 0.006 0.164 0.006
2453228.43444 0.239 0.007 0.437 0.006 0.629 0.006 0.198 0.006 0.390 0.006 0.192 0.006
2453228.43481 0.249 0.007 0.411 0.006 0.606 0.006 0.162 0.006 0.357 0.006 0.195 0.006
2453228.43518 0.262 0.007 0.419 0.006 0.615 0.006 0.157 0.006 0.353 0.006 0.196 0.006
2453228.43556 0.248 0.007 0.414 0.006 0.614 0.006 0.166 0.006 0.366 0.006 0.200 0.006
2453228.43593 0.259 0.007 0.412 0.006 0.623 0.006 0.153 0.006 0.364 0.006 0.211 0.006
2453228.43630 0.276 0.007 0.408 0.006 0.627 0.006 0.132 0.006 0.351 0.006 0.219 0.006
2453228.43667 0.265 0.007 0.443 0.006 0.599 0.006 0.178 0.006 0.334 0.006 0.156 0.006
2453228.43705 0.279 0.007 0.422 0.006 0.642 0.006 0.143 0.006 0.363 0.006 0.220 0.006
2453228.43742 0.232 0.007 0.422 0.006 0.607 0.006 0.190 0.006 0.375 0.006 0.185 0.006


2453228.43817 0.214 0.007 0.418 0.006 0.593 0.006 0.204 0.006 0.379 0.006 0.175 0.006
2453228.43855 0.266 0.007 0.422 0.006 0.627 0.006 0.156 0.006 0.361 0.006 0.205 0.006
2453228.43892 0.223 0.009 0.402 0.009 0.589 0.009 0.179 0.008 0.366 0.008 0.187 0.007
2453228.43929 0.240 0.008 0.430 0.007 99.999 9.999 0.190 0.006 99.999 9.999 99.999 9.999
2453228.43966 0.243 0.007 0.424 0.006 0.597 0.006 0.181 0.006 0.354 0.006 0.173 0.006
2453228.44004 0.242 0.007 0.409 0.006 0.614 0.006 0.167 0.006 0.372 0.006 0.205 0.006
2453228.44041 0.230 0.007 0.407 0.006 0.607 0.006 0.177 0.006 0.377 0.006 0.200 0.006
2453228.44078 0.242 0.007 0.400 0.006 0.617 0.006 0.158 0.006 0.375 0.006 0.217 0.006
2453228.44115 0.260 0.007 0.445 0.006 0.631 0.006 0.185 0.006 0.371 0.006 0.186 0.006
2453228.44153 0.235 0.007 0.436 0.006 0.580 0.006 0.201 0.006 0.345 0.006 0.144 0.006
2453228.44190 0.222 0.007 0.413 0.006 99.999 9.999 0.191 0.006 99.999 9.999 99.999 9.999
2453228.44227 0.232 0.007 0.412 0.006 0.586 0.006 0.180 0.006 0.354 0.006 0.174 0.006
2453228.44264 0.239 0.007 0.394 0.006 0.610 0.006 0.155 0.006 0.371 0.006 0.216 0.006
2453228.44303 0.227 0.008 0.400 0.007 0.633 0.007 0.173 0.006 0.406 0.006 0.233 0.006
2453228.44340 0.231 0.008 0.413 0.007 0.605 0.007 0.182 0.006 0.374 0.006 0.192 0.006
2453228.44377 0.261 0.007 0.396 0.006 99.999 9.999 0.135 0.006 99.999 9.999 99.999 9.999
2453228.44414 0.229 0.007 0.424 0.006 0.618 0.006 0.195 0.006 0.389 0.006 0.194 0.006
2453228.44452 0.263 0.007 0.440 0.006 0.600 0.006 0.177 0.006 0.337 0.006 0.160 0.006
2453228.44489 0.240 0.008 0.436 0.007 0.623 0.007 0.196 0.006 0.383 0.006 0.187 0.006
2453228.44526 0.254 0.007 0.432 0.006 0.606 0.006 0.178 0.006 0.352 0.006 0.174 0.006
2453228.44563 0.255 0.007 0.434 0.006 0.612 0.006 0.179 0.006 0.357 0.006 0.178 0.006
2453228.44601 0.235 0.007 0.400 0.006 0.588 0.006 0.165 0.006 0.353 0.006 0.188 0.006
2453228.44638 0.239 0.007 0.404 0.006 0.588 0.006 0.165 0.006 0.349 0.006 0.184 0.006
2453228.44675 0.257 0.007 0.431 0.006 0.620 0.006 0.174 0.006 0.363 0.006 0.189 0.006
2453228.44712 0.258 0.007 0.413 0.006 0.612 0.006 0.155 0.006 0.354 0.006 0.199 0.006
2453228.44751 0.294 0.007 0.430 0.006 0.654 0.006 0.136 0.006 0.360 0.006 0.224 0.006
2453228.44788 0.242 0.007 0.407 0.006 0.591 0.006 0.165 0.006 0.349 0.006 0.184 0.006
2453228.44825 0.274 0.007 0.437 0.006 0.632 0.006 0.163 0.006 0.358 0.006 0.195 0.006
2453228.44862 0.241 0.007 0.426 0.006 0.598 0.006 0.185 0.006 0.357 0.006 0.172 0.006
2453228.44900 0.258 0.007 0.449 0.006 0.609 0.006 0.191 0.006 0.351 0.006 0.160 0.006
2453228.44937 0.299 0.007 0.448 0.006 0.648 0.006 0.149 0.006 0.349 0.006 0.200 0.006


2453228.45011 0.271 0.007 0.426 0.006 0.630 0.006 0.155 0.006 0.359 0.006 0.204 0.006
2453228.45049 0.267 0.008 0.430 0.007 0.623 0.007 0.163 0.006 0.356 0.006 0.193 0.006
2453228.45086 0.249 0.008 0.426 0.007 0.619 0.007 0.177 0.006 0.370 0.006 0.193 0.006
2453228.45123 0.250 0.008 0.433 0.007 0.618 0.007 0.183 0.006 0.368 0.006 0.185 0.006
2453228.45161 0.292 0.007 0.420 0.006 99.999 9.999 0.128 0.006 99.999 9.999 99.999 9.999
2453228.45198 0.277 0.007 0.458 0.006 0.609 0.006 0.181 0.006 0.332 0.006 0.151 0.006
2453228.45236 0.243 0.007 0.423 0.006 0.600 0.006 0.180 0.006 0.357 0.006 0.177 0.006
2453228.45273 0.280 0.007 0.445 0.006 0.631 0.006 0.165 0.006 0.351 0.006 0.186 0.006
2453228.45311 0.293 0.008 0.426 0.007 0.654 0.007 0.133 0.006 0.361 0.006 0.228 0.006
2453228.45348 0.269 0.008 0.428 0.007 0.631 0.007 0.159 0.006 0.362 0.006 0.203 0.006
2453228.45385 0.262 0.007 0.445 0.006 0.607 0.006 0.183 0.006 0.345 0.006 0.162 0.006
2453228.45422 0.271 0.007 0.437 0.006 0.663 0.006 0.166 0.006 0.392 0.006 0.226 0.006
2453228.45460 0.237 0.007 0.442 0.006 0.616 0.006 0.205 0.006 0.379 0.006 0.174 0.006


2453228.45534 0.257 0.007 0.456 0.006 99.999 9.999 0.199 0.006 99.999 9.999 99.999 9.999
2453228.45571 0.298 0.008 0.450 0.007 0.688 0.007 0.152 0.006 0.390 0.006 0.238 0.006
2453228.45609 0.258 0.007 0.437 0.006 99.999 9.999 0.179 0.006 99.999 9.999 99.999 9.999
2453228.45646 0.239 0.007 0.439 0.006 99.999 9.999 0.200 0.006 99.999 9.999 99.999 9.999
2453228.45683 0.280 0.007 0.460 0.006 0.607 0.006 0.180 0.006 0.327 0.006 0.147 0.006
2453228.45720 0.261 0.007 0.441 0.006 0.639 0.006 0.180 0.006 0.378 0.006 0.198 0.006


2453228.45796 99.999 9.999 0.456 0.007 0.697 0.007 99.999 9.999 99.999 9.999 0.241 0.006
2453228.45833 0.256 0.007 0.448 0.006 0.609 0.006 0.192 0.006 0.353 0.006 0.161 0.006
2453228.45870 0.267 0.007 0.453 0.006 0.656 0.006 0.186 0.006 0.389 0.006 0.203 0.006
2453228.45908 0.288 0.008 0.449 0.007 0.622 0.007 0.161 0.006 0.334 0.006 0.173 0.006
2453228.45945 0.311 0.008 0.459 0.007 0.660 0.007 0.148 0.006 0.349 0.006 0.201 0.006
2453228.45982 0.295 0.007 0.454 0.006 0.641 0.006 0.159 0.006 0.346 0.006 0.187 0.006
2453228.46019 0.286 0.008 0.474 0.007 0.667 0.007 0.188 0.006 0.381 0.006 0.193 0.006
2453228.46057 0.309 0.008 0.447 0.007 0.656 0.007 0.138 0.006 0.347 0.006 0.209 0.006
2453228.46094 0.299 0.008 0.472 0.007 0.649 0.007 0.173 0.006 0.350 0.006 0.177 0.006
2453228.46131 0.304 0.008 0.447 0.007 0.664 0.007 0.143 0.006 0.360 0.006 0.217 0.006
2453228.46168 0.276 0.008 0.458 0.007 0.646 0.007 0.182 0.006 0.370 0.006 0.188 0.006
2453228.46207 0.307 0.008 0.476 0.007 0.667 0.007 0.169 0.006 0.360 0.006 0.191 0.006
2453228.46244 0.282 0.008 0.463 0.007 0.650 0.007 0.181 0.006 0.368 0.006 0.187 0.006
2453228.46281 0.291 0.008 0.466 0.007 0.674 0.007 0.175 0.006 0.383 0.006 0.208 0.006
2453228.46318 0.296 0.008 0.475 0.007 0.636 0.007 0.179 0.006 0.340 0.006 0.161 0.006


2453228.46393 99.999 9.999 0.466 0.006 99.999 9.999 99.999 9.999 99.999 9.999 99.999 9.999
2453228.46430 99.999 9.999 0.484 0.007 0.693 0.007 99.999 9.999 99.999 9.999 0.209 0.006
2453228.46467 0.276 0.007 0.460 0.006 99.999 9.999 0.184 0.006 99.999 9.999 99.999 9.999
2453228.46505 0.318 0.008 99.999 9.999 0.645 0.007 99.999 9.999 0.327 0.006 99.999 9.999
2453228.46542 99.999 9.999 0.472 0.007 0.672 0.007 99.999 9.999 99.999 9.999 0.200 0.006
2453228.46579 0.313 0.008 0.481 0.007 0.676 0.007 0.168 0.006 0.363 0.006 0.195 0.006
2453228.46616 99.999 9.999 0.478 0.006 0.641 0.006 99.999 9.999 99.999 9.999 0.163 0.006
2453228.46655 0.261 0.007 0.489 0.006 0.628 0.006 0.228 0.006 0.367 0.006 0.139 0.006
2453228.46692 0.345 0.008 99.999 9.999 0.691 0.007 99.999 9.999 0.346 0.006 99.999 9.999
2453228.46729 0.298 0.008 0.497 0.007 0.650 0.007 0.199 0.006 0.352 0.006 0.153 0.006
2453228.46766 99.999 9.999 0.465 0.007 0.659 0.007 99.999 9.999 99.999 9.999 0.194 0.006
2453228.46804 0.273 0.008 0.448 0.007 0.638 0.007 0.175 0.006 0.365 0.006 0.190 0.006
2453228.46841 0.272 0.007 0.465 0.006 0.614 0.006 0.193 0.006 0.342 0.006 0.149 0.006
2453228.46878 0.266 0.007 0.455 0.006 99.999 9.999 0.189 0.006 99.999 9.999 99.999 9.999


2453228.46953 0.267 0.008 0.456 0.007 99.999 9.999 0.189 0.006 99.999 9.999 99.999 9.999
2453228.46990 0.291 0.008 0.496 0.007 0.639 0.007 0.205 0.006 0.348 0.006 0.143 0.006


2453228.47064 0.311 0.007 0.442 0.006 0.659 0.006 0.131 0.006 0.348 0.006 0.217 0.006
2453228.47102 0.297 0.008 0.471 0.007 0.628 0.007 0.174 0.006 0.331 0.006 0.157 0.006
2453228.47139 99.999 9.999 0.466 0.007 0.673 0.007 99.999 9.999 99.999 9.999 0.207 0.006
2453228.47177 0.266 0.008 0.483 0.007 99.999 9.999 0.217 0.006 99.999 9.999 99.999 9.999


2453228.47252 0.252 0.007 0.446 0.006 99.999 9.999 0.194 0.006 99.999 9.999 99.999 9.999


2453228.47326 0.333 0.008 0.466 0.007 0.689 0.007 0.133 0.006 0.356 0.006 0.223 0.006
2453228.47363 99.999 9.999 0.468 0.006 0.633 0.006 99.999 9.999 99.999 9.999 0.165 0.006
2453228.47401 0.266 0.008 0.462 0.007 99.999 9.999 0.196 0.006 99.999 9.999 99.999 9.999
2453228.47438 99.999 9.999 0.445 0.007 0.683 0.007 99.999 9.999 99.999 9.999 0.238 0.006
2453228.47475 0.303 0.008 0.481 0.007 0.639 0.007 0.178 0.006 0.336 0.006 0.158 0.006


2453228.47550 0.284 0.008 0.490 0.007 0.642 0.007 0.206 0.006 0.358 0.006 0.152 0.006


2453228.47624 0.268 0.007 0.465 0.006 99.999 9.999 0.197 0.006 99.999 9.999 99.999 9.999
2453228.47663 0.269 0.008 0.474 0.007 99.999 9.999 0.205 0.006 99.999 9.999 99.999 9.999




2453228.47774 0.299 0.007 0.462 0.006 0.624 0.006 0.163 0.006 0.325 0.006 0.162 0.006
2453228.47812 99.999 9.999 0.474 0.007 0.616 0.007 99.999 9.999 99.999 9.999 0.142 0.006
2453228.47849 0.328 0.008 0.449 0.007 0.683 0.007 0.121 0.006 0.355 0.006 0.234 0.006




2453228.47961 0.260 0.007 0.450 0.006 99.999 9.999 0.190 0.006 99.999 9.999 99.999 9.999


2453228.48035 0.276 0.008 0.460 0.007 99.999 9.999 0.184 0.006 99.999 9.999 99.999 9.999
2453228.48072 0.276 0.008 0.496 0.007 99.999 9.999 0.220 0.006 99.999 9.999 99.999 9.999
2453228.48111 99.999 9.999 0.454 0.006 0.622 0.006 99.999 9.999 99.999 9.999 0.168 0.006
2453228.48148 0.272 0.008 0.464 0.007 0.670 0.007 0.192 0.006 0.398 0.006 0.206 0.006


2453228.48222 99.999 9.999 0.459 0.007 0.694 0.007 99.999 9.999 99.999 9.999 0.235 0.006
2453228.48260 0.272 0.008 0.470 0.007 99.999 9.999 0.198 0.006 99.999 9.999 99.999 9.999
2453228.48297 0.284 0.008 0.455 0.007 0.694 0.007 0.171 0.006 0.410 0.006 0.239 0.006


2453228.48372 0.314 0.008 0.488 0.007 0.660 0.007 0.174 0.006 0.346 0.006 0.172 0.006
2453228.48409 0.264 0.008 0.461 0.007 0.669 0.007 0.197 0.006 0.405 0.006 0.208 0.006
2453228.48446 99.999 9.999 0.487 0.007 0.704 0.007 99.999 9.999 99.999 9.999 0.217 0.006
2453228.48483 0.339 0.008 0.488 0.007 0.703 0.007 0.149 0.006 0.364 0.006 0.215 0.006
2453228.48521 0.266 0.008 0.493 0.007 0.628 0.007 0.227 0.006 0.362 0.006 0.135 0.006
2453228.48558 0.326 0.008 0.466 0.007 0.702 0.007 0.140 0.006 0.376 0.006 0.236 0.006
2453228.48595 0.262 0.008 0.478 0.007 0.655 0.007 0.216 0.006 0.393 0.006 0.177 0.006


2453228.48671 0.291 0.008 0.474 0.007 0.634 0.007 0.183 0.006 0.343 0.006 0.160 0.006
2453228.48708 99.999 9.999 0.468 0.007 0.678 0.007 99.999 9.999 99.999 9.999 0.210 0.006
2453228.48745 0.296 0.008 0.499 0.007 0.691 0.007 0.203 0.006 0.395 0.006 0.192 0.006
2453228.48782 0.298 0.008 0.485 0.007 99.999 9.999 0.187 0.006 99.999 9.999 99.999 9.999


2453228.48857 0.312 0.008 0.485 0.007 0.663 0.007 0.173 0.006 0.351 0.006 0.178 0.006
2453228.48894 0.300 0.008 0.469 0.007 0.702 0.007 0.169 0.006 0.402 0.006 0.233 0.006
2453228.48931 0.291 0.008 0.478 0.007 0.635 0.007 0.187 0.006 0.344 0.006 0.157 0.006
2453228.48969 99.999 9.999 0.484 0.007 0.707 0.007 99.999 9.999 99.999 9.999 0.223 0.006
2453228.49006 0.327 0.008 0.504 0.007 0.656 0.007 0.177 0.006 0.329 0.006 0.152 0.006
2453228.49043 0.273 0.008 0.479 0.007 0.655 0.007 0.206 0.006 0.382 0.006 0.176 0.006


2453228.49119 0.360 0.008 99.999 9.999 0.705 0.007 99.999 9.999 0.345 0.006 99.999 9.999
2453228.49156 0.313 0.008 0.488 0.007 0.674 0.007 0.175 0.006 0.361 0.006 0.186 0.006
2453228.49193 0.285 0.008 0.483 0.007 0.646 0.007 0.198 0.006 0.361 0.006 0.163 0.006


2453228.49268 99.999 9.999 0.466 0.007 0.674 0.007 99.999 9.999 99.999 9.999 0.208 0.006
2453228.49305 0.328 0.008 0.493 0.007 0.664 0.007 0.165 0.006 0.336 0.006 0.171 0.006
2453228.49342 99.999 9.999 0.478 0.007 0.673 0.007 99.999 9.999 99.999 9.999 0.195 0.006
2453228.49379 0.334 0.008 0.497 0.007 0.686 0.007 0.163 0.006 0.352 0.006 0.189 0.006
2453228.49417 99.999 9.999 0.469 0.007 0.712 0.007 99.999 9.999 99.999 9.999 0.243 0.006
2453228.49454 99.999 9.999 0.488 0.007 0.672 0.007 99.999 9.999 99.999 9.999 0.184 0.006
2453228.49491 0.284 0.008 0.486 0.007 99.999 9.999 0.202 0.006 99.999 9.999 99.999 9.999
2453228.49528 0.309 0.008 0.481 0.007 0.717 0.007 0.172 0.006 0.408 0.006 0.236 0.006


2453228.49604 0.356 0.008 0.503 0.007 0.705 0.007 0.147 0.006 0.349 0.006 0.202 0.006
2453228.49641 99.999 9.999 0.471 0.007 99.999 9.999 99.999 9.999 99.999 9.999 99.999 9.999


2453228.49716 0.274 0.008 0.467 0.007 99.999 9.999 0.193 0.006 99.999 9.999 99.999 9.999
2453228.49753 0.278 0.008 0.473 0.007 0.635 0.007 0.195 0.006 0.357 0.006 0.162 0.006


2453228.49827 99.999 9.999 0.494 0.007 0.719 0.007 99.999 9.999 99.999 9.999 0.225 0.006


2453228.49902 0.282 0.008 0.476 0.007 99.999 9.999 0.194 0.006 99.999 9.999 99.999 9.999
2453228.49939 0.315 0.008 0.498 0.007 0.646 0.007 0.183 0.006 0.331 0.006 0.148 0.006


2453228.50014 0.276 0.008 0.471 0.007 99.999 9.999 0.195 0.006 99.999 9.999 99.999 9.999
2453228.50052 0.316 0.008 0.479 0.007 0.710 0.007 0.163 0.006 0.394 0.006 0.231 0.006
2453228.50089 0.343 0.008 0.496 0.007 0.711 0.007 0.153 0.006 0.368 0.006 0.215 0.006
2453228.50126 99.999 9.999 0.468 0.007 0.669 0.007 99.999 9.999 99.999 9.999 0.201 0.006
2453228.50164 0.309 0.008 0.462 0.007 99.999 9.999 0.153 0.006 99.999 9.999 99.999 9.999
2453228.50201 99.999 9.999 0.458 0.007 0.656 0.007 99.999 9.999 99.999 9.999 0.198 0.006
2453228.50238 0.331 0.008 0.460 0.007 0.677 0.007 0.129 0.006 0.346 0.006 0.217 0.006
2453228.50275 0.256 0.008 0.455 0.007 99.999 9.999 0.199 0.006 99.999 9.999 99.999 9.999
2453228.50313 0.300 0.008 0.477 0.007 0.650 0.007 0.177 0.006 0.350 0.006 0.173 0.006
2453228.50350 99.999 9.999 0.457 0.007 0.687 0.007 99.999 9.999 99.999 9.999 0.230 0.006


2453228.50424 0.297 0.008 0.479 0.007 0.675 0.007 0.182 0.006 0.378 0.006 0.196 0.006
2453228.50462 0.322 0.008 0.488 0.007 0.661 0.007 0.166 0.006 0.339 0.006 0.173 0.006
2453228.50499 0.355 0.008 0.502 0.007 0.710 0.007 0.147 0.006 0.355 0.006 0.208 0.006


2453228.50573 0.310 0.008 0.490 0.007 0.647 0.007 0.180 0.006 0.337 0.006 0.157 0.006
2453228.50612 0.313 0.008 0.492 0.007 99.999 9.999 0.179 0.006 99.999 9.999 99.999 9.999
2453228.50649 0.318 0.008 0.483 0.007 0.666 0.007 0.165 0.006 0.348 0.006 0.183 0.006
2453228.50686 0.328 0.008 0.491 0.007 0.697 0.007 0.163 0.006 0.369 0.006 0.206 0.006
2453228.50724 0.264 0.008 0.443 0.007 0.649 0.007 0.179 0.006 0.385 0.006 0.206 0.006
2453228.50761 0.333 0.008 0.485 0.007 0.722 0.007 0.152 0.006 0.389 0.006 0.237 0.006


2453228.50835 0.282 0.008 0.483 0.007 99.999 9.999 0.201 0.006 99.999 9.999 99.999 9.999
2453228.50873 0.293 0.008 0.487 0.007 0.633 0.007 0.194 0.006 0.340 0.006 0.146 0.006
2453228.50910 0.301 0.008 0.475 0.007 0.667 0.007 0.174 0.006 0.366 0.006 0.192 0.006


2453228.50984 99.999 9.999 0.487 0.007 0.710 0.007 99.999 9.999 99.999 9.999 0.223 0.006
2453228.51023 0.287 0.008 0.488 0.007 99.999 9.999 0.201 0.006 99.999 9.999 99.999 9.999
2453228.51060 0.268 0.008 0.465 0.007 99.999 9.999 0.197 0.006 99.999 9.999 99.999 9.999


2453228.51134 0.343 0.008 0.501 0.007 0.693 0.007 0.158 0.006 0.350 0.006 0.192 0.006
2453228.51172 99.999 9.999 0.486 0.007 0.662 0.007 99.999 9.999 99.999 9.999 0.176 0.006
2453228.51209 0.335 0.008 0.487 0.007 0.715 0.007 0.152 0.006 0.380 0.006 0.228 0.006
2453228.51246 0.320 0.008 0.504 0.007 0.667 0.007 0.184 0.006 0.347 0.006 0.163 0.006
2453228.51283 0.303 0.008 0.509 0.007 0.674 0.007 0.206 0.006 0.371 0.006 0.165 0.006
2453228.51321 0.302 0.008 0.500 0.007 0.685 0.007 0.198 0.006 0.383 0.006 0.185 0.006
2453228.51358 0.313 0.008 0.485 0.007 0.662 0.007 0.172 0.006 0.349 0.006 0.177 0.006
2453228.51395 0.314 0.008 0.481 0.007 0.696 0.007 0.167 0.006 0.382 0.006 0.215 0.006


2453228.51470 0.322 0.008 0.518 0.007 0.670 0.007 0.196 0.006 0.348 0.006 0.152 0.006
2453228.51508 99.999 9.999 0.479 0.007 0.695 0.007 99.999 9.999 99.999 9.999 0.216 0.006
2453228.51545 0.311 0.008 0.503 0.007 0.705 0.007 0.192 0.006 0.394 0.006 0.202 0.006
2453228.51582 99.999 9.999 0.498 0.007 0.712 0.007 99.999 9.999 99.999 9.999 0.214 0.006
2453228.51620 0.336 0.008 0.508 0.007 0.684 0.007 0.172 0.006 0.348 0.006 0.176 0.006
2453228.51657 0.299 0.008 0.491 0.007 0.663 0.007 0.192 0.006 0.364 0.006 0.172 0.006
2453228.51694 0.338 0.008 0.532 0.007 0.691 0.007 0.194 0.006 0.353 0.006 0.159 0.006
2453228.51731 0.336 0.008 0.508 0.007 0.706 0.007 0.172 0.006 0.370 0.006 0.198 0.006
2453228.51769 0.330 0.008 0.514 0.007 0.689 0.007 0.184 0.006 0.359 0.006 0.175 0.006
2453228.51806 0.316 0.008 0.512 0.007 0.692 0.007 0.196 0.006 0.376 0.006 0.180 0.006
2453228.51843 0.327 0.008 0.515 0.007 0.675 0.007 0.188 0.006 0.348 0.006 0.160 0.006
2453228.51881 0.348 0.008 0.509 0.007 0.720 0.007 0.161 0.006 0.372 0.006 0.211 0.006
2453228.51918 0.339 0.008 0.494 0.008 0.696 0.007 0.155 0.007 0.357 0.006 0.202 0.006
2453228.51955 0.335 0.008 0.513 0.007 0.704 0.007 0.178 0.006 0.369 0.006 0.191 0.006
2453228.51992 0.336 0.008 0.534 0.007 0.715 0.007 0.198 0.006 0.379 0.006 0.181 0.006
2453228.52031 0.337 0.008 0.521 0.007 0.684 0.007 0.184 0.006 0.347 0.006 0.163 0.006
2453228.52068 0.355 0.008 0.516 0.007 0.740 0.007 0.161 0.006 0.385 0.006 0.224 0.006
2453228.52105 0.335 0.008 0.494 0.007 0.710 0.007 0.159 0.006 0.375 0.006 0.216 0.006
2453228.52142 0.341 0.008 0.521 0.007 0.694 0.007 0.180 0.006 0.353 0.006 0.173 0.006
2453228.52180 0.307 0.008 0.496 0.007 0.678 0.007 0.189 0.006 0.371 0.006 0.182 0.006
2453228.52217 0.374 0.008 0.551 0.007 0.759 0.007 0.177 0.006 0.385 0.006 0.208 0.006
2453228.52254 0.356 0.008 0.514 0.008 0.734 0.007 0.158 0.007 0.378 0.006 0.220 0.006
2453228.52291 0.342 0.008 0.514 0.007 0.708 0.007 0.172 0.006 0.366 0.006 0.194 0.006
2453228.52329 0.324 0.008 0.500 0.007 0.678 0.007 0.176 0.006 0.354 0.006 0.178 0.006
2453228.52366 0.344 0.008 0.523 0.007 0.714 0.007 0.179 0.006 0.370 0.006 0.191 0.006
2453228.52403 0.331 0.008 0.512 0.007 0.707 0.007 0.181 0.006 0.376 0.006 0.195 0.006
2453228.52440 0.345 0.008 0.502 0.007 0.702 0.007 0.157 0.006 0.357 0.006 0.200 0.006
2453228.52479 0.333 0.008 0.541 0.007 0.690 0.007 0.208 0.006 0.357 0.006 0.149 0.006
2453228.52516 0.335 0.008 0.516 0.007 0.693 0.007 0.181 0.006 0.358 0.006 0.177 0.006


2453228.52590 0.388 0.008 0.539 0.008 0.740 0.007 0.151 0.007 0.352 0.006 0.201 0.006
2453228.52628 0.343 0.008 0.523 0.007 0.703 0.007 0.180 0.006 0.360 0.006 0.180 0.006
2453228.52665 0.342 0.008 0.526 0.007 0.701 0.007 0.184 0.006 0.359 0.006 0.175 0.006
2453228.52702 0.375 0.008 0.556 0.007 0.733 0.007 0.181 0.006 0.358 0.006 0.177 0.006
2453228.52739 0.322 0.008 0.517 0.007 0.722 0.007 0.195 0.006 0.400 0.006 0.205 0.006
2453228.52777 0.352 0.008 0.536 0.007 0.716 0.007 0.184 0.006 0.364 0.006 0.180 0.006
2453228.52814 0.332 0.008 0.542 0.007 0.686 0.007 0.210 0.006 0.354 0.006 0.144 0.006
2453228.52851 0.330 0.008 0.513 0.008 0.725 0.007 0.183 0.007 0.395 0.006 0.212 0.006
2453228.52888 0.340 0.008 0.530 0.008 0.709 0.007 0.190 0.007 0.369 0.006 0.179 0.006
2453228.52927 0.367 0.008 0.543 0.007 0.731 0.007 0.176 0.006 0.364 0.006 0.188 0.006
2453228.52964 0.377 0.008 0.547 0.007 0.710 0.007 0.170 0.006 0.333 0.006 0.163 0.006
2453228.53001 0.331 0.008 0.516 0.008 0.709 0.007 0.185 0.007 0.378 0.006 0.193 0.006
2453228.53038 0.369 0.008 0.523 0.008 0.726 0.007 0.154 0.007 0.357 0.006 0.203 0.006
2453228.53076 0.358 0.008 0.527 0.008 0.746 0.007 0.169 0.007 0.388 0.006 0.219 0.006
2453228.53113 0.374 0.008 0.568 0.007 0.716 0.007 0.194 0.006 0.342 0.006 0.148 0.006
2453228.53150 0.343 0.008 0.526 0.008 0.731 0.007 0.183 0.007 0.388 0.006 0.205 0.006
2453228.53188 0.385 0.008 0.560 0.008 0.738 0.007 0.175 0.007 0.353 0.006 0.178 0.006
2453228.53225 0.349 0.008 0.532 0.008 0.717 0.007 0.183 0.007 0.368 0.006 0.185 0.006
2453228.53262 0.349 0.008 0.532 0.008 0.732 0.007 0.183 0.007 0.383 0.006 0.200 0.006
2453228.53299 0.343 0.008 0.534 0.008 0.716 0.007 0.191 0.007 0.373 0.006 0.182 0.006
2453228.53337 0.348 0.008 0.543 0.008 0.766 0.007 0.195 0.007 0.418 0.006 0.223 0.006
2453228.53374 0.373 0.008 0.556 0.007 0.745 0.007 0.183 0.006 0.372 0.006 0.189 0.006
2453228.53411 0.385 0.008 0.548 0.008 0.780 0.007 0.163 0.007 0.395 0.006 0.232 0.006
2453228.53448 0.332 0.008 0.543 0.008 0.724 0.007 0.211 0.007 0.392 0.006 0.181 0.006
2453228.53487 0.364 0.008 0.522 0.008 0.735 0.007 0.158 0.007 0.371 0.006 0.213 0.006
2453228.53524 0.371 0.008 0.518 0.008 0.732 0.007 0.147 0.007 0.361 0.006 0.214 0.006
2453228.53561 0.378 0.008 0.553 0.008 99.999 9.999 0.175 0.007 99.999 9.999 99.999 9.999
2453228.53598 0.335 0.008 0.535 0.008 0.729 0.007 0.200 0.007 0.394 0.006 0.194 0.006
2453228.53636 0.350 0.008 0.534 0.008 0.693 0.007 0.184 0.007 0.343 0.006 0.159 0.006
2453228.53673 0.366 0.008 0.529 0.008 0.734 0.007 0.163 0.007 0.368 0.006 0.205 0.006
2453228.53710 0.382 0.008 0.556 0.008 0.748 0.007 0.174 0.007 0.366 0.006 0.192 0.006
2453228.53747 0.367 0.008 0.523 0.008 0.729 0.007 0.156 0.007 0.362 0.006 0.206 0.006
2453228.53785 0.381 0.008 0.572 0.008 0.732 0.007 0.191 0.007 0.351 0.006 0.160 0.006
2453228.53822 0.372 0.008 0.558 0.008 0.772 0.007 0.186 0.007 0.400 0.006 0.214 0.006
2453228.53859 0.340 0.008 0.528 0.008 0.725 0.007 0.188 0.007 0.385 0.006 0.197 0.006
2453228.53896 0.376 0.008 0.548 0.008 0.721 0.007 0.172 0.007 0.345 0.006 0.173 0.006
2453228.53935 0.393 0.008 0.551 0.008 0.745 0.007 0.158 0.007 0.352 0.006 0.194 0.006
2453228.53972 0.370 0.008 0.551 0.008 0.727 0.007 0.181 0.007 0.357 0.006 0.176 0.006
2453228.54009 0.356 0.008 0.539 0.008 0.738 0.007 0.183 0.007 0.382 0.006 0.199 0.006
2453228.54046 0.396 0.008 0.547 0.008 0.755 0.007 0.151 0.007 0.359 0.006 0.208 0.006
2453228.54084 0.363 0.008 0.559 0.008 0.721 0.007 0.196 0.007 0.358 0.006 0.162 0.006
2453228.54121 0.388 0.008 0.552 0.008 0.755 0.007 0.164 0.007 0.367 0.006 0.203 0.006
2453228.54158 0.361 0.008 0.547 0.008 0.741 0.007 0.186 0.007 0.380 0.006 0.194 0.006
2453228.54195 0.358 0.008 0.536 0.008 0.718 0.007 0.178 0.007 0.360 0.006 0.182 0.006
2453228.54233 0.382 0.008 0.554 0.008 0.734 0.007 0.172 0.007 0.352 0.006 0.180 0.006
2453228.54270 0.360 0.008 0.543 0.008 0.756 0.007 0.183 0.007 0.396 0.006 0.213 0.006
2453228.54307 0.348 0.008 0.560 0.008 0.733 0.007 0.212 0.007 0.385 0.006 0.173 0.006
2453228.54344 0.388 0.008 0.559 0.008 0.757 0.007 0.171 0.007 0.369 0.006 0.198 0.006
2453228.54383 0.389 0.008 0.565 0.008 0.772 0.007 0.176 0.007 0.383 0.006 0.207 0.006
2453228.54420 0.381 0.008 0.571 0.008 0.740 0.007 0.190 0.007 0.359 0.006 0.169 0.006
2453228.54457 0.381 0.008 0.565 0.008 0.725 0.007 0.184 0.007 0.344 0.006 0.160 0.006
2453228.54495 0.385 0.008 0.547 0.008 0.749 0.007 0.162 0.007 0.364 0.006 0.202 0.006
2453228.54532 0.401 0.008 0.561 0.008 0.788 0.007 0.160 0.007 0.387 0.006 0.227 0.006
2453228.54569 0.385 0.008 0.551 0.008 0.734 0.007 0.166 0.007 0.349 0.006 0.183 0.006
2453228.54606 0.385 0.008 0.564 0.008 0.748 0.007 0.179 0.007 0.363 0.006 0.184 0.006
2453228.54644 0.358 0.008 0.531 0.008 0.737 0.007 0.173 0.007 0.379 0.006 0.206 0.006
2453228.54681 0.365 0.008 0.531 0.008 0.755 0.007 0.166 0.007 0.390 0.006 0.224 0.006
2453228.54718 0.386 0.008 0.559 0.008 0.758 0.007 0.173 0.007 0.372 0.006 0.199 0.006
2453228.54755 0.377 0.008 0.577 0.008 0.743 0.007 0.200 0.007 0.366 0.006 0.166 0.006
2453228.54793 0.362 0.008 0.565 0.008 0.765 0.007 0.203 0.007 0.403 0.006 0.200 0.006
2453228.54830 0.344 0.008 0.541 0.008 0.731 0.007 0.197 0.007 0.387 0.006 0.190 0.006
2453228.54867 0.374 0.008 0.563 0.008 0.790 0.007 0.189 0.007 0.416 0.006 0.227 0.006
2453228.54905 0.392 0.008 0.559 0.008 0.755 0.007 0.167 0.007 0.363 0.006 0.196 0.006
2453228.54943 0.369 0.008 0.568 0.008 0.734 0.007 0.199 0.007 0.365 0.006 0.166 0.006
2453228.54980 0.387 0.008 0.575 0.008 0.764 0.007 0.188 0.007 0.377 0.006 0.189 0.006
2453228.55017 0.394 0.008 0.571 0.008 0.774 0.007 0.177 0.007 0.380 0.006 0.203 0.006
2453228.55054 0.371 0.008 0.550 0.008 0.745 0.007 0.179 0.007 0.374 0.006 0.195 0.006
2453228.55092 0.356 0.008 0.558 0.008 0.741 0.007 0.202 0.007 0.385 0.006 0.183 0.006
2453228.55129 0.365 0.008 0.537 0.008 0.750 0.007 0.172 0.007 0.385 0.006 0.213 0.006
2453228.55166 0.382 0.008 0.558 0.008 0.734 0.007 0.176 0.007 0.352 0.006 0.176 0.006
2453228.55203 0.403 0.008 0.594 0.008 0.795 0.007 0.191 0.007 0.392 0.006 0.201 0.006
2453228.55241 0.411 0.008 0.592 0.008 0.762 0.007 0.181 0.007 0.351 0.006 0.170 0.006
2453228.55278 0.409 0.009 0.560 0.009 0.779 0.008 0.151 0.007 0.370 0.006 0.219 0.006
2453228.55315 0.400 0.008 0.573 0.008 0.769 0.007 0.173 0.007 0.369 0.006 0.196 0.006
2453228.55352 0.405 0.009 0.585 0.009 0.764 0.008 0.180 0.007 0.359 0.006 0.179 0.006
2453228.55391 0.387 0.008 0.560 0.008 0.753 0.007 0.173 0.007 0.366 0.006 0.193 0.006
2453228.55428 0.376 0.008 0.580 0.008 0.756 0.007 0.204 0.007 0.380 0.006 0.176 0.006
2453228.55465 0.394 0.008 0.581 0.008 0.768 0.007 0.187 0.007 0.374 0.006 0.187 0.006
2453228.55502 0.397 0.008 0.577 0.008 0.805 0.007 0.180 0.007 0.408 0.006 0.228 0.006
2453228.55540 0.388 0.008 0.567 0.008 0.754 0.007 0.179 0.007 0.366 0.006 0.187 0.006
2453228.55577 0.393 0.008 0.570 0.008 0.778 0.007 0.177 0.007 0.385 0.006 0.208 0.006
2453228.55614 0.381 0.008 0.564 0.008 0.778 0.007 0.183 0.007 0.397 0.006 0.214 0.006
2453228.55651 0.365 0.008 0.570 0.008 0.736 0.007 0.205 0.007 0.371 0.006 0.166 0.006
2453228.55689 0.427 0.009 0.598 0.009 0.789 0.008 0.171 0.007 0.362 0.006 0.191 0.006
2453228.55726 0.385 0.008 0.587 0.008 0.759 0.007 0.202 0.007 0.374 0.006 0.172 0.006
2453228.55763 0.387 0.008 0.572 0.008 0.738 0.007 0.185 0.007 0.351 0.006 0.166 0.006
2453228.55802 0.386 0.008 0.548 0.008 0.760 0.007 0.162 0.007 0.374 0.006 0.212 0.006
2453228.55839 0.381 0.008 0.561 0.008 0.754 0.007 0.180 0.007 0.373 0.006 0.193 0.006
2453228.55876 0.439 0.009 0.595 0.009 0.794 0.008 0.156 0.007 0.355 0.006 0.199 0.006
2453228.55913 0.376 0.008 0.575 0.008 0.753 0.007 0.199 0.007 0.377 0.006 0.178 0.006
2453228.55951 0.345 0.008 0.539 0.008 0.723 0.007 0.194 0.007 0.378 0.006 0.184 0.006
2453228.55988 0.366 0.008 0.568 0.008 0.746 0.007 0.202 0.007 0.380 0.006 0.178 0.006
2453228.56025 0.418 0.008 0.595 0.008 0.791 0.007 0.177 0.007 0.373 0.006 0.196 0.006
2453228.56062 0.390 0.009 0.584 0.009 0.799 0.008 0.194 0.007 0.409 0.006 0.215 0.006
2453228.56100 0.399 0.009 0.605 0.009 0.799 0.008 0.206 0.007 0.400 0.006 0.194 0.006
2453228.56137 0.379 0.008 0.547 0.008 0.746 0.007 0.168 0.007 0.367 0.006 0.199 0.006
2453228.56174 0.400 0.009 0.563 0.009 0.777 0.008 0.163 0.007 0.377 0.006 0.214 0.006
2453228.56211 0.383 0.009 0.605 0.009 0.751 0.008 0.222 0.007 0.368 0.006 0.146 0.006
2453228.56249 0.423 0.009 0.598 0.009 0.813 0.008 0.175 0.007 0.390 0.006 0.215 0.006
2453228.56286 0.427 0.009 0.614 0.009 0.818 0.008 0.187 0.007 0.391 0.006 0.204 0.006
2453228.56323 0.426 0.009 0.581 0.009 0.783 0.008 0.155 0.007 0.357 0.006 0.202 0.006
2453228.56361 0.380 0.009 0.597 0.009 0.735 0.008 0.217 0.007 0.355 0.006 0.138 0.006
2453228.56399 0.377 0.008 0.573 0.008 0.764 0.007 0.196 0.007 0.387 0.006 0.191 0.006
2453228.56436 0.381 0.009 0.585 0.009 0.811 0.008 0.204 0.007 0.430 0.006 0.226 0.006
2453228.56473 0.399 0.009 0.595 0.009 0.781 0.008 0.196 0.007 0.382 0.006 0.186 0.006
2453228.56510 0.404 0.008 0.604 0.008 0.780 0.007 0.200 0.007 0.376 0.006 0.176 0.006
2453228.56548 0.402 0.009 0.588 0.009 0.750 0.008 0.186 0.007 0.348 0.006 0.162 0.006
2453228.56585 0.413 0.009 0.587 0.009 0.779 0.008 0.174 0.007 0.366 0.006 0.192 0.006
2453228.56622 0.395 0.009 0.590 0.009 0.806 0.008 0.195 0.007 0.411 0.006 0.216 0.006
2453228.56659 0.414 0.009 0.619 0.009 0.789 0.008 0.205 0.007 0.375 0.006 0.170 0.006
2453228.56697 0.400 0.009 0.609 0.009 0.806 0.008 0.209 0.007 0.406 0.006 0.197 0.006
2453228.56734 0.394 0.009 0.585 0.009 0.739 0.008 0.191 0.007 0.345 0.006 0.154 0.006
2453228.56771 0.383 0.009 0.574 0.009 0.759 0.008 0.191 0.007 0.376 0.006 0.185 0.006
2453228.56808 0.401 0.009 0.580 0.009 0.794 0.008 0.179 0.007 0.393 0.006 0.214 0.006
2453228.56847 0.415 0.009 0.605 0.009 0.762 0.008 0.190 0.007 0.347 0.006 0.157 0.006
2453228.56884 0.417 0.009 0.593 0.009 0.811 0.008 0.176 0.007 0.394 0.006 0.218 0.006
2453228.56921 0.378 0.009 0.564 0.009 0.759 0.008 0.186 0.007 0.381 0.006 0.195 0.006
2453228.56958 0.371 0.009 0.573 0.009 0.770 0.008 0.202 0.007 0.399 0.006 0.197 0.006
2453228.56996 0.402 0.009 0.610 0.009 0.824 0.008 0.208 0.007 0.422 0.006 0.214 0.006
2453228.57033 0.375 0.009 0.594 0.009 0.789 0.008 0.219 0.007 0.414 0.006 0.195 0.006
2453228.57070 0.422 0.009 0.625 0.009 0.777 0.008 0.203 0.007 0.355 0.006 0.152 0.006
2453228.57107 0.404 0.009 0.611 0.009 0.765 0.008 0.207 0.007 0.361 0.006 0.154 0.006
2453228.57145 0.431 0.009 0.607 0.009 0.777 0.008 0.176 0.007 0.346 0.006 0.170 0.006
2453228.57182 0.403 0.009 0.608 0.009 0.827 0.008 0.205 0.007 0.424 0.006 0.219 0.006
2453228.57219 0.403 0.009 0.597 0.009 0.753 0.008 0.194 0.007 0.350 0.006 0.156 0.006
2453228.57256 99.999 9.999 0.620 0.009 0.817 0.008 99.999 9.999 99.999 9.999 0.197 0.006
2453228.57295 99.999 9.999 0.618 0.009 0.828 0.008 99.999 9.999 99.999 9.999 0.210 0.006
2453228.57332 0.414 0.009 0.601 0.009 0.752 0.008 0.187 0.007 0.338 0.006 0.151 0.006
2453228.57369 0.396 0.009 0.586 0.009 0.758 0.008 0.190 0.007 0.362 0.006 0.172 0.006
2453228.57407 0.385 0.009 0.595 0.009 0.803 0.008 0.210 0.007 0.418 0.006 0.208 0.006
2453228.57444 0.422 0.009 0.609 0.009 0.814 0.008 0.187 0.007 0.392 0.006 0.205 0.006
2453228.57481 0.441 0.009 0.612 0.009 0.827 0.008 0.171 0.007 0.386 0.006 0.215 0.006
2453228.57518 0.432 0.009 0.616 0.009 0.765 0.008 0.184 0.007 0.333 0.006 0.149 0.006
2453228.57556 0.412 0.009 0.628 0.009 0.809 0.008 0.216 0.007 0.397 0.006 0.181 0.006
2453228.57593 0.431 0.009 0.596 0.009 0.787 0.008 0.165 0.007 0.356 0.006 0.191 0.006
2453228.57630 0.373 0.009 0.590 0.009 0.806 0.008 0.217 0.007 0.433 0.006 0.216 0.006
2453228.57667 0.440 0.009 0.589 0.009 0.828 0.008 0.149 0.007 0.388 0.006 0.239 0.006
2453228.57705 0.429 0.009 0.643 0.009 0.762 0.008 0.214 0.007 0.333 0.006 0.119 0.006
2453228.57742 0.427 0.009 0.606 0.009 0.816 0.008 0.179 0.007 0.389 0.006 0.210 0.006
2453228.57780 0.372 0.009 0.584 0.009 0.753 0.008 0.212 0.007 0.381 0.006 0.169 0.006
2453228.57817 0.377 0.009 0.575 0.009 0.802 0.008 0.198 0.007 0.425 0.006 0.227 0.006
2453228.57855 0.448 0.009 0.631 0.009 0.845 0.008 0.183 0.007 0.397 0.006 0.214 0.006
2453228.57892 0.427 0.009 0.599 0.009 0.770 0.008 0.172 0.007 0.343 0.006 0.171 0.006
2453228.57929 0.433 0.009 0.620 0.009 0.802 0.008 0.187 0.007 0.369 0.006 0.182 0.006
2453228.57966 0.421 0.009 0.617 0.009 0.769 0.008 0.196 0.007 0.348 0.006 0.152 0.006
2453228.58004 0.381 0.009 0.577 0.009 0.825 0.008 0.196 0.007 0.444 0.006 0.248 0.006
2453228.58041 0.431 0.009 0.645 0.009 0.793 0.008 0.214 0.007 0.362 0.006 0.148 0.006
2453228.58078 0.423 0.009 0.617 0.009 0.824 0.008 0.194 0.007 0.401 0.006 0.207 0.006
2453228.58115 0.417 0.009 0.583 0.009 0.774 0.008 0.166 0.007 0.357 0.006 0.191 0.006
2453228.58153 0.420 0.009 0.626 0.009 0.806 0.008 0.206 0.007 0.386 0.006 0.180 0.006
2453228.58190 0.401 0.009 0.611 0.009 0.763 0.008 0.210 0.007 0.362 0.006 0.152 0.006
2453228.58227 0.433 0.009 0.606 0.009 0.864 0.008 0.173 0.007 0.431 0.006 0.258 0.006
2453228.58264 0.426 0.009 0.635 0.009 0.786 0.009 0.209 0.008 0.360 0.008 0.151 0.007
2453228.58303 0.413 0.009 0.641 0.009 0.805 0.008 0.228 0.007 0.392 0.006 0.164 0.006
2453228.58340 0.440 0.009 0.630 0.009 0.797 0.008 0.190 0.007 0.357 0.006 0.167 0.006
2453228.58377 0.418 0.009 0.614 0.009 0.793 0.008 0.196 0.008 0.375 0.007 0.179 0.006
2453228.58414 0.419 0.009 0.622 0.009 0.787 0.008 0.203 0.008 0.368 0.007 0.165 0.006
2453228.58452 0.414 0.009 0.648 0.009 0.861 0.008 0.234 0.008 0.447 0.007 0.213 0.006
2453228.58489 0.386 0.009 0.567 0.009 0.799 0.008 0.181 0.008 0.413 0.007 0.232 0.006
2453228.58526 0.451 0.009 0.623 0.009 0.851 0.008 0.172 0.008 0.400 0.007 0.228 0.006
2453228.58563 0.458 0.009 0.634 0.009 0.853 0.008 0.176 0.008 0.395 0.007 0.219 0.006
2453228.58601 0.384 0.009 0.575 0.009 0.799 0.008 0.191 0.008 0.415 0.007 0.224 0.006
2453228.58638 0.413 0.009 0.582 0.009 0.786 0.008 0.169 0.008 0.373 0.007 0.204 0.006
2453228.58675 0.434 0.009 0.618 0.009 0.770 0.009 0.184 0.007 0.336 0.007 0.152 0.007
2453228.58712 0.361 0.009 0.575 0.009 0.804 0.008 0.214 0.008 0.443 0.007 0.229 0.006
2453228.58751 0.402 0.009 0.598 0.009 0.838 0.008 0.196 0.008 0.436 0.007 0.240 0.006
2453228.58788 0.432 0.009 0.618 0.009 0.782 0.009 0.186 0.008 0.350 0.008 0.164 0.007
2453228.58825 0.427 0.009 0.627 0.009 0.799 0.009 0.200 0.008 0.372 0.008 0.172 0.007
2453228.58862 0.399 0.009 0.587 0.009 0.811 0.008 0.188 0.008 0.412 0.007 0.224 0.006
2453228.58900 0.386 0.009 0.608 0.009 0.812 0.008 0.222 0.008 0.426 0.007 0.204 0.006
2453228.58937 0.389 0.009 0.599 0.009 0.746 0.009 0.210 0.008 0.357 0.008 0.147 0.007
2453228.58974 0.392 0.009 0.605 0.009 0.841 0.008 0.213 0.008 0.449 0.007 0.236 0.006
2453228.59011 0.447 0.009 0.629 0.009 0.795 0.009 0.182 0.008 0.348 0.008 0.166 0.007
2453228.59049 0.362 0.009 0.599 0.009 0.783 0.009 0.237 0.008 0.421 0.008 0.184 0.007
2453228.59086 0.388 0.009 0.573 0.009 0.794 0.008 0.185 0.008 0.406 0.007 0.221 0.006
2453228.59123 0.452 0.009 0.625 0.009 0.789 0.009 0.173 0.008 0.337 0.008 0.164 0.007
2453228.59160 0.415 0.009 0.624 0.009 0.838 0.008 0.209 0.008 0.423 0.007 0.214 0.006
2453228.59198 0.432 0.009 0.648 0.009 0.805 0.009 0.216 0.008 0.373 0.008 0.157 0.007
2453228.59236 0.387 0.009 0.582 0.009 0.786 0.009 0.195 0.008 0.399 0.008 0.204 0.007
2453228.59273 0.391 0.009 0.596 0.009 0.772 0.009 0.205 0.008 0.381 0.008 0.176 0.007
2453228.59310 0.396 0.009 0.586 0.009 0.776 0.009 0.190 0.008 0.380 0.008 0.190 0.007
2453228.59348 0.380 0.009 0.607 0.009 0.803 0.009 0.227 0.008 0.423 0.008 0.196 0.007
2453228.59385 0.402 0.009 0.566 0.009 0.741 0.009 0.164 0.008 0.339 0.008 0.175 0.007
2453228.59422 0.383 0.009 0.552 0.009 0.749 0.009 0.169 0.008 0.366 0.008 0.197 0.007
2453228.59459 0.357 0.009 0.569 0.009 0.706 0.009 0.212 0.008 0.349 0.008 0.137 0.007
2453228.59497 0.384 0.010 0.611 0.009 0.808 0.009 0.227 0.008 0.424 0.008 0.197 0.007
2453228.59534 0.356 0.009 0.573 0.009 0.768 0.009 0.217 0.008 0.412 0.008 0.195 0.007
2453228.59571 0.383 0.010 0.601 0.009 0.761 0.009 0.218 0.008 0.378 0.008 0.160 0.007
2453228.59608 0.387 0.010 0.589 0.009 0.749 0.009 0.202 0.008 0.362 0.008 0.160 0.007
2453228.59646 0.394 0.010 0.613 0.009 0.810 0.009 0.219 0.008 0.416 0.008 0.197 0.007
2453228.59683 0.362 0.010 0.567 0.009 0.739 0.009 0.205 0.008 0.377 0.008 0.172 0.007
2453228.59720 0.375 0.010 0.596 0.009 0.810 0.009 0.221 0.008 0.435 0.008 0.214 0.007
2453228.59758 0.368 0.010 0.588 0.009 0.774 0.009 0.220 0.008 0.406 0.008 0.186 0.007
2453228.59796 0.384 0.010 0.597 0.009 0.802 0.009 0.213 0.008 0.418 0.008 0.205 0.007
2453228.59833 0.367 0.010 0.620 0.009 0.788 0.009 0.253 0.008 0.421 0.008 0.168 0.007
2453228.59870 0.376 0.010 0.599 0.009 0.785 0.009 0.223 0.008 0.409 0.008 0.186 0.007
2453228.59907 0.397 0.010 0.574 0.010 0.787 0.009 0.177 0.008 0.390 0.008 0.213 0.008
2453228.59945 0.429 0.011 0.622 0.011 0.815 0.010 0.193 0.009 0.386 0.009 0.193 0.008
2453228.59982 0.378 0.011 0.601 0.011 0.787 0.010 0.223 0.009 0.409 0.009 0.186 0.008
