JD V-C s1 V-C1 s2 V-C2 s3 C-C1 s4 C-C2 s5 C1-C2 s6
Aperture: 2.00, Filter: 8.00
2453233.31975 -0.972 0.006 -0.795 0.006 -0.604 0.005 0.177 0.007 0.368 0.006 0.191 0.006
2453233.32012 -0.944 0.006 -0.750 0.006 -0.543 0.005 0.194 0.007 0.401 0.006 0.207 0.006
2453233.32049 -0.921 0.006 -0.742 0.006 -0.564 0.005 0.179 0.007 0.357 0.006 0.178 0.006
2453233.32087 -0.939 0.006 -0.746 0.006 -0.533 0.005 0.193 0.007 0.406 0.006 0.213 0.006
2453233.32124 -0.913 0.006 -0.724 0.006 -0.569 0.005 0.189 0.007 0.344 0.006 0.155 0.006
2453233.32161 -0.944 0.006 -0.742 0.006 -0.549 0.005 0.202 0.007 0.395 0.006 0.193 0.006
2453233.32198 -0.978 0.006 -0.753 0.006 -0.591 0.005 0.225 0.007 0.387 0.006 0.162 0.006
2453233.32236 -0.923 0.006 -0.738 0.006 -0.560 0.005 0.185 0.007 0.363 0.006 0.178 0.006
2453233.32273 -0.870 0.006 -0.722 0.006 -0.574 0.005 0.148 0.007 0.296 0.006 0.148 0.006
2453233.32310 -0.899 0.006 -0.723 0.006 -0.529 0.005 0.176 0.007 0.370 0.006 0.194 0.006
2453233.32347 -0.877 0.006 -0.732 0.006 -0.536 0.005 0.145 0.007 0.341 0.006 0.196 0.006
2453233.32385 -0.886 0.006 -0.709 0.006 -0.574 0.005 0.177 0.007 0.312 0.006 0.135 0.006
2453233.32422 -0.873 0.006 -0.707 0.006 -0.614 0.005 0.166 0.007 0.259 0.006 0.093 0.006
2453233.32459 -0.903 0.006 -0.745 0.006 -0.594 0.005 0.158 0.007 0.309 0.006 0.151 0.006
2453233.32497 -0.883 0.006 -0.709 0.006 -0.602 0.005 0.174 0.007 0.281 0.006 0.107 0.006
2453233.32535 -0.861 0.006 -0.722 0.006 -0.540 0.005 0.139 0.007 0.321 0.006 0.182 0.006
2453233.32572 -0.875 0.006 -0.728 0.006 -0.512 0.005 0.147 0.007 0.363 0.006 0.216 0.006
2453233.32609 -0.910 0.006 -0.726 0.006 -0.605 0.005 0.184 0.007 0.305 0.006 0.121 0.006
2453233.32646 -0.879 0.006 -0.720 0.006 -0.593 0.005 0.159 0.007 0.286 0.006 0.127 0.006
2453233.32684 -0.961 0.006 -0.760 0.006 -0.567 0.005 0.201 0.007 0.394 0.006 0.193 0.006
2453233.32721 -0.918 0.006 -0.742 0.006 -0.512 0.005 0.176 0.007 0.406 0.006 0.230 0.006
2453233.32758 -0.871 0.006 -0.709 0.006 -0.508 0.005 0.162 0.007 0.363 0.006 0.201 0.006
2453233.32795 -0.890 0.006 -0.729 0.006 -0.583 0.005 0.161 0.007 0.307 0.006 0.146 0.006
2453233.32833 -0.884 0.006 -0.712 0.006 -0.570 0.005 0.172 0.007 0.314 0.006 0.142 0.006
2453233.32870 -0.939 0.006 -0.728 0.006 -0.560 0.005 0.211 0.007 0.379 0.006 0.168 0.006
2453233.32907 -0.947 0.006 -0.761 0.006 -0.568 0.005 0.186 0.007 0.379 0.006 0.193 0.006
2453233.32944 -0.889 0.006 -0.713 0.006 -0.490 0.005 0.176 0.007 0.399 0.006 0.223 0.006
2453233.32983 -0.916 0.006 -0.724 0.006 -0.543 0.005 0.192 0.007 0.373 0.006 0.181 0.006
2453233.33020 -0.874 0.006 -0.702 0.006 99.999 9.999 0.172 0.007 99.999 9.999 99.999 9.999
2453233.33057 -0.892 0.006 -0.715 0.006 -0.587 0.005 0.177 0.007 0.305 0.006 0.128 0.006
2453233.33094 -0.922 0.006 -0.735 0.006 -0.620 0.005 0.187 0.007 0.302 0.006 0.115 0.006
2453233.33132 -0.869 0.006 -0.706 0.006 -0.549 0.005 0.163 0.007 0.320 0.006 0.157 0.006
2453233.33169 -0.900 0.006 -0.719 0.006 -0.509 0.005 0.181 0.007 0.391 0.006 0.210 0.006
2453233.33206 -0.888 0.006 -0.709 0.006 -0.614 0.005 0.179 0.007 0.274 0.006 0.095 0.006
2453233.33243 -0.863 0.006 -0.714 0.006 -0.547 0.005 0.149 0.007 0.316 0.006 0.167 0.006
2453233.33281 -0.897 0.006 -0.710 0.006 -0.583 0.005 0.187 0.007 0.314 0.006 0.127 0.006
2453233.33318 -0.883 0.006 -0.712 0.006 -0.507 0.005 0.171 0.007 0.376 0.006 0.205 0.006
2453233.33355 -0.947 0.006 -0.752 0.006 -0.603 0.005 0.195 0.007 0.344 0.006 0.149 0.006
2453233.33392 -0.904 0.006 -0.718 0.006 -0.499 0.005 0.186 0.007 0.405 0.006 0.219 0.006
2453233.33431 -0.859 0.006 -0.707 0.006 -0.527 0.005 0.152 0.007 0.332 0.006 0.180 0.006
2453233.33468 -0.858 0.006 -0.706 0.006 -0.509 0.005 0.152 0.007 0.349 0.006 0.197 0.006
2453233.33505 -0.841 0.006 -0.695 0.006 -0.477 0.005 0.146 0.007 0.364 0.006 0.218 0.006
2453233.33542 -0.870 0.006 -0.711 0.006 -0.611 0.005 0.159 0.007 0.259 0.006 0.100 0.006
2453233.33580 -0.856 0.006 -0.727 0.006 -0.534 0.005 0.129 0.007 0.322 0.006 0.193 0.006
2453233.33617 -0.837 0.006 -0.694 0.006 -0.534 0.005 0.143 0.007 0.303 0.006 0.160 0.006
2453233.33654 -0.953 0.006 -0.738 0.006 -0.578 0.005 0.215 0.007 0.375 0.006 0.160 0.006
2453233.33691 -0.924 0.006 -0.734 0.006 99.999 9.999 0.190 0.007 99.999 9.999 99.999 9.999
2453233.33729 -0.921 0.006 -0.722 0.006 -0.517 0.005 0.199 0.007 0.404 0.006 0.205 0.006
2453233.33766 -0.880 0.006 -0.727 0.006 -0.513 0.005 0.153 0.007 0.367 0.006 0.214 0.006
2453233.33803 -0.872 0.006 -0.727 0.006 -0.522 0.005 0.145 0.007 0.350 0.006 0.205 0.006
2453233.33840 -0.827 0.006 -0.694 0.006 -0.504 0.005 0.133 0.007 0.323 0.006 0.190 0.006
2453233.33878 -0.858 0.006 -0.712 0.006 -0.579 0.005 0.146 0.007 0.279 0.006 0.133 0.006
2453233.33916 -0.913 0.006 -0.730 0.006 -0.514 0.005 0.183 0.007 0.399 0.006 0.216 0.006
2453233.33953 -0.923 0.006 -0.750 0.006 -0.537 0.005 0.173 0.007 0.386 0.006 0.213 0.006
2453233.33990 -0.871 0.006 -0.690 0.006 -0.523 0.005 0.181 0.007 0.348 0.006 0.167 0.006
2453233.34028 -0.897 0.006 -0.734 0.006 -0.497 0.005 0.163 0.007 0.400 0.006 0.237 0.006
2453233.34065 -0.881 0.006 -0.709 0.006 -0.589 0.005 0.172 0.007 0.292 0.006 0.120 0.006
2453233.34102 -0.904 0.006 -0.715 0.006 -0.627 0.005 0.189 0.007 0.277 0.006 0.088 0.006
2453233.34139 -0.932 0.006 -0.729 0.006 -0.573 0.005 0.203 0.007 0.359 0.006 0.156 0.006
2453233.34177 -0.888 0.006 -0.714 0.006 -0.526 0.005 0.174 0.007 0.362 0.006 0.188 0.006
2453233.34214 -0.908 0.006 -0.743 0.006 -0.562 0.005 0.165 0.007 0.346 0.006 0.181 0.006
2453233.34251 -0.889 0.006 -0.725 0.006 -0.577 0.005 0.164 0.007 0.312 0.006 0.148 0.006
2453233.34288 -0.875 0.006 -0.678 0.006 -0.558 0.005 0.197 0.007 0.317 0.006 0.120 0.006
2453233.34326 -0.880 0.006 -0.708 0.006 -0.624 0.005 0.172 0.007 0.256 0.006 0.084 0.006
2453233.34363 -0.847 0.006 -0.720 0.006 -0.544 0.005 0.127 0.007 0.303 0.006 0.176 0.006
2453233.34400 -0.928 0.006 -0.747 0.006 -0.543 0.005 0.181 0.007 0.385 0.006 0.204 0.006
2453233.34438 -0.880 0.006 -0.726 0.006 -0.535 0.005 0.154 0.007 0.345 0.006 0.191 0.006
2453233.34476 -0.858 0.006 -0.705 0.006 -0.542 0.005 0.153 0.007 0.316 0.006 0.163 0.006
2453233.34513 -0.882 0.006 -0.695 0.006 -0.497 0.005 0.187 0.007 0.385 0.006 0.198 0.006
2453233.34550 -0.909 0.006 -0.738 0.006 -0.564 0.005 0.171 0.007 0.345 0.006 0.174 0.006
2453233.34587 -0.870 0.006 -0.697 0.006 -0.538 0.005 0.173 0.007 0.332 0.006 0.159 0.006
2453233.34625 -0.848 0.006 -0.687 0.006 -0.534 0.005 0.161 0.007 0.314 0.006 0.153 0.006
2453233.34662 -0.869 0.006 -0.717 0.006 -0.524 0.005 0.152 0.007 0.345 0.006 0.193 0.006
2453233.34699 -0.910 0.006 -0.737 0.006 -0.501 0.005 0.173 0.007 0.409 0.006 0.236 0.006
2453233.34736 -0.886 0.006 -0.683 0.006 -0.595 0.005 0.203 0.007 0.291 0.006 0.088 0.006
2453233.34774 -0.923 0.006 -0.733 0.006 -0.575 0.005 0.190 0.007 0.348 0.006 0.158 0.006
2453233.34811 -0.930 0.006 -0.732 0.006 -0.524 0.005 0.198 0.007 0.406 0.006 0.208 0.006
2453233.34848 -0.894 0.006 -0.729 0.006 -0.548 0.005 0.165 0.007 0.346 0.006 0.181 0.006
2453233.34885 -0.918 0.006 -0.725 0.006 -0.571 0.005 0.193 0.007 0.347 0.006 0.154 0.006
2453233.34924 -0.926 0.006 -0.735 0.006 -0.553 0.005 0.191 0.007 0.373 0.006 0.182 0.006
2453233.34961 -0.895 0.006 -0.708 0.006 -0.607 0.005 0.187 0.007 0.288 0.006 0.101 0.006
2453233.34998 -0.902 0.006 -0.718 0.006 -0.573 0.005 0.184 0.007 0.329 0.006 0.145 0.006
2453233.35035 -0.887 0.006 -0.719 0.006 -0.507 0.005 0.168 0.007 0.380 0.006 0.212 0.006
2453233.35073 -0.900 0.006 -0.737 0.006 -0.539 0.005 0.163 0.007 0.361 0.006 0.198 0.006
2453233.35110 -0.858 0.006 -0.705 0.006 -0.550 0.005 0.153 0.007 0.308 0.006 0.155 0.006
2453233.35147 -0.885 0.006 -0.700 0.006 -0.584 0.005 0.185 0.007 0.301 0.006 0.116 0.006
2453233.35185 -0.897 0.006 -0.708 0.006 -0.621 0.005 0.189 0.007 0.276 0.006 0.087 0.006
2453233.35222 -0.932 0.006 -0.734 0.006 -0.527 0.005 0.198 0.007 0.405 0.006 0.207 0.006
2453233.35259 -0.921 0.006 -0.733 0.006 -0.533 0.005 0.188 0.007 0.388 0.006 0.200 0.006
2453233.35296 -0.919 0.006 -0.737 0.006 -0.615 0.005 0.182 0.007 0.304 0.006 0.122 0.006
2453233.35334 -0.859 0.006 -0.712 0.006 -0.570 0.005 0.147 0.007 0.289 0.006 0.142 0.006
2453233.35372 -0.910 0.006 -0.732 0.006 -0.560 0.005 0.178 0.007 0.350 0.006 0.172 0.006
2453233.35409 -0.925 0.006 -0.750 0.006 -0.614 0.005 0.175 0.007 0.311 0.006 0.136 0.006
2453233.35446 -0.844 0.006 -0.689 0.006 -0.531 0.005 0.155 0.007 0.313 0.006 0.158 0.006
2453233.35484 -0.860 0.006 -0.690 0.006 -0.600 0.005 0.170 0.007 0.260 0.006 0.090 0.006
2453233.35521 -0.865 0.006 -0.693 0.006 -0.499 0.005 0.172 0.007 0.366 0.006 0.194 0.006
2453233.35558 -0.856 0.006 -0.700 0.006 -0.545 0.005 0.156 0.007 0.311 0.006 0.155 0.006
2453233.35595 -0.831 0.006 -0.688 0.006 -0.521 0.005 0.143 0.007 0.310 0.006 0.167 0.006
2453233.35633 -0.873 0.006 -0.698 0.006 -0.486 0.005 0.175 0.007 0.387 0.006 0.212 0.006
2453233.35670 -0.923 0.006 -0.718 0.006 -0.565 0.005 0.205 0.007 0.358 0.006 0.153 0.006
2453233.35707 -0.858 0.006 -0.698 0.006 -0.475 0.005 0.160 0.007 0.383 0.006 0.223 0.006
2453233.35744 -0.900 0.006 -0.716 0.006 -0.496 0.005 0.184 0.007 0.404 0.006 0.220 0.006
2453233.35782 -0.882 0.006 -0.694 0.006 -0.591 0.005 0.188 0.007 0.291 0.006 0.103 0.006
2453233.35819 -0.927 0.006 -0.741 0.006 -0.542 0.005 0.186 0.007 0.385 0.006 0.199 0.006
2453233.35856 -0.848 0.006 -0.692 0.006 -0.489 0.005 0.156 0.007 0.359 0.006 0.203 0.006
2453233.35894 -0.914 0.006 -0.722 0.006 -0.541 0.005 0.192 0.007 0.373 0.006 0.181 0.006
2453233.35932 -0.911 0.006 -0.725 0.006 -0.542 0.005 0.186 0.007 0.369 0.006 0.183 0.006
2453233.35969 -0.870 0.006 -0.706 0.006 -0.515 0.005 0.164 0.007 0.355 0.006 0.191 0.006
2453233.36006 -0.908 0.006 -0.722 0.006 -0.525 0.005 0.186 0.007 0.383 0.006 0.197 0.006
2453233.36043 -0.878 0.006 -0.686 0.006 -0.475 0.005 0.192 0.007 0.403 0.006 0.211 0.006
2453233.36081 -0.873 0.006 -0.691 0.006 -0.587 0.005 0.182 0.007 0.286 0.006 0.104 0.006
2453233.36118 -0.839 0.006 -0.702 0.006 -0.528 0.005 0.137 0.007 0.311 0.006 0.174 0.006
2453233.36155 -0.890 0.006 -0.694 0.006 -0.571 0.005 0.196 0.007 0.319 0.006 0.123 0.006
2453233.36192 -0.913 0.006 -0.718 0.006 -0.576 0.005 0.195 0.007 0.337 0.006 0.142 0.006
2453233.36230 -0.898 0.006 -0.714 0.006 -0.501 0.005 0.184 0.007 0.397 0.006 0.213 0.006
2453233.36267 -0.907 0.006 -0.711 0.006 -0.540 0.005 0.196 0.007 0.367 0.006 0.171 0.006
2453233.36304 -0.883 0.006 -0.709 0.006 -0.543 0.005 0.174 0.007 0.340 0.006 0.166 0.006
2453233.36341 -0.916 0.006 -0.698 0.006 -0.538 0.005 0.218 0.007 0.378 0.006 0.160 0.006
2453233.36380 -0.905 0.006 -0.726 0.006 -0.549 0.005 0.179 0.007 0.356 0.006 0.177 0.006
2453233.36417 -0.838 0.006 -0.684 0.006 -0.496 0.005 0.154 0.007 0.342 0.006 0.188 0.006
2453233.36454 -0.869 0.006 -0.677 0.006 -0.490 0.005 0.192 0.007 0.379 0.006 0.187 0.006
2453233.36491 -0.894 0.006 -0.699 0.006 -0.580 0.005 0.195 0.007 0.314 0.006 0.119 0.006
2453233.36529 -0.921 0.006 -0.720 0.006 -0.542 0.005 0.201 0.007 0.379 0.006 0.178 0.006
2453233.36566 -0.858 0.006 -0.699 0.006 -0.499 0.005 0.159 0.007 0.359 0.006 0.200 0.006
2453233.36603 -0.850 0.006 -0.678 0.006 -0.575 0.005 0.172 0.007 0.275 0.006 0.103 0.006
2453233.36640 -0.824 0.006 -0.683 0.006 -0.506 0.005 0.141 0.007 0.318 0.006 0.177 0.006
2453233.36678 -0.895 0.006 -0.711 0.006 -0.532 0.005 0.184 0.007 0.363 0.006 0.179 0.006
2453233.36715 -0.902 0.006 -0.723 0.006 -0.575 0.005 0.179 0.007 0.327 0.006 0.148 0.006
2453233.36752 -0.856 0.006 -0.687 0.006 -0.483 0.005 0.169 0.007 0.373 0.006 0.204 0.006
2453233.36789 -0.917 0.006 -0.710 0.006 -0.551 0.005 0.207 0.007 0.366 0.006 0.159 0.006
2453233.36828 -0.851 0.006 -0.704 0.006 -0.546 0.005 0.147 0.007 0.305 0.006 0.158 0.006
2453233.36865 -0.877 0.006 -0.719 0.006 -0.567 0.005 0.158 0.007 0.310 0.006 0.152 0.006
2453233.36902 -0.898 0.006 -0.711 0.006 -0.576 0.005 0.187 0.007 0.322 0.006 0.135 0.006
2453233.36939 -0.848 0.006 -0.683 0.006 -0.555 0.005 0.165 0.007 0.293 0.006 0.128 0.006
2453233.36977 -0.855 0.006 -0.696 0.006 -0.512 0.005 0.159 0.007 0.343 0.006 0.184 0.006
2453233.37014 -0.876 0.006 -0.701 0.006 -0.610 0.005 0.175 0.007 0.266 0.006 0.091 0.006
2453233.37051 -0.857 0.006 -0.685 0.006 -0.535 0.005 0.172 0.007 0.322 0.006 0.150 0.006
2453233.37088 -0.869 0.006 -0.684 0.006 -0.570 0.005 0.185 0.007 0.299 0.006 0.114 0.006
2453233.37126 -0.863 0.006 -0.721 0.006 -0.524 0.005 0.142 0.007 0.339 0.006 0.197 0.006
2453233.37163 -0.891 0.006 -0.704 0.006 -0.548 0.005 0.187 0.007 0.343 0.006 0.156 0.006
2453233.37200 -0.882 0.006 -0.710 0.006 -0.527 0.005 0.172 0.007 0.355 0.006 0.183 0.006
2453233.37237 -0.852 0.006 -0.699 0.006 -0.495 0.005 0.153 0.007 0.357 0.006 0.204 0.006
2453233.37275 -0.874 0.006 -0.688 0.006 -0.474 0.005 0.186 0.007 0.400 0.006 0.214 0.006
2453233.37313 -0.878 0.006 -0.711 0.006 -0.542 0.005 0.167 0.007 0.336 0.006 0.169 0.006
2453233.37350 -0.822 0.006 -0.691 0.006 -0.487 0.005 0.131 0.007 0.335 0.006 0.204 0.006
2453233.37387 -0.873 0.006 -0.693 0.006 -0.508 0.005 0.180 0.007 0.365 0.006 0.185 0.006
2453233.37425 -0.897 0.006 -0.713 0.006 -0.556 0.005 0.184 0.007 0.341 0.006 0.157 0.006
2453233.37462 -0.855 0.006 -0.686 0.006 -0.533 0.005 0.169 0.007 0.322 0.006 0.153 0.006
2453233.37499 -0.820 0.006 -0.684 0.006 -0.529 0.005 0.136 0.007 0.291 0.006 0.155 0.006
2453233.37536 -0.900 0.006 -0.713 0.006 -0.593 0.005 0.187 0.007 0.307 0.006 0.120 0.006
2453233.37574 -0.876 0.006 -0.683 0.006 -0.504 0.005 0.193 0.007 0.372 0.006 0.179 0.006
2453233.37611 -0.835 0.006 -0.683 0.006 -0.511 0.005 0.152 0.007 0.324 0.006 0.172 0.006
2453233.37648 -0.859 0.006 -0.691 0.006 -0.552 0.005 0.168 0.007 0.307 0.006 0.139 0.006
2453233.37685 -0.851 0.006 -0.679 0.006 -0.543 0.005 0.172 0.007 0.308 0.006 0.136 0.006
2453233.37723 -0.884 0.006 -0.705 0.006 -0.526 0.005 0.179 0.007 0.358 0.006 0.179 0.006
2453233.37760 -0.857 0.006 -0.700 0.006 -0.531 0.005 0.157 0.007 0.326 0.006 0.169 0.006
2453233.37797 -0.869 0.006 -0.677 0.006 -0.558 0.005 0.192 0.007 0.311 0.006 0.119 0.006
2453233.37834 -0.880 0.006 -0.676 0.006 -0.576 0.005 0.204 0.007 0.304 0.006 0.100 0.006
2453233.37873 -0.894 0.006 -0.725 0.006 -0.550 0.005 0.169 0.007 0.344 0.006 0.175 0.006
2453233.37910 -0.874 0.006 -0.695 0.006 -0.509 0.005 0.179 0.007 0.365 0.006 0.186 0.006
2453233.37947 -0.838 0.006 -0.662 0.006 -0.534 0.005 0.176 0.007 0.304 0.006 0.128 0.006
2453233.37984 -0.900 0.006 -0.727 0.006 -0.568 0.005 0.173 0.007 0.332 0.006 0.159 0.006
2453233.38022 -0.886 0.006 -0.690 0.006 -0.570 0.005 0.196 0.007 0.316 0.006 0.120 0.006
2453233.38059 -0.823 0.006 -0.680 0.006 -0.537 0.005 0.143 0.007 0.286 0.006 0.143 0.006
2453233.38096 -0.855 0.006 -0.682 0.006 -0.481 0.005 0.173 0.007 0.374 0.006 0.201 0.006
2453233.38133 -0.837 0.006 -0.667 0.006 -0.549 0.005 0.170 0.007 0.288 0.006 0.118 0.006
2453233.38171 -0.859 0.006 -0.694 0.006 -0.504 0.005 0.165 0.007 0.355 0.006 0.190 0.006
2453233.38208 -0.879 0.006 -0.704 0.006 -0.536 0.005 0.175 0.007 0.343 0.006 0.168 0.006
2453233.38245 -0.907 0.006 -0.699 0.006 -0.552 0.005 0.208 0.007 0.355 0.006 0.147 0.006
2453233.38282 -0.854 0.006 -0.690 0.006 -0.488 0.005 0.164 0.007 0.366 0.006 0.202 0.006
2453233.38321 -0.903 0.006 -0.708 0.006 -0.554 0.005 0.195 0.007 0.349 0.006 0.154 0.006
2453233.38358 -0.853 0.006 -0.699 0.006 -0.596 0.005 0.154 0.007 0.257 0.006 0.103 0.006
2453233.38395 -0.888 0.006 -0.717 0.006 -0.529 0.005 0.171 0.007 0.359 0.006 0.188 0.006
2453233.38432 -0.878 0.006 -0.708 0.006 -0.547 0.005 0.170 0.007 0.331 0.006 0.161 0.006
2453233.38470 -0.892 0.006 -0.705 0.006 -0.588 0.005 0.187 0.007 0.304 0.006 0.117 0.006
2453233.38507 -0.844 0.006 -0.673 0.006 -0.514 0.005 0.171 0.007 0.330 0.006 0.159 0.006
2453233.38544 -0.850 0.006 -0.690 0.006 -0.508 0.005 0.160 0.007 0.342 0.006 0.182 0.006
2453233.38581 -0.823 0.006 -0.674 0.006 99.999 9.999 0.149 0.007 99.999 9.999 99.999 9.999
2453233.38619 -0.853 0.006 -0.645 0.006 -0.525 0.005 0.208 0.007 0.328 0.006 0.120 0.006
2453233.38656 -0.848 0.006 -0.681 0.006 -0.573 0.005 0.167 0.007 0.275 0.006 0.108 0.006
2453233.38693 -0.820 0.006 -0.685 0.006 -0.516 0.005 0.135 0.007 0.304 0.006 0.169 0.006
2453233.38730 -0.845 0.006 -0.677 0.006 -0.540 0.005 0.168 0.007 0.305 0.006 0.137 0.006
2453233.38769 -0.813 0.006 -0.669 0.006 99.999 9.999 0.144 0.007 99.999 9.999 99.999 9.999
2453233.38806 -0.836 0.006 -0.661 0.006 -0.479 0.005 0.175 0.007 0.357 0.006 0.182 0.006
2453233.38843 -0.866 0.006 -0.697 0.006 -0.574 0.005 0.169 0.007 0.292 0.006 0.123 0.006
2453233.38880 -0.852 0.006 -0.689 0.006 -0.578 0.005 0.163 0.007 0.274 0.006 0.111 0.006
2453233.38918 -0.871 0.006 -0.671 0.006 -0.512 0.005 0.200 0.007 0.359 0.006 0.159 0.006
2453233.38955 -0.891 0.006 -0.713 0.006 -0.575 0.005 0.178 0.007 0.316 0.006 0.138 0.006
2453233.38992 -0.872 0.006 -0.688 0.006 -0.512 0.005 0.184 0.007 0.360 0.006 0.176 0.006
2453233.39029 -0.874 0.006 -0.688 0.006 -0.518 0.005 0.186 0.007 0.356 0.006 0.170 0.006
2453233.39067 -0.870 0.006 -0.693 0.006 -0.555 0.005 0.177 0.007 0.315 0.006 0.138 0.006
2453233.39104 -0.843 0.006 -0.676 0.006 -0.530 0.005 0.167 0.007 0.313 0.006 0.146 0.006
2453233.39141 -0.829 0.006 -0.656 0.006 -0.558 0.005 0.173 0.007 0.271 0.006 0.098 0.006
2453233.39178 -0.880 0.006 -0.701 0.006 99.999 9.999 0.179 0.007 99.999 9.999 99.999 9.999
2453233.39216 -0.848 0.006 -0.651 0.006 -0.526 0.005 0.197 0.007 0.322 0.006 0.125 0.006
2453233.39253 -0.866 0.006 -0.683 0.006 -0.532 0.005 0.183 0.007 0.334 0.006 0.151 0.006
2453233.39291 -0.824 0.006 -0.657 0.006 -0.474 0.005 0.167 0.007 0.350 0.006 0.183 0.006
2453233.39328 -0.832 0.006 -0.656 0.006 -0.529 0.005 0.176 0.007 0.303 0.006 0.127 0.006
2453233.39366 -0.881 0.006 -0.684 0.006 -0.544 0.005 0.197 0.007 0.337 0.006 0.140 0.006
2453233.39403 -0.871 0.006 -0.698 0.006 -0.516 0.005 0.173 0.007 0.355 0.006 0.182 0.006
2453233.39440 -0.815 0.006 -0.656 0.006 -0.502 0.005 0.159 0.007 0.313 0.006 0.154 0.006
2453233.39477 -0.850 0.006 -0.696 0.006 -0.474 0.005 0.154 0.007 0.376 0.006 0.222 0.006
2453233.39515 -0.822 0.006 -0.627 0.006 -0.445 0.005 0.195 0.007 0.377 0.006 0.182 0.006
2453233.39552 -0.861 0.006 -0.671 0.006 -0.532 0.005 0.190 0.007 0.329 0.006 0.139 0.006
2453233.39589 -0.839 0.006 -0.687 0.006 -0.586 0.005 0.152 0.007 0.253 0.006 0.101 0.006
2453233.39626 -0.858 0.006 -0.652 0.006 -0.522 0.005 0.206 0.007 0.336 0.006 0.130 0.006
2453233.39664 -0.877 0.006 -0.690 0.006 -0.550 0.005 0.187 0.007 0.327 0.006 0.140 0.006
2453233.39701 -0.873 0.006 -0.699 0.006 99.999 9.999 0.174 0.007 99.999 9.999 99.999 9.999
2453233.39738 -0.844 0.006 -0.671 0.006 -0.532 0.005 0.173 0.007 0.312 0.006 0.139 0.006
2453233.39775 -0.856 0.006 -0.690 0.006 -0.540 0.005 0.166 0.007 0.316 0.006 0.150 0.006
2453233.39814 -0.876 0.006 -0.689 0.006 -0.487 0.005 0.187 0.007 0.389 0.006 0.202 0.006
2453233.39851 -0.851 0.006 -0.666 0.006 -0.519 0.005 0.185 0.007 0.332 0.006 0.147 0.006
2453233.39888 -0.847 0.006 -0.680 0.006 -0.563 0.005 0.167 0.007 0.284 0.006 0.117 0.006
2453233.39925 -0.812 0.006 -0.628 0.006 -0.466 0.005 0.184 0.007 0.346 0.006 0.162 0.006
2453233.39963 -0.847 0.006 -0.669 0.006 -0.574 0.005 0.178 0.007 0.273 0.006 0.095 0.006
2453233.40000 -0.866 0.006 -0.705 0.006 99.999 9.999 0.161 0.007 99.999 9.999 99.999 9.999
2453233.40037 -0.880 0.006 -0.681 0.006 -0.535 0.005 0.199 0.007 0.345 0.006 0.146 0.006
2453233.40074 -0.859 0.006 -0.682 0.006 -0.563 0.005 0.177 0.007 0.296 0.006 0.119 0.006
2453233.40112 -0.857 0.006 -0.638 0.006 -0.460 0.005 0.219 0.007 0.397 0.006 0.178 0.006
2453233.40149 -0.860 0.006 -0.675 0.006 -0.569 0.005 0.185 0.007 0.291 0.006 0.106 0.006
2453233.40186 -0.875 0.006 -0.702 0.006 99.999 9.999 0.173 0.007 99.999 9.999 99.999 9.999
2453233.40223 -0.856 0.006 -0.679 0.006 -0.499 0.005 0.177 0.007 0.357 0.006 0.180 0.006
2453233.40262 -0.859 0.006 -0.679 0.006 -0.554 0.005 0.180 0.007 0.305 0.006 0.125 0.006
2453233.40299 -0.788 0.006 -0.653 0.006 -0.463 0.005 0.135 0.007 0.325 0.006 0.190 0.006
2453233.40336 -0.801 0.006 -0.638 0.006 -0.515 0.005 0.163 0.007 0.286 0.006 0.123 0.006
2453233.40373 -0.834 0.006 -0.661 0.006 -0.573 0.005 0.173 0.007 0.261 0.006 0.088 0.006
2453233.40411 -0.827 0.006 -0.673 0.006 -0.482 0.005 0.154 0.007 0.345 0.006 0.191 0.006
2453233.40448 -0.857 0.006 -0.677 0.006 -0.538 0.005 0.180 0.007 0.319 0.006 0.139 0.006
2453233.40485 -0.807 0.006 -0.646 0.006 -0.529 0.005 0.161 0.007 0.278 0.006 0.117 0.006
2453233.40522 -0.805 0.006 -0.619 0.006 -0.444 0.005 0.186 0.007 0.361 0.006 0.175 0.006
2453233.40560 -0.817 0.006 -0.648 0.006 -0.552 0.005 0.169 0.007 0.265 0.006 0.096 0.006
2453233.40597 -0.839 0.006 -0.674 0.006 -0.475 0.005 0.165 0.007 0.364 0.006 0.199 0.006
2453233.40634 -0.825 0.006 -0.643 0.006 -0.510 0.005 0.182 0.007 0.315 0.006 0.133 0.006
2453233.40672 -0.831 0.006 -0.655 0.006 -0.550 0.005 0.176 0.007 0.281 0.006 0.105 0.006
2453233.40709 -0.839 0.006 -0.681 0.006 99.999 9.999 0.158 0.007 99.999 9.999 99.999 9.999
2453233.40747 -0.808 0.006 -0.649 0.006 -0.514 0.005 0.159 0.007 0.294 0.006 0.135 0.006
2453233.40784 -0.799 0.006 -0.662 0.006 99.999 9.999 0.137 0.007 99.999 9.999 99.999 9.999
2453233.40822 -0.845 0.006 -0.631 0.006 -0.514 0.005 0.214 0.007 0.331 0.006 0.117 0.006
2453233.40859 -0.800 0.006 -0.638 0.006 -0.527 0.005 0.162 0.007 0.273 0.006 0.111 0.006
2453233.40896 -0.798 0.006 -0.637 0.006 -0.490 0.005 0.161 0.007 0.308 0.006 0.147 0.006
2453233.40933 -0.856 0.006 -0.677 0.006 -0.511 0.005 0.179 0.007 0.345 0.006 0.166 0.006
2453233.40971 -0.856 0.006 -0.677 0.006 -0.575 0.005 0.179 0.007 0.281 0.006 0.102 0.006
2453233.41008 -0.828 0.006 -0.675 0.006 -0.472 0.005 0.153 0.007 0.356 0.006 0.203 0.006
2453233.41045 -0.827 0.006 -0.678 0.006 -0.501 0.005 0.149 0.007 0.326 0.006 0.177 0.006
2453233.41082 -0.833 0.006 -0.662 0.006 99.999 9.999 0.171 0.007 99.999 9.999 99.999 9.999
2453233.41120 -0.819 0.006 -0.634 0.006 -0.489 0.005 0.185 0.007 0.330 0.006 0.145 0.006
2453233.41157 -0.828 0.006 -0.663 0.006 -0.498 0.005 0.165 0.007 0.330 0.006 0.165 0.006
2453233.41194 -0.836 0.006 -0.667 0.006 -0.498 0.005 0.169 0.007 0.338 0.006 0.169 0.006
2453233.41231 -0.831 0.006 -0.664 0.006 -0.535 0.005 0.167 0.007 0.296 0.006 0.129 0.006
2453233.41270 -0.815 0.006 -0.641 0.006 -0.504 0.005 0.174 0.007 0.311 0.006 0.137 0.006
2453233.41307 -0.837 0.006 -0.660 0.006 -0.453 0.005 0.177 0.007 0.384 0.006 0.207 0.006
2453233.41344 -0.778 0.006 -0.631 0.006 -0.480 0.005 0.147 0.007 0.298 0.006 0.151 0.006
2453233.41381 -0.848 0.006 -0.652 0.006 -0.494 0.005 0.196 0.007 0.354 0.006 0.158 0.006
2453233.41419 -0.822 0.006 -0.652 0.006 -0.503 0.005 0.170 0.007 0.319 0.006 0.149 0.006
2453233.41456 -0.822 0.006 -0.656 0.006 -0.447 0.005 0.166 0.007 0.375 0.006 0.209 0.006
2453233.41493 -0.783 0.006 -0.637 0.006 -0.505 0.005 0.146 0.007 0.278 0.006 0.132 0.006
2453233.41530 -0.843 0.006 -0.676 0.006 99.999 9.999 0.167 0.007 99.999 9.999 99.999 9.999
2453233.41568 -0.843 0.006 -0.658 0.006 -0.543 0.005 0.185 0.007 0.300 0.006 0.115 0.006
2453233.41605 -0.809 0.006 -0.645 0.006 -0.507 0.005 0.164 0.007 0.302 0.006 0.138 0.006
2453233.41642 -0.811 0.006 -0.641 0.006 -0.440 0.005 0.170 0.007 0.371 0.006 0.201 0.006
2453233.41679 -0.796 0.006 -0.630 0.006 -0.521 0.005 0.166 0.007 0.275 0.006 0.109 0.006
2453233.41718 -0.822 0.006 -0.661 0.006 -0.559 0.005 0.161 0.007 0.263 0.006 0.102 0.006
2453233.41755 -0.832 0.006 -0.667 0.006 -0.448 0.005 0.165 0.007 0.384 0.006 0.219 0.006
2453233.41792 -0.802 0.006 -0.623 0.006 -0.517 0.005 0.179 0.007 0.285 0.006 0.106 0.006
2453233.41829 -0.773 0.006 -0.626 0.006 99.999 9.999 0.147 0.007 99.999 9.999 99.999 9.999


2453233.41904 -0.784 0.006 -0.630 0.006 -0.494 0.005 0.154 0.007 0.290 0.006 0.136 0.006
2453233.41941 -0.783 0.006 -0.624 0.006 -0.473 0.005 0.159 0.007 0.310 0.006 0.151 0.006
2453233.41978 -0.783 0.006 -0.609 0.006 -0.484 0.005 0.174 0.007 0.299 0.006 0.125 0.006
2453233.42016 -0.814 0.006 -0.655 0.006 -0.502 0.005 0.159 0.007 0.312 0.006 0.153 0.006
2453233.42053 -0.755 0.006 -0.606 0.006 -0.446 0.005 0.149 0.007 0.309 0.006 0.160 0.006
2453233.42090 -0.791 0.006 -0.635 0.006 -0.524 0.005 0.156 0.007 0.267 0.006 0.111 0.006
2453233.42127 -0.793 0.006 -0.647 0.006 -0.517 0.005 0.146 0.007 0.276 0.006 0.130 0.006
2453233.42166 -0.781 0.006 -0.589 0.006 -0.458 0.005 0.192 0.007 0.323 0.006 0.131 0.006
2453233.42203 -0.819 0.006 -0.649 0.006 -0.528 0.005 0.170 0.007 0.291 0.006 0.121 0.006
2453233.42240 -0.797 0.006 -0.664 0.006 -0.459 0.005 0.133 0.007 0.338 0.006 0.205 0.006
2453233.42277 -0.822 0.006 -0.649 0.006 -0.503 0.005 0.173 0.007 0.319 0.006 0.146 0.006
2453233.42315 -0.819 0.006 -0.653 0.006 -0.539 0.005 0.166 0.007 0.280 0.006 0.114 0.006
2453233.42352 -0.795 0.006 -0.638 0.006 -0.469 0.005 0.157 0.007 0.326 0.006 0.169 0.006
2453233.42389 -0.797 0.006 -0.624 0.006 -0.473 0.005 0.173 0.007 0.324 0.006 0.151 0.006
2453233.42426 -0.781 0.006 -0.618 0.006 -0.509 0.005 0.163 0.007 0.272 0.006 0.109 0.006
2453233.42464 -0.757 0.006 -0.639 0.006 -0.456 0.005 0.118 0.007 0.301 0.006 0.183 0.006
2453233.42501 -0.774 0.006 -0.617 0.006 -0.499 0.005 0.157 0.007 0.275 0.006 0.118 0.006
2453233.42538 -0.791 0.006 -0.628 0.006 -0.532 0.005 0.163 0.007 0.259 0.006 0.096 0.006
2453233.42575 -0.745 0.006 -0.607 0.006 -0.483 0.005 0.138 0.007 0.262 0.006 0.124 0.006
2453233.42613 -0.766 0.006 -0.611 0.006 -0.492 0.005 0.155 0.007 0.274 0.006 0.119 0.006
2453233.42650 -0.786 0.006 -0.645 0.006 -0.479 0.005 0.141 0.007 0.307 0.006 0.166 0.006
2453233.42688 -0.797 0.006 -0.610 0.006 -0.511 0.005 0.187 0.007 0.286 0.006 0.099 0.006
2453233.42725 -0.805 0.006 -0.615 0.006 -0.414 0.005 0.190 0.007 0.391 0.006 0.201 0.006
2453233.42763 -0.820 0.006 -0.626 0.006 -0.497 0.005 0.194 0.007 0.323 0.006 0.129 0.006
2453233.42800 -0.768 0.006 -0.619 0.006 -0.490 0.005 0.149 0.007 0.278 0.006 0.129 0.006
2453233.42837 -0.746 0.006 -0.567 0.006 -0.427 0.005 0.179 0.007 0.319 0.006 0.140 0.006
2453233.42874 -0.770 0.006 -0.590 0.006 -0.480 0.005 0.180 0.007 0.290 0.006 0.110 0.006
2453233.42912 -0.765 0.006 -0.622 0.006 -0.491 0.006 0.143 0.007 0.274 0.007 0.131 0.007
2453233.42949 -0.746 0.006 -0.595 0.006 -0.466 0.005 0.151 0.007 0.280 0.006 0.129 0.006
2453233.42986 -0.767 0.006 -0.601 0.006 -0.494 0.005 0.166 0.007 0.273 0.006 0.107 0.006
2453233.43023 -0.772 0.006 -0.636 0.006 -0.420 0.005 0.136 0.007 0.352 0.006 0.216 0.006
2453233.43061 -0.796 0.006 -0.619 0.006 -0.507 0.005 0.177 0.007 0.289 0.006 0.112 0.006
2453233.43098 -0.777 0.006 -0.573 0.006 -0.443 0.005 0.204 0.007 0.334 0.006 0.130 0.006
2453233.43135 -0.807 0.006 -0.628 0.006 -0.504 0.005 0.179 0.007 0.303 0.006 0.124 0.006
2453233.43172 -0.745 0.006 -0.595 0.006 -0.419 0.005 0.150 0.007 0.326 0.006 0.176 0.006
2453233.43211 -0.758 0.006 -0.587 0.006 -0.430 0.005 0.171 0.007 0.328 0.006 0.157 0.006
2453233.43248 -0.795 0.006 -0.634 0.006 99.999 9.999 0.161 0.007 99.999 9.999 99.999 9.999
2453233.43285 -0.756 0.006 -0.553 0.006 -0.438 0.005 0.203 0.007 0.318 0.006 0.115 0.006
2453233.43322 -0.762 0.006 -0.600 0.006 -0.498 0.005 0.162 0.007 0.264 0.006 0.102 0.006
2453233.43360 -0.730 0.006 -0.603 0.006 -0.408 0.005 0.127 0.007 0.322 0.006 0.195 0.006
2453233.43397 -0.804 0.006 -0.566 0.006 -0.409 0.005 0.238 0.007 0.395 0.006 0.157 0.006
2453233.43434 -0.760 0.006 -0.603 0.006 -0.434 0.005 0.157 0.007 0.326 0.006 0.169 0.006
2453233.43471 -0.742 0.006 -0.595 0.006 -0.413 0.005 0.147 0.007 0.329 0.006 0.182 0.006
2453233.43509 -0.800 0.006 -0.616 0.006 -0.444 0.005 0.184 0.007 0.356 0.006 0.172 0.006
2453233.43546 -0.795 0.006 -0.604 0.006 -0.492 0.005 0.191 0.007 0.303 0.006 0.112 0.006
2453233.43583 -0.770 0.006 -0.615 0.006 -0.388 0.005 0.155 0.007 0.382 0.006 0.227 0.006
2453233.43620 -0.808 0.006 -0.586 0.006 -0.451 0.005 0.222 0.007 0.357 0.006 0.135 0.006
2453233.43659 -0.773 0.006 -0.583 0.006 -0.475 0.005 0.190 0.007 0.298 0.006 0.108 0.006
2453233.43696 -0.746 0.006 -0.546 0.006 -0.418 0.005 0.200 0.007 0.328 0.006 0.128 0.006
2453233.43733 -0.732 0.006 -0.577 0.006 -0.430 0.005 0.155 0.007 0.302 0.006 0.147 0.006
2453233.43770 -0.757 0.006 -0.610 0.006 -0.489 0.005 0.147 0.007 0.268 0.006 0.121 0.006
2453233.43808 -0.766 0.006 -0.561 0.006 -0.436 0.005 0.205 0.007 0.330 0.006 0.125 0.006
2453233.43845 -0.778 0.006 -0.603 0.006 -0.491 0.005 0.175 0.007 0.287 0.006 0.112 0.006
2453233.43882 -0.760 0.006 -0.602 0.006 -0.431 0.005 0.158 0.007 0.329 0.006 0.171 0.006
2453233.43919 -0.779 0.006 -0.580 0.006 -0.456 0.005 0.199 0.007 0.323 0.006 0.124 0.006
2453233.43957 -0.720 0.006 -0.572 0.006 -0.477 0.005 0.148 0.007 0.243 0.006 0.095 0.006
2453233.43994 -0.711 0.006 -0.563 0.006 -0.378 0.005 0.148 0.007 0.333 0.006 0.185 0.006
2453233.44031 -0.756 0.006 -0.583 0.006 -0.459 0.005 0.173 0.007 0.297 0.006 0.124 0.006
2453233.44068 -0.746 0.006 -0.570 0.006 -0.465 0.005 0.176 0.007 0.281 0.006 0.105 0.006
2453233.44106 -0.773 0.006 -0.600 0.006 -0.389 0.005 0.173 0.007 0.384 0.006 0.211 0.006
2453233.44144 -0.760 0.006 -0.572 0.006 -0.413 0.005 0.188 0.007 0.347 0.006 0.159 0.006
2453233.44181 -0.727 0.006 -0.580 0.006 -0.465 0.005 0.147 0.007 0.262 0.006 0.115 0.006
2453233.44218 -0.754 0.006 -0.594 0.006 -0.429 0.005 0.160 0.007 0.325 0.006 0.165 0.006
2453233.44256 -0.737 0.006 -0.568 0.006 -0.483 0.005 0.169 0.007 0.254 0.006 0.085 0.006
2453233.44293 -0.766 0.006 -0.598 0.006 -0.401 0.005 0.168 0.007 0.365 0.006 0.197 0.006
2453233.44330 -0.781 0.006 -0.557 0.006 -0.386 0.006 0.224 0.007 0.395 0.006 0.171 0.006
2453233.44367 -0.740 0.006 -0.579 0.006 -0.437 0.005 0.161 0.007 0.303 0.006 0.142 0.006
2453233.44405 -0.761 0.006 -0.607 0.006 99.999 9.999 0.154 0.007 99.999 9.999 99.999 9.999
2453233.44442 -0.761 0.006 -0.557 0.006 -0.440 0.005 0.204 0.007 0.321 0.006 0.117 0.006
2453233.44479 -0.753 0.006 -0.582 0.006 -0.499 0.005 0.171 0.007 0.254 0.006 0.083 0.006
2453233.44516 -0.774 0.006 -0.607 0.006 -0.435 0.005 0.167 0.007 0.339 0.006 0.172 0.006
2453233.44554 -0.719 0.006 -0.550 0.006 -0.421 0.005 0.169 0.007 0.298 0.006 0.129 0.006
2453233.44591 -0.734 0.006 -0.581 0.006 -0.452 0.006 0.153 0.007 0.282 0.006 0.129 0.006
2453233.44628 -0.765 0.006 -0.584 0.006 -0.443 0.005 0.181 0.007 0.322 0.006 0.141 0.006
2453233.44667 -0.742 0.006 -0.565 0.006 -0.469 0.005 0.177 0.007 0.273 0.006 0.096 0.006
2453233.44704 -0.758 0.006 -0.592 0.006 99.999 9.999 0.166 0.007 99.999 9.999 99.999 9.999
2453233.44741 -0.744 0.006 99.999 9.999 -0.349 0.006 99.999 9.999 0.395 0.006 99.999 9.999
2453233.44778 -0.747 0.006 -0.572 0.006 -0.472 0.005 0.175 0.007 0.275 0.006 0.100 0.006
2453233.44816 -0.764 0.006 -0.607 0.006 -0.390 0.005 0.157 0.007 0.374 0.006 0.217 0.006
2453233.44853 -0.742 0.006 -0.570 0.006 -0.405 0.005 0.172 0.007 0.337 0.006 0.165 0.006
2453233.44890 -0.728 0.006 -0.566 0.006 -0.420 0.006 0.162 0.007 0.308 0.006 0.146 0.006
2453233.44927 -0.744 0.006 -0.530 0.006 -0.393 0.005 0.214 0.007 0.351 0.006 0.137 0.006
2453233.44965 -0.730 0.006 -0.557 0.006 -0.420 0.006 0.173 0.007 0.310 0.006 0.137 0.006
2453233.45002 -0.763 0.006 -0.572 0.006 -0.461 0.005 0.191 0.007 0.302 0.006 0.111 0.006
2453233.45039 -0.764 0.006 -0.566 0.006 -0.444 0.005 0.198 0.007 0.320 0.006 0.122 0.006
2453233.45076 -0.729 0.006 -0.560 0.006 -0.447 0.005 0.169 0.007 0.282 0.006 0.113 0.006
2453233.45115 -0.789 0.006 -0.593 0.006 -0.410 0.005 0.196 0.007 0.379 0.006 0.183 0.006
2453233.45152 -0.714 0.006 -0.535 0.006 -0.428 0.005 0.179 0.007 0.286 0.006 0.107 0.006
2453233.45189 -0.707 0.006 -0.558 0.006 -0.389 0.006 0.149 0.007 0.318 0.006 0.169 0.006
2453233.45226 -0.742 0.006 -0.585 0.006 -0.430 0.005 0.157 0.007 0.312 0.006 0.155 0.006
2453233.45264 -0.754 0.006 -0.566 0.006 -0.428 0.005 0.188 0.007 0.326 0.006 0.138 0.006
2453233.45301 -0.727 0.006 -0.583 0.006 -0.462 0.005 0.144 0.007 0.265 0.006 0.121 0.006
2453233.45338 -0.744 0.006 -0.603 0.006 -0.397 0.005 0.141 0.007 0.347 0.006 0.206 0.006
2453233.45375 -0.785 0.006 -0.560 0.006 -0.386 0.005 0.225 0.007 0.399 0.006 0.174 0.006
2453233.45413 -0.743 0.006 -0.572 0.006 -0.456 0.005 0.171 0.007 0.287 0.006 0.116 0.006
2453233.45450 -0.747 0.006 -0.589 0.006 -0.405 0.005 0.158 0.007 0.342 0.006 0.184 0.006
2453233.45487 -0.720 0.006 -0.560 0.006 -0.420 0.005 0.160 0.007 0.300 0.006 0.140 0.006
2453233.45524 -0.752 0.006 -0.578 0.006 -0.476 0.005 0.174 0.007 0.276 0.006 0.102 0.006
2453233.45563 -0.751 0.006 -0.598 0.006 -0.432 0.005 0.153 0.007 0.319 0.006 0.166 0.006
2453233.45600 -0.728 0.006 -0.562 0.006 -0.400 0.006 0.166 0.007 0.328 0.006 0.162 0.006
2453233.45637 -0.759 0.006 -0.583 0.006 -0.439 0.005 0.176 0.007 0.320 0.006 0.144 0.006
2453233.45674 -0.755 0.007 99.999 9.999 -0.366 0.006 99.999 9.999 0.389 0.008 99.999 9.999
2453233.45712 -0.771 0.006 -0.587 0.006 -0.452 0.005 0.184 0.007 0.319 0.006 0.135 0.006
2453233.45749 -0.755 0.006 -0.591 0.006 99.999 9.999 0.164 0.007 99.999 9.999 99.999 9.999
2453233.45786 -0.740 0.006 -0.584 0.006 -0.454 0.006 0.156 0.007 0.286 0.006 0.130 0.006
2453233.45824 -0.749 0.006 -0.586 0.006 -0.404 0.006 0.163 0.007 0.345 0.006 0.182 0.006
2453233.45861 -0.726 0.006 -0.571 0.006 -0.441 0.006 0.155 0.007 0.285 0.006 0.130 0.006
2453233.45898 -0.787 0.006 -0.572 0.006 -0.475 0.005 0.215 0.007 0.312 0.006 0.097 0.006
2453233.45935 -0.756 0.006 -0.585 0.006 -0.407 0.006 0.171 0.007 0.349 0.006 0.178 0.006
2453233.45973 -0.775 0.006 -0.589 0.006 -0.475 0.005 0.186 0.007 0.300 0.006 0.114 0.006
2453233.46010 -0.741 0.006 -0.575 0.006 -0.439 0.006 0.166 0.007 0.302 0.006 0.136 0.006
2453233.46047 -0.747 0.006 -0.535 0.006 -0.372 0.006 0.212 0.007 0.375 0.006 0.163 0.006
2453233.46084 -0.716 0.006 -0.556 0.006 -0.446 0.006 0.160 0.007 0.270 0.006 0.110 0.006
2453233.46123 -0.752 0.006 -0.569 0.006 -0.466 0.006 0.183 0.007 0.286 0.007 0.103 0.007
2453233.46160 -0.772 0.006 -0.528 0.006 -0.390 0.006 0.244 0.007 0.382 0.006 0.138 0.006
2453233.46197 -0.712 0.006 -0.564 0.006 -0.419 0.006 0.148 0.007 0.293 0.006 0.145 0.006
2453233.46234 -0.716 0.006 -0.555 0.006 -0.398 0.006 0.161 0.007 0.318 0.006 0.157 0.006
2453233.46272 -0.708 0.006 -0.523 0.006 -0.411 0.006 0.185 0.007 0.297 0.006 0.112 0.006
2453233.46309 -0.740 0.006 -0.575 0.006 -0.459 0.005 0.165 0.007 0.281 0.006 0.116 0.006
2453233.46346 -0.741 0.006 -0.577 0.006 -0.433 0.006 0.164 0.007 0.308 0.006 0.144 0.006
2453233.46383 -0.717 0.006 -0.542 0.006 -0.444 0.006 0.175 0.007 0.273 0.006 0.098 0.006
2453233.46421 -0.738 0.006 -0.569 0.006 -0.469 0.006 0.169 0.007 0.269 0.007 0.100 0.007
2453233.46458 -0.761 0.006 -0.625 0.006 -0.477 0.006 0.136 0.007 0.284 0.007 0.148 0.007
2453233.46495 -0.744 0.006 -0.538 0.006 -0.423 0.006 0.206 0.007 0.321 0.006 0.115 0.006
2453233.46532 -0.727 0.006 -0.585 0.006 -0.474 0.006 0.142 0.007 0.253 0.007 0.111 0.007
2453233.46571 -0.737 0.006 -0.592 0.006 -0.412 0.006 0.145 0.007 0.325 0.006 0.180 0.006
2453233.46608 -0.797 0.006 -0.613 0.006 -0.483 0.006 0.184 0.007 0.314 0.007 0.130 0.007
2453233.46645 -0.720 0.006 -0.559 0.006 -0.462 0.006 0.161 0.007 0.258 0.007 0.097 0.007
2453233.46682 -0.768 0.007 -0.558 0.006 -0.414 0.006 0.210 0.008 0.354 0.008 0.144 0.007
2453233.46720 -0.748 0.007 -0.573 0.006 -0.473 0.006 0.175 0.008 0.275 0.008 0.100 0.007
2453233.46757 -0.752 0.006 -0.592 0.006 -0.470 0.006 0.160 0.007 0.282 0.007 0.122 0.007
2453233.46794 -0.769 0.006 -0.544 0.006 -0.397 0.006 0.225 0.007 0.372 0.006 0.147 0.006
2453233.46831 -0.754 0.006 -0.587 0.006 -0.453 0.006 0.167 0.007 0.301 0.006 0.134 0.006
2453233.46869 -0.740 0.006 -0.576 0.006 -0.473 0.006 0.164 0.007 0.267 0.007 0.103 0.007
2453233.46906 -0.749 0.006 -0.555 0.006 -0.444 0.006 0.194 0.007 0.305 0.007 0.111 0.007
2453233.46943 -0.755 0.006 -0.573 0.006 -0.472 0.006 0.182 0.007 0.283 0.007 0.101 0.007
2453233.46980 -0.728 0.006 -0.575 0.006 -0.438 0.006 0.153 0.007 0.290 0.006 0.137 0.006
2453233.47019 -0.773 0.006 -0.599 0.006 -0.421 0.006 0.174 0.007 0.352 0.006 0.178 0.006
2453233.47056 -0.764 0.006 -0.596 0.006 -0.484 0.006 0.168 0.007 0.280 0.007 0.112 0.007
2453233.47093 -0.754 0.006 -0.589 0.006 -0.478 0.006 0.165 0.007 0.276 0.007 0.111 0.007
2453233.47130 -0.769 0.006 -0.614 0.006 -0.437 0.006 0.155 0.007 0.332 0.006 0.177 0.006
2453233.47168 -0.743 0.006 -0.569 0.006 -0.458 0.006 0.174 0.007 0.285 0.007 0.111 0.007
2453233.47205 -0.744 0.006 -0.568 0.006 -0.455 0.006 0.176 0.007 0.289 0.007 0.113 0.007
2453233.47242 -0.743 0.006 99.999 9.999 -0.367 0.006 99.999 9.999 0.376 0.006 99.999 9.999
2453233.47279 -0.736 0.006 -0.565 0.006 -0.463 0.006 0.171 0.007 0.273 0.007 0.102 0.007
2453233.47317 -0.786 0.006 -0.600 0.006 -0.467 0.006 0.186 0.007 0.319 0.007 0.133 0.007


2453233.47391 -0.739 0.006 -0.582 0.006 -0.489 0.006 0.157 0.007 0.250 0.007 0.093 0.007
2453233.47429 -0.765 0.006 -0.614 0.006 -0.418 0.006 0.151 0.007 0.347 0.006 0.196 0.006
2453233.47466 -0.797 0.007 -0.612 0.006 -0.398 0.006 0.185 0.008 0.399 0.007 0.214 0.006
2453233.47503 -0.770 0.006 -0.594 0.006 -0.486 0.006 0.176 0.007 0.284 0.007 0.108 0.007
2453233.47541 -0.720 0.006 -0.592 0.006 -0.479 0.006 0.128 0.007 0.241 0.007 0.113 0.007
2453233.47579 -0.788 0.006 -0.619 0.006 -0.452 0.006 0.169 0.007 0.336 0.007 0.167 0.007
2453233.47616 -0.775 0.006 -0.611 0.006 -0.478 0.006 0.164 0.007 0.297 0.007 0.133 0.007
2453233.47653 -0.741 0.006 -0.593 0.006 -0.477 0.006 0.148 0.007 0.264 0.007 0.116 0.007
2453233.47690 -0.749 0.006 -0.569 0.006 -0.485 0.006 0.180 0.007 0.264 0.007 0.084 0.007
2453233.47728 -0.757 0.006 -0.601 0.006 -0.501 0.006 0.156 0.007 0.256 0.007 0.100 0.007
2453233.47765 -0.759 0.006 -0.595 0.006 -0.405 0.006 0.164 0.007 0.354 0.006 0.190 0.006
2453233.47802 -0.757 0.006 -0.572 0.006 -0.452 0.006 0.185 0.007 0.305 0.007 0.120 0.007
2453233.47839 -0.757 0.006 -0.581 0.006 -0.474 0.006 0.176 0.007 0.283 0.007 0.107 0.007
2453233.47877 -0.744 0.006 -0.604 0.006 -0.431 0.006 0.140 0.007 0.313 0.007 0.173 0.007
2453233.47914 -0.785 0.006 -0.587 0.006 -0.468 0.006 0.198 0.007 0.317 0.007 0.119 0.007
2453233.47951 -0.752 0.006 -0.573 0.006 -0.456 0.006 0.179 0.007 0.296 0.007 0.117 0.007
2453233.47988 -0.755 0.006 -0.591 0.006 -0.480 0.006 0.164 0.007 0.275 0.007 0.111 0.007
2453233.48027 -0.755 0.006 -0.608 0.006 -0.490 0.006 0.147 0.007 0.265 0.007 0.118 0.007
2453233.48064 -0.777 0.006 -0.610 0.006 -0.521 0.006 0.167 0.007 0.256 0.007 0.089 0.007
2453233.48101 -0.732 0.006 -0.603 0.006 -0.420 0.006 0.129 0.007 0.312 0.007 0.183 0.007


2453233.48176 -0.775 0.006 -0.600 0.006 -0.507 0.006 0.175 0.007 0.268 0.007 0.093 0.007
2453233.48213 -0.754 0.006 -0.593 0.006 -0.469 0.006 0.161 0.007 0.285 0.007 0.124 0.007
2453233.48250 -0.766 0.007 -0.616 0.006 -0.447 0.006 0.150 0.008 0.319 0.008 0.169 0.007
2453233.48287 -0.752 0.006 -0.598 0.006 -0.502 0.006 0.154 0.007 0.250 0.007 0.096 0.007
2453233.48325 -0.802 0.007 -0.638 0.006 -0.529 0.006 0.164 0.008 0.273 0.008 0.109 0.007
2453233.48362 -0.779 0.007 99.999 9.999 -0.450 0.006 99.999 9.999 0.329 0.008 99.999 9.999
2453233.48399 -0.761 0.006 -0.590 0.006 -0.498 0.006 0.171 0.007 0.263 0.007 0.092 0.007
2453233.48436 -0.801 0.007 -0.633 0.006 -0.538 0.006 0.168 0.008 0.263 0.008 0.095 0.007
2453233.48475 -0.808 0.007 -0.634 0.006 -0.522 0.006 0.174 0.008 0.286 0.008 0.112 0.007
2453233.48512 -0.775 0.007 -0.610 0.006 -0.438 0.006 0.165 0.008 0.337 0.008 0.172 0.007
2453233.48549 99.999 9.999 -0.609 0.006 -0.495 0.006 99.999 9.999 99.999 9.999 0.114 0.007
2453233.48586 -0.816 0.007 -0.628 0.006 -0.529 0.006 0.188 0.008 0.287 0.008 0.099 0.007
2453233.48624 -0.791 0.007 -0.636 0.006 -0.509 0.006 0.155 0.008 0.282 0.008 0.127 0.007
2453233.48661 -0.784 0.007 99.999 9.999 -0.457 0.006 99.999 9.999 0.327 0.008 99.999 9.999
2453233.48698 -0.752 0.006 -0.601 0.006 -0.518 0.006 0.151 0.007 0.234 0.007 0.083 0.007
2453233.48735 -0.783 0.007 -0.618 0.006 -0.464 0.006 0.165 0.008 0.319 0.008 0.154 0.007


2453233.48810 -0.780 0.007 -0.619 0.006 -0.513 0.006 0.161 0.008 0.267 0.008 0.106 0.007
2453233.48847 -0.778 0.007 -0.620 0.006 -0.492 0.006 0.158 0.008 0.286 0.008 0.128 0.007
2453233.48884 -0.764 0.007 -0.569 0.006 -0.431 0.006 0.195 0.008 0.333 0.008 0.138 0.007
2453233.48922 -0.797 0.007 -0.607 0.006 -0.513 0.006 0.190 0.008 0.284 0.008 0.094 0.007
2453233.48959 -0.796 0.007 -0.609 0.006 -0.513 0.006 0.187 0.008 0.283 0.008 0.096 0.007
2453233.48997 -0.797 0.007 -0.635 0.006 -0.527 0.006 0.162 0.008 0.270 0.008 0.108 0.007
2453233.49034 -0.763 0.007 -0.604 0.006 -0.429 0.006 0.159 0.008 0.334 0.008 0.175 0.007
2453233.49072 -0.811 0.007 -0.587 0.006 -0.462 0.006 0.224 0.008 0.349 0.008 0.125 0.007
2453233.49109 -0.789 0.006 -0.639 0.006 -0.523 0.006 0.150 0.007 0.266 0.007 0.116 0.007
2453233.49146 -0.834 0.007 -0.648 0.006 -0.462 0.006 0.186 0.008 0.372 0.008 0.186 0.007
2453233.49184 -0.820 0.007 -0.585 0.006 -0.482 0.006 0.235 0.008 0.338 0.008 0.103 0.007
2453233.49221 -0.776 0.006 -0.625 0.006 -0.500 0.006 0.151 0.007 0.276 0.007 0.125 0.007
2453233.49258 -0.779 0.006 -0.658 0.006 -0.540 0.006 0.121 0.007 0.239 0.007 0.118 0.007
2453233.49295 -0.795 0.007 -0.624 0.006 -0.457 0.006 0.171 0.008 0.338 0.008 0.167 0.007
2453233.49333 -0.794 0.006 -0.628 0.006 -0.528 0.006 0.166 0.007 0.266 0.007 0.100 0.007
2453233.49370 -0.822 0.007 -0.651 0.006 -0.564 0.006 0.171 0.008 0.258 0.008 0.087 0.007
2453233.49407 -0.825 0.007 -0.633 0.006 -0.443 0.006 0.192 0.008 0.382 0.008 0.190 0.007
2453233.49444 -0.815 0.007 -0.650 0.006 -0.553 0.006 0.165 0.008 0.262 0.008 0.097 0.007
2453233.49483 -0.804 0.007 -0.633 0.006 -0.494 0.006 0.171 0.008 0.310 0.008 0.139 0.007
2453233.49520 99.999 9.999 -0.563 0.006 -0.442 0.006 99.999 9.999 99.999 9.999 0.121 0.007
2453233.49557 -0.797 0.006 -0.644 0.006 -0.557 0.006 0.153 0.007 0.240 0.007 0.087 0.007
2453233.49594 -0.816 0.007 -0.662 0.006 -0.525 0.006 0.154 0.008 0.291 0.008 0.137 0.007
2453233.49632 -0.835 0.007 -0.644 0.006 -0.463 0.006 0.191 0.008 0.372 0.008 0.181 0.007
2453233.49669 -0.792 0.007 -0.621 0.006 -0.520 0.006 0.171 0.008 0.272 0.008 0.101 0.007
2453233.49706 -0.833 0.007 -0.648 0.006 -0.572 0.006 0.185 0.008 0.261 0.008 0.076 0.007
2453233.49743 -0.795 0.007 -0.627 0.006 -0.485 0.006 0.168 0.008 0.310 0.008 0.142 0.007
2453233.49781 -0.784 0.007 -0.611 0.006 -0.516 0.006 0.173 0.008 0.268 0.008 0.095 0.007
2453233.49818 -0.802 0.007 -0.628 0.006 -0.540 0.006 0.174 0.008 0.262 0.008 0.088 0.007
2453233.49855 -0.778 0.007 -0.657 0.006 -0.485 0.006 0.121 0.008 0.293 0.008 0.172 0.007
2453233.49892 -0.806 0.007 -0.627 0.006 -0.521 0.006 0.179 0.008 0.285 0.008 0.106 0.007
2453233.49931 -0.811 0.007 -0.676 0.006 -0.539 0.006 0.135 0.008 0.272 0.008 0.137 0.007
2453233.49968 -0.814 0.007 -0.638 0.006 -0.538 0.006 0.176 0.008 0.276 0.008 0.100 0.007
2453233.50005 -0.809 0.007 -0.620 0.006 -0.475 0.006 0.189 0.008 0.334 0.008 0.145 0.007
2453233.50042 -0.778 0.006 -0.637 0.006 -0.533 0.006 0.141 0.007 0.245 0.007 0.104 0.007
2453233.50080 -0.820 0.007 -0.655 0.006 -0.563 0.006 0.165 0.008 0.257 0.008 0.092 0.007
2453233.50117 -0.811 0.007 -0.627 0.006 -0.491 0.006 0.184 0.008 0.320 0.008 0.136 0.007
2453233.50154 99.999 9.999 -0.666 0.006 -0.535 0.006 99.999 9.999 99.999 9.999 0.131 0.007
2453233.50191 -0.811 0.007 -0.643 0.006 -0.540 0.006 0.168 0.008 0.271 0.008 0.103 0.007
2453233.50229 -0.827 0.007 -0.661 0.006 -0.558 0.006 0.166 0.008 0.269 0.008 0.103 0.007
2453233.50266 -0.805 0.007 -0.587 0.006 -0.478 0.006 0.218 0.008 0.327 0.008 0.109 0.007
2453233.50304 -0.814 0.007 -0.665 0.006 -0.546 0.006 0.149 0.008 0.268 0.008 0.119 0.007
2453233.50341 -0.811 0.007 -0.623 0.006 -0.533 0.006 0.188 0.008 0.278 0.008 0.090 0.007
2453233.50378 -0.821 0.007 -0.585 0.006 -0.475 0.006 0.236 0.008 0.346 0.008 0.110 0.007
2453233.50417 -0.842 0.007 -0.624 0.006 -0.521 0.006 0.218 0.008 0.321 0.008 0.103 0.007
2453233.50454 -0.792 0.007 -0.638 0.006 -0.528 0.006 0.154 0.008 0.264 0.008 0.110 0.007
2453233.50491 -0.822 0.007 -0.649 0.006 -0.461 0.006 0.173 0.008 0.361 0.008 0.188 0.007
2453233.50529 -0.801 0.007 -0.654 0.006 -0.499 0.006 0.147 0.008 0.302 0.008 0.155 0.007
2453233.50566 -0.812 0.007 -0.657 0.006 -0.541 0.006 0.155 0.008 0.271 0.008 0.116 0.007
2453233.50603 -0.837 0.007 -0.658 0.006 -0.530 0.006 0.179 0.008 0.307 0.008 0.128 0.007


2453233.50678 -0.817 0.007 -0.663 0.006 -0.551 0.006 0.154 0.008 0.266 0.008 0.112 0.007
2453233.50715 -0.808 0.007 -0.650 0.006 -0.464 0.006 0.158 0.008 0.344 0.008 0.186 0.007
2453233.50753 -0.821 0.007 -0.661 0.006 -0.523 0.006 0.160 0.008 0.298 0.008 0.138 0.007
2453233.50791 -0.826 0.007 -0.649 0.006 -0.537 0.006 0.177 0.008 0.289 0.008 0.112 0.007
2453233.50828 -0.810 0.007 -0.638 0.006 -0.543 0.006 0.172 0.008 0.267 0.008 0.095 0.007
2453233.50866 -0.820 0.007 99.999 9.999 -0.487 0.006 99.999 9.999 0.333 0.008 99.999 9.999
2453233.50903 -0.831 0.007 -0.655 0.006 -0.563 0.006 0.176 0.008 0.268 0.008 0.092 0.007
2453233.50940 -0.859 0.007 -0.659 0.006 -0.574 0.006 0.200 0.008 0.285 0.008 0.085 0.007
2453233.50978 -0.825 0.007 -0.665 0.006 -0.551 0.006 0.160 0.008 0.274 0.008 0.114 0.007
2453233.51015 -0.813 0.007 99.999 9.999 -0.489 0.006 99.999 9.999 0.324 0.008 99.999 9.999
2453233.51052 -0.804 0.007 -0.623 0.006 -0.551 0.006 0.181 0.008 0.253 0.008 0.072 0.007
2453233.51090 -0.824 0.007 -0.662 0.006 -0.561 0.006 0.162 0.008 0.263 0.008 0.101 0.007
2453233.51127 -0.819 0.007 -0.653 0.006 -0.512 0.006 0.166 0.008 0.307 0.008 0.141 0.007
2453233.51166 -0.821 0.007 -0.577 0.006 -0.484 0.006 0.244 0.008 0.337 0.008 0.093 0.007
2453233.51203 -0.793 0.007 -0.642 0.006 -0.524 0.006 0.151 0.008 0.269 0.008 0.118 0.007
2453233.51240 -0.860 0.007 -0.648 0.006 -0.469 0.006 0.212 0.008 0.391 0.008 0.179 0.007
2453233.51278 -0.818 0.007 -0.670 0.006 -0.495 0.006 0.148 0.008 0.323 0.008 0.175 0.007
2453233.51315 -0.795 0.007 -0.654 0.006 -0.558 0.006 0.141 0.008 0.237 0.008 0.096 0.007
2453233.51352 -0.826 0.007 -0.665 0.006 -0.550 0.006 0.161 0.008 0.276 0.008 0.115 0.007
2453233.51390 -0.801 0.007 -0.631 0.006 -0.511 0.006 0.170 0.008 0.290 0.008 0.120 0.007
2453233.51427 -0.826 0.007 -0.599 0.006 -0.502 0.006 0.227 0.008 0.324 0.008 0.097 0.007
2453233.51464 -0.829 0.007 -0.676 0.006 -0.548 0.006 0.153 0.008 0.281 0.008 0.128 0.007
2453233.51502 -0.828 0.007 -0.651 0.006 -0.558 0.006 0.177 0.008 0.270 0.008 0.093 0.007
2453233.51539 -0.837 0.007 -0.581 0.006 -0.471 0.006 0.256 0.008 0.366 0.008 0.110 0.007
2453233.51578 -0.829 0.007 -0.647 0.006 -0.540 0.006 0.182 0.008 0.289 0.008 0.107 0.007
2453233.51615 -0.801 0.007 -0.648 0.006 -0.534 0.006 0.153 0.008 0.267 0.008 0.114 0.007
2453233.51652 -0.798 0.007 -0.641 0.006 -0.539 0.006 0.157 0.008 0.259 0.008 0.102 0.007
2453233.51690 -0.826 0.007 -0.606 0.006 -0.493 0.006 0.220 0.008 0.333 0.008 0.113 0.007
2453233.51727 -0.841 0.007 -0.668 0.006 -0.537 0.006 0.173 0.008 0.304 0.008 0.131 0.007
2453233.51764 -0.868 0.007 -0.662 0.006 -0.521 0.006 0.206 0.008 0.347 0.008 0.141 0.007
2453233.51802 -0.838 0.007 -0.654 0.006 -0.524 0.006 0.184 0.008 0.314 0.008 0.130 0.007
2453233.51839 -0.798 0.007 -0.649 0.006 -0.534 0.006 0.149 0.008 0.264 0.008 0.115 0.007
2453233.51877 -0.813 0.007 -0.582 0.006 -0.483 0.006 0.231 0.008 0.330 0.008 0.099 0.007
2453233.51914 -0.797 0.007 -0.620 0.006 -0.538 0.006 0.177 0.008 0.259 0.008 0.082 0.007
2453233.51951 -0.809 0.007 -0.649 0.006 -0.547 0.006 0.160 0.008 0.262 0.008 0.102 0.007
2453233.51988 -0.821 0.007 -0.637 0.006 -0.551 0.006 0.184 0.008 0.270 0.008 0.086 0.007


2453233.52064 -0.817 0.007 -0.626 0.006 -0.539 0.006 0.191 0.008 0.278 0.008 0.087 0.007
2453233.52102 -0.819 0.007 -0.648 0.006 -0.552 0.006 0.171 0.008 0.267 0.008 0.096 0.007
2453233.52139 -0.825 0.007 -0.650 0.006 -0.494 0.006 0.175 0.008 0.331 0.008 0.156 0.007
2453233.52176 -0.796 0.007 -0.624 0.006 -0.516 0.006 0.172 0.008 0.280 0.008 0.108 0.007
2453233.52214 -0.827 0.007 -0.675 0.006 -0.570 0.006 0.152 0.008 0.257 0.008 0.105 0.007
2453233.52251 -0.816 0.007 -0.631 0.006 -0.500 0.006 0.185 0.008 0.316 0.008 0.131 0.007


2453233.52326 -0.813 0.007 -0.656 0.006 -0.539 0.006 0.157 0.008 0.274 0.008 0.117 0.007
2453233.52363 -0.835 0.007 -0.654 0.006 -0.574 0.006 0.181 0.008 0.261 0.008 0.080 0.007
2453233.52400 -0.790 0.007 -0.636 0.006 -0.454 0.006 0.154 0.008 0.336 0.008 0.182 0.007
2453233.52439 -0.819 0.007 -0.634 0.006 -0.546 0.006 0.185 0.008 0.273 0.008 0.088 0.007
2453233.52476 -0.839 0.007 -0.672 0.006 -0.545 0.006 0.167 0.008 0.294 0.008 0.127 0.007
2453233.52513 -0.813 0.007 -0.654 0.006 -0.547 0.006 0.159 0.008 0.266 0.008 0.107 0.007
2453233.52551 -0.809 0.007 -0.571 0.006 -0.474 0.006 0.238 0.008 0.335 0.008 0.097 0.007
2453233.52588 -0.841 0.007 -0.635 0.006 -0.532 0.006 0.206 0.008 0.309 0.008 0.103 0.007
2453233.52625 -0.823 0.007 -0.640 0.006 -0.519 0.006 0.183 0.008 0.304 0.008 0.121 0.007
2453233.52663 -0.827 0.007 -0.636 0.006 -0.505 0.006 0.191 0.008 0.322 0.008 0.131 0.007
2453233.52700 -0.804 0.007 -0.642 0.006 -0.535 0.006 0.162 0.008 0.269 0.008 0.107 0.007
2453233.52737 -0.812 0.007 -0.645 0.006 -0.579 0.006 0.167 0.008 0.233 0.008 0.066 0.007
2453233.52775 -0.815 0.007 -0.668 0.006 -0.480 0.006 0.147 0.008 0.335 0.008 0.188 0.007
2453233.52813 -0.788 0.007 -0.579 0.006 -0.449 0.006 0.209 0.008 0.339 0.008 0.130 0.007
2453233.52850 -0.846 0.007 -0.639 0.006 -0.571 0.006 0.207 0.008 0.275 0.008 0.068 0.007
2453233.52888 -0.815 0.007 -0.659 0.006 -0.546 0.006 0.156 0.008 0.269 0.008 0.113 0.007
2453233.52925 -0.845 0.007 -0.663 0.006 -0.503 0.006 0.182 0.008 0.342 0.008 0.160 0.007
2453233.52962 -0.812 0.007 -0.622 0.006 -0.545 0.006 0.190 0.008 0.267 0.008 0.077 0.007
2453233.53000 -0.805 0.007 -0.661 0.006 -0.576 0.006 0.144 0.008 0.229 0.008 0.085 0.007
2453233.53037 -0.790 0.007 -0.648 0.006 -0.535 0.006 0.142 0.008 0.255 0.008 0.113 0.007
2453233.53075 -0.832 0.007 -0.591 0.006 -0.474 0.006 0.241 0.008 0.358 0.008 0.117 0.007
2453233.53112 -0.804 0.007 -0.669 0.007 -0.508 0.006 0.135 0.008 0.296 0.008 0.161 0.008
2453233.53149 -0.800 0.007 -0.631 0.007 -0.540 0.006 0.169 0.008 0.260 0.008 0.091 0.008
2453233.53188 -0.823 0.007 -0.646 0.007 -0.485 0.006 0.177 0.008 0.338 0.008 0.161 0.008
2453233.53225 -0.795 0.007 -0.554 0.006 -0.470 0.006 0.241 0.008 0.325 0.008 0.084 0.007
2453233.53262 -0.852 0.007 -0.659 0.007 -0.570 0.006 0.193 0.008 0.282 0.008 0.089 0.008
2453233.53300 -0.804 0.008 -0.636 0.007 -0.519 0.007 0.168 0.009 0.285 0.009 0.117 0.008
2453233.53337 -0.851 0.008 -0.672 0.007 -0.500 0.007 0.179 0.009 0.351 0.009 0.172 0.008
2453233.53374 -0.858 0.008 -0.635 0.007 -0.551 0.007 0.223 0.009 0.307 0.009 0.084 0.008
2453233.53412 -0.812 0.007 -0.647 0.007 -0.541 0.006 0.165 0.008 0.271 0.008 0.106 0.008
2453233.53449 -0.818 0.007 -0.644 0.007 -0.550 0.006 0.174 0.008 0.268 0.008 0.094 0.008
2453233.53486 -0.783 0.007 99.999 9.999 -0.461 0.006 99.999 9.999 0.322 0.008 99.999 9.999
2453233.53524 -0.853 0.007 -0.654 0.007 -0.550 0.006 0.199 0.008 0.303 0.008 0.104 0.008
2453233.53561 -0.817 0.007 -0.648 0.007 -0.555 0.006 0.169 0.008 0.262 0.008 0.093 0.008
2453233.53598 -0.814 0.007 -0.607 0.007 -0.459 0.006 0.207 0.008 0.355 0.008 0.148 0.008
2453233.53637 -0.820 0.007 -0.586 0.006 -0.491 0.006 0.234 0.008 0.329 0.008 0.095 0.007
2453233.53674 -0.815 0.007 -0.632 0.006 -0.545 0.006 0.183 0.008 0.270 0.008 0.087 0.007
2453233.53712 -0.839 0.007 -0.661 0.007 -0.507 0.006 0.178 0.008 0.332 0.008 0.154 0.008
2453233.53749 -0.777 0.007 -0.618 0.007 -0.465 0.006 0.159 0.008 0.312 0.008 0.153 0.008
2453233.53786 -0.782 0.007 -0.604 0.007 -0.521 0.006 0.178 0.008 0.261 0.008 0.083 0.008
2453233.53824 -0.784 0.007 -0.622 0.006 -0.535 0.006 0.162 0.008 0.249 0.008 0.087 0.007
2453233.53861 99.999 9.999 -0.622 0.007 -0.511 0.006 99.999 9.999 99.999 9.999 0.111 0.008
2453233.53898 -0.846 0.008 -0.659 0.007 -0.515 0.006 0.187 0.009 0.331 0.009 0.144 0.008
2453233.53936 99.999 9.999 -0.665 0.009 -0.493 0.008 99.999 9.999 99.999 9.999 0.172 0.009
2453233.53973 -0.849 0.008 -0.641 0.007 -0.491 0.006 0.208 0.009 0.358 0.009 0.150 0.008
2453233.54010 -0.837 0.007 -0.647 0.007 -0.494 0.006 0.190 0.008 0.343 0.008 0.153 0.008
2453233.54049 -0.773 0.007 99.999 9.999 -0.469 0.006 99.999 9.999 0.304 0.008 99.999 9.999
2453233.54086 -0.827 0.007 -0.628 0.007 -0.526 0.006 0.199 0.008 0.301 0.008 0.102 0.008
2453233.54124 -0.846 0.007 -0.640 0.007 -0.562 0.006 0.206 0.008 0.284 0.008 0.078 0.008
2453233.54161 -0.820 0.007 -0.625 0.007 -0.542 0.006 0.195 0.008 0.278 0.008 0.083 0.008
2453233.54198 -0.832 0.007 -0.630 0.007 -0.443 0.006 0.202 0.008 0.389 0.008 0.187 0.008
2453233.54236 -0.898 0.007 -0.638 0.006 -0.561 0.006 0.260 0.008 0.337 0.008 0.077 0.007
2453233.54273 -0.826 0.007 -0.655 0.006 -0.550 0.006 0.171 0.008 0.276 0.008 0.105 0.007
2453233.54311 -0.843 0.007 -0.662 0.007 -0.486 0.006 0.181 0.008 0.357 0.008 0.176 0.008
2453233.54348 -0.843 0.007 -0.599 0.007 -0.496 0.006 0.244 0.008 0.347 0.008 0.103 0.008
2453233.54385 -0.840 0.007 -0.654 0.006 -0.556 0.006 0.186 0.008 0.284 0.008 0.098 0.007


2453233.54461 -0.831 0.007 -0.657 0.006 -0.597 0.006 0.174 0.008 0.234 0.008 0.060 0.007
2453233.54498 -0.811 0.007 -0.657 0.007 -0.481 0.006 0.154 0.008 0.330 0.008 0.176 0.008
2453233.54536 -0.768 0.007 -0.634 0.007 -0.516 0.006 0.134 0.008 0.252 0.008 0.118 0.008
2453233.54573 -0.817 0.007 -0.641 0.007 -0.551 0.006 0.176 0.008 0.266 0.008 0.090 0.008
2453233.54610 -0.820 0.007 -0.661 0.007 -0.542 0.006 0.159 0.008 0.278 0.008 0.119 0.008
2453233.54648 -0.826 0.007 -0.649 0.007 -0.487 0.006 0.177 0.008 0.339 0.008 0.162 0.008
2453233.54685 -0.812 0.007 -0.651 0.007 -0.523 0.006 0.161 0.008 0.289 0.008 0.128 0.008
2453233.54722 -0.828 0.007 -0.655 0.007 -0.510 0.006 0.173 0.008 0.318 0.008 0.145 0.008
2453233.54760 -0.821 0.007 -0.630 0.006 -0.565 0.006 0.191 0.008 0.256 0.008 0.065 0.007
2453233.54797 -0.789 0.007 -0.616 0.007 -0.462 0.006 0.173 0.008 0.327 0.008 0.154 0.008
2453233.54836 -0.819 0.007 -0.597 0.007 -0.504 0.006 0.222 0.008 0.315 0.008 0.093 0.008
2453233.54873 -0.844 0.007 -0.641 0.007 -0.525 0.006 0.203 0.008 0.319 0.008 0.116 0.008
2453233.54910 -0.799 0.007 -0.679 0.007 -0.530 0.006 0.120 0.008 0.269 0.008 0.149 0.008
2453233.54948 -0.808 0.007 -0.642 0.007 -0.543 0.006 0.166 0.008 0.265 0.008 0.099 0.008
2453233.54985 -0.832 0.007 -0.643 0.007 -0.553 0.006 0.189 0.008 0.279 0.008 0.090 0.008
2453233.55022 -0.822 0.007 -0.658 0.007 -0.520 0.006 0.164 0.008 0.302 0.008 0.138 0.008
2453233.55060 -0.840 0.007 -0.667 0.007 -0.577 0.006 0.173 0.008 0.263 0.008 0.090 0.008
2453233.55097 -0.814 0.007 -0.608 0.007 -0.440 0.006 0.206 0.008 0.374 0.008 0.168 0.008
2453233.55134 -0.808 0.008 -0.584 0.007 -0.458 0.006 0.224 0.009 0.350 0.009 0.126 0.008
2453233.55172 -0.821 0.007 -0.621 0.007 -0.528 0.006 0.200 0.008 0.293 0.008 0.093 0.008
2453233.55209 -0.818 0.007 -0.646 0.007 -0.541 0.006 0.172 0.008 0.277 0.008 0.105 0.008
2453233.55247 -0.820 0.007 -0.656 0.007 -0.578 0.007 0.164 0.008 0.242 0.008 0.078 0.008
2453233.55285 -0.792 0.007 -0.574 0.007 -0.482 0.006 0.218 0.008 0.310 0.008 0.092 0.008
2453233.55322 -0.791 0.007 -0.637 0.007 -0.513 0.006 0.154 0.008 0.278 0.008 0.124 0.008
2453233.55359 -0.815 0.008 -0.632 0.007 -0.528 0.007 0.183 0.009 0.287 0.009 0.104 0.008
2453233.55397 -0.829 0.007 -0.640 0.007 -0.557 0.006 0.189 0.008 0.272 0.008 0.083 0.008
2453233.55434 -0.878 0.008 -0.656 0.007 -0.495 0.007 0.222 0.009 0.383 0.009 0.161 0.008
2453233.55471 -0.814 0.007 -0.650 0.007 -0.513 0.006 0.164 0.008 0.301 0.008 0.137 0.008
2453233.55509 -0.865 0.008 -0.657 0.007 -0.550 0.006 0.208 0.009 0.315 0.009 0.107 0.008
2453233.55546 -0.833 0.008 -0.672 0.007 -0.550 0.006 0.161 0.009 0.283 0.009 0.122 0.008
2453233.55583 -0.786 0.008 -0.609 0.007 -0.435 0.007 0.177 0.009 0.351 0.009 0.174 0.008
2453233.55622 -0.828 0.008 -0.634 0.007 -0.465 0.006 0.194 0.009 0.363 0.009 0.169 0.008
2453233.55659 -0.867 0.008 -0.664 0.007 -0.520 0.007 0.203 0.009 0.347 0.009 0.144 0.008
2453233.55696 -0.824 0.008 -0.660 0.007 -0.543 0.006 0.164 0.009 0.281 0.009 0.117 0.008
2453233.55734 -0.813 0.008 -0.661 0.007 -0.609 0.007 0.152 0.009 0.204 0.009 0.052 0.008
2453233.55771 -0.785 0.009 -0.632 0.009 -0.446 0.008 0.153 0.010 0.339 0.009 0.186 0.009
2453233.55808 -0.845 0.008 -0.625 0.007 -0.536 0.006 0.220 0.009 0.309 0.009 0.089 0.008
2453233.55846 -0.805 0.008 -0.629 0.007 -0.523 0.007 0.176 0.009 0.282 0.009 0.106 0.008
2453233.55883 -0.828 0.008 -0.641 0.007 -0.538 0.007 0.187 0.009 0.290 0.009 0.103 0.008
2453233.55921 -0.873 0.008 -0.700 0.007 -0.533 0.007 0.173 0.009 0.340 0.009 0.167 0.008
2453233.55958 -0.855 0.008 -0.616 0.007 -0.480 0.006 0.239 0.009 0.375 0.009 0.136 0.008
2453233.55995 -0.818 0.008 -0.621 0.007 -0.560 0.007 0.197 0.009 0.258 0.009 0.061 0.008
2453233.56034 -0.788 0.007 -0.647 0.007 -0.548 0.007 0.141 0.008 0.240 0.008 0.099 0.008
2453233.56071 -0.854 0.008 -0.686 0.007 -0.592 0.007 0.168 0.009 0.262 0.009 0.094 0.008
2453233.56108 -0.825 0.008 -0.611 0.007 -0.480 0.006 0.214 0.009 0.345 0.009 0.131 0.008
2453233.56146 -0.823 0.008 -0.653 0.007 -0.471 0.006 0.170 0.009 0.352 0.009 0.182 0.008
2453233.56183 -0.816 0.007 -0.599 0.007 -0.512 0.006 0.217 0.008 0.304 0.008 0.087 0.008
2453233.56220 -0.823 0.007 -0.644 0.007 -0.529 0.006 0.179 0.008 0.294 0.008 0.115 0.008
2453233.56258 -0.812 0.007 -0.638 0.007 -0.559 0.007 0.174 0.008 0.253 0.008 0.079 0.008
2453233.56295 -0.805 0.008 -0.602 0.007 -0.464 0.006 0.203 0.009 0.341 0.009 0.138 0.008
2453233.56332 -0.796 0.008 -0.583 0.007 -0.498 0.007 0.213 0.009 0.298 0.009 0.085 0.008
2453233.56370 -0.797 0.008 -0.596 0.007 -0.516 0.007 0.201 0.009 0.281 0.009 0.080 0.008
2453233.56407 -0.850 0.008 -0.658 0.007 -0.499 0.006 0.192 0.009 0.351 0.009 0.159 0.008
2453233.56444 -0.814 0.008 -0.653 0.007 -0.481 0.007 0.161 0.009 0.333 0.009 0.172 0.008
2453233.56483 -0.856 0.008 -0.641 0.007 -0.543 0.007 0.215 0.009 0.313 0.009 0.098 0.008
2453233.56520 -0.834 0.008 -0.660 0.007 -0.573 0.007 0.174 0.009 0.261 0.009 0.087 0.008
2453233.56558 -0.825 0.008 -0.631 0.007 -0.590 0.007 0.194 0.009 0.235 0.009 0.041 0.008
2453233.56595 -0.808 0.008 -0.586 0.007 -0.518 0.007 0.222 0.009 0.290 0.009 0.068 0.008
2453233.56632 -0.805 0.008 -0.564 0.007 -0.450 0.007 0.241 0.009 0.355 0.009 0.114 0.008
2453233.56670 -0.825 0.008 -0.645 0.007 -0.541 0.006 0.180 0.009 0.284 0.009 0.104 0.008
2453233.56707 -0.834 0.008 -0.642 0.007 -0.563 0.007 0.192 0.009 0.271 0.009 0.079 0.008
2453233.56744 -0.842 0.008 -0.662 0.007 -0.590 0.007 0.180 0.009 0.252 0.009 0.072 0.008
2453233.56782 -0.867 0.008 -0.627 0.007 -0.496 0.006 0.240 0.009 0.371 0.009 0.131 0.008
2453233.56819 -0.842 0.008 -0.630 0.007 -0.540 0.007 0.212 0.009 0.302 0.009 0.090 0.008
2453233.56856 -0.820 0.007 -0.612 0.007 -0.542 0.007 0.208 0.008 0.278 0.008 0.070 0.008
2453233.56895 -0.810 0.007 -0.675 0.007 -0.581 0.007 0.135 0.008 0.229 0.008 0.094 0.008
2453233.56932 -0.827 0.008 -0.644 0.007 -0.559 0.007 0.183 0.009 0.268 0.009 0.085 0.008
2453233.56969 -0.837 0.008 -0.620 0.007 -0.458 0.006 0.217 0.009 0.379 0.009 0.162 0.008
2453233.57007 -0.889 0.008 -0.659 0.007 -0.520 0.006 0.230 0.009 0.369 0.009 0.139 0.008
2453233.57044 -0.831 0.008 -0.652 0.007 -0.536 0.007 0.179 0.009 0.295 0.009 0.116 0.008
2453233.57081 -0.829 0.008 -0.646 0.007 -0.554 0.007 0.183 0.009 0.275 0.009 0.092 0.008
2453233.57119 -0.852 0.008 -0.632 0.007 -0.562 0.007 0.220 0.009 0.290 0.009 0.070 0.008
2453233.57156 -0.825 0.008 -0.587 0.007 -0.473 0.007 0.238 0.009 0.352 0.009 0.114 0.008
2453233.57193 -0.776 0.008 -0.629 0.007 -0.542 0.007 0.147 0.009 0.234 0.009 0.087 0.008
2453233.57231 -0.802 0.008 -0.631 0.007 -0.529 0.007 0.171 0.009 0.273 0.009 0.102 0.008
2453233.57269 -0.831 0.008 -0.681 0.007 -0.563 0.007 0.150 0.009 0.268 0.009 0.118 0.008
2453233.57306 -0.814 0.009 -0.589 0.008 -0.411 0.008 0.225 0.009 0.403 0.009 0.178 0.008
2453233.57344 -0.852 0.009 -0.554 0.008 -0.453 0.008 0.298 0.010 0.399 0.010 0.101 0.008
2453233.57381 -0.832 0.023 -0.757 0.022 -0.508 0.019 0.075 0.028 0.324 0.026 0.249 0.025
2453233.57418 -0.782 0.028 -0.618 0.025 -0.414 0.023 0.164 0.032 0.368 0.030 0.204 0.028
2453233.57456 -0.885 0.059 -0.864 0.058 -0.759 0.055 0.021 0.074 0.126 0.072 0.105 0.071
2453233.57493 99.999 9.999 -0.809 0.057 -0.637 0.051 99.999 9.999 99.999 9.999 0.172 0.067
2453233.57530 99.999 9.999 -0.682 0.070 -0.473 0.060 99.999 9.999 99.999 9.999 0.209 0.079
2453233.57568 -1.064 0.039 -0.500 0.026 -0.594 0.028 0.564 0.042 0.470 0.043 -0.094 0.032
2453233.57605 -0.753 0.022 -0.493 0.019 -0.442 0.019 0.260 0.025 0.311 0.024 0.051 0.022
2453233.57642 -0.841 0.015 -0.636 0.013 -0.551 0.012 0.205 0.017 0.290 0.016 0.085 0.015
2453233.57681 -1.005 0.023 -0.325 0.016 -0.173 0.016 0.680 0.025 0.832 0.024 0.152 0.018
2453233.57718 -0.799 0.009 -0.569 0.009 -0.522 0.009 0.230 0.011 0.277 0.011 0.047 0.010
2453233.57755 -0.885 0.008 -0.570 0.007 -0.551 0.007 0.315 0.009 0.334 0.009 0.019 0.008
2453233.57793 -1.052 0.011 -0.549 0.009 -0.600 0.009 0.503 0.012 0.452 0.012 -0.051 0.010
2453233.57830 -0.633 0.013 -0.712 0.014 -0.798 0.014 -0.079 0.016 -0.165 0.016 -0.086 0.017
2453233.57867 -0.523 0.014 -0.608 0.014 -0.871 0.017 -0.085 0.017 -0.348 0.019 -0.263 0.019
2453233.57905 -0.859 0.010 -0.551 0.009 -0.360 0.009 0.308 0.011 0.499 0.011 0.191 0.010
2453233.57942 -0.937 0.010 -0.642 0.009 -0.553 0.009 0.295 0.011 0.384 0.011 0.089 0.010
2453233.57979 -0.696 0.024 -0.506 0.022 -0.603 0.022 0.190 0.028 0.093 0.028 -0.097 0.026
2453233.58017 -0.695 0.026 -0.477 0.022 -0.354 0.021 0.218 0.028 0.341 0.028 0.123 0.025
2453233.58054 -0.935 0.009 -0.647 0.008 -0.568 0.007 0.288 0.011 0.367 0.010 0.079 0.009
2453233.58093 -0.845 0.013 -0.568 0.011 -0.220 0.009 0.277 0.014 0.625 0.013 0.348 0.011
2453233.58130 -0.829 0.009 -0.569 0.008 -0.465 0.008 0.260 0.009 0.364 0.009 0.104 0.008
2453233.58167 -0.844 0.008 -0.557 0.007 -0.509 0.007 0.287 0.009 0.335 0.009 0.048 0.008
2453233.58205 -0.814 0.012 -0.605 0.011 -0.686 0.011 0.209 0.013 0.128 0.013 -0.081 0.013
2453233.58242 -0.815 0.008 -0.626 0.007 -0.448 0.007 0.189 0.009 0.367 0.009 0.178 0.008
2453233.58279 -0.761 0.009 -0.560 0.008 -0.450 0.008 0.201 0.009 0.311 0.009 0.110 0.008
2453233.58317 -0.818 0.008 -0.634 0.007 -0.509 0.007 0.184 0.009 0.309 0.009 0.125 0.008
2453233.58354 -0.787 0.008 -0.599 0.007 -0.507 0.007 0.188 0.009 0.280 0.009 0.092 0.008
2453233.58391 -0.822 0.008 -0.649 0.008 -0.620 0.007 0.173 0.010 0.202 0.009 0.029 0.009
2453233.58429 -0.378 0.011 -0.955 0.016 -0.462 0.012 -0.577 0.017 -0.084 0.013 0.493 0.017
2453233.58466 -0.904 0.088 -0.380 0.064 -0.756 0.081 0.524 0.095 0.148 0.108 -0.376 0.089
2453233.58503 -0.828 0.019 -0.656 0.017 -0.318 0.014 0.172 0.022 0.510 0.020 0.338 0.018
2453233.58542 -0.846 0.009 -0.567 0.009 -0.510 0.009 0.279 0.011 0.336 0.011 0.057 0.010
2453233.58579 -0.766 0.009 -0.619 0.009 -0.474 0.008 0.147 0.011 0.292 0.010 0.145 0.009
2453233.58616 -0.849 0.010 -0.661 0.009 -0.541 0.009 0.188 0.012 0.308 0.011 0.120 0.011
2453233.58654 -0.635 0.023 -0.732 0.024 -0.472 0.021 -0.097 0.029 0.163 0.026 0.260 0.027
2453233.58691 -0.589 0.046 -0.536 0.044 -0.524 0.044 0.053 0.054 0.065 0.054 0.012 0.052
2453233.58729 -0.834 0.104 -0.499 0.082 -0.304 0.074 0.335 0.116 0.530 0.111 0.195 0.090
2453233.58766 -0.411 0.109 -0.713 0.127 99.999 9.999 -0.302 0.144 99.999 9.999 99.999 9.999
2453233.58841 -0.483 0.034 -0.766 0.040 -1.653 0.079 -0.283 0.045 -1.170 0.082 -0.887 0.085
2453233.58878 -0.914 0.009 -0.636 0.009 -0.559 0.009 0.278 0.011 0.355 0.011 0.077 0.010
2453233.58916 -1.014 0.013 -0.429 0.011 -0.240 0.009 0.585 0.015 0.774 0.014 0.189 0.011
2453233.58954 -0.922 0.009 -0.632 0.009 -0.520 0.008 0.290 0.011 0.402 0.010 0.112 0.009
2453233.58991 -0.713 0.009 -0.666 0.009 -0.488 0.009 0.047 0.011 0.225 0.011 0.178 0.011
2453233.59028 -0.737 0.012 -0.716 0.012 -0.445 0.011 0.021 0.014 0.292 0.013 0.271 0.013
2453233.59066 -1.041 0.013 -0.542 0.011 -0.472 0.011 0.499 0.015 0.569 0.015 0.070 0.013
2453233.59103 -0.707 0.017 -0.680 0.017 -0.291 0.014 0.027 0.021 0.416 0.019 0.389 0.018
2453233.59141 -0.612 0.015 -0.664 0.015 -0.673 0.015 -0.052 0.018 -0.061 0.018 -0.009 0.018
2453233.59178 -0.497 0.018 -0.905 0.022 -0.752 0.021 -0.408 0.025 -0.255 0.023 0.153 0.027
2453233.59215 -0.600 0.031 -1.136 0.043 -0.796 0.036 -0.536 0.047 -0.196 0.041 0.340 0.050


2453233.59291 -1.308 0.101 -0.690 0.064 -0.740 0.066 0.618 0.111 0.568 0.112 -0.050 0.080
2453233.59328 -0.784 0.036 -0.702 0.034 -0.378 0.029 0.082 0.043 0.406 0.039 0.324 0.037
2453233.59366 -1.255 0.032 -0.512 0.019 -0.394 0.019 0.743 0.034 0.861 0.034 0.118 0.022
2453233.59403 -1.060 0.017 -0.436 0.011 -0.332 0.011 0.624 0.017 0.728 0.017 0.104 0.013
2453233.59440 -0.962 0.013 -0.595 0.011 -0.467 0.011 0.367 0.015 0.495 0.015 0.128 0.013
2453233.59478 -0.876 0.009 -0.601 0.009 -0.531 0.008 0.275 0.011 0.345 0.010 0.070 0.009
2453233.59515 -0.839 0.009 -0.563 0.009 -0.453 0.008 0.276 0.011 0.386 0.010 0.110 0.009
2453233.59552 -0.872 0.009 -0.650 0.009 -0.503 0.008 0.222 0.011 0.369 0.010 0.147 0.009
