JD V-C s1 V-C1 s2 V-C2 s3 C-C1 s4 C-C2 s5 C1-C2 s6
Aperture: 2.00, Filter: V
2453259.27016 99.999 9.999 -0.400 0.006 99.999 9.999 99.999 9.999 99.999 9.999 99.999 9.999
2453259.27053 -0.605 0.006 -0.378 0.006 -0.213 0.006 0.227 0.006 0.392 0.006 0.165 0.006


2453259.27128 99.999 9.999 -0.432 0.005 -0.220 0.005 99.999 9.999 99.999 9.999 0.212 0.006
2453259.27166 -0.587 0.006 -0.433 0.006 -0.208 0.006 0.154 0.006 0.379 0.006 0.225 0.006
2453259.27205 99.999 9.999 -0.461 0.005 -0.220 0.005 99.999 9.999 99.999 9.999 0.241 0.006
2453259.27244 99.999 9.999 -0.444 0.006 -0.219 0.006 99.999 9.999 99.999 9.999 0.225 0.006


2453259.27325 -0.638 0.006 -0.390 0.006 99.999 9.999 0.248 0.006 99.999 9.999 99.999 9.999
2453259.27366 -0.584 0.006 99.999 9.999 -0.241 0.006 99.999 9.999 0.343 0.006 99.999 9.999
2453259.27405 -0.626 0.006 -0.459 0.006 -0.229 0.006 0.167 0.006 0.397 0.006 0.230 0.006
2453259.27446 -0.555 0.006 -0.404 0.006 -0.242 0.006 0.151 0.006 0.313 0.006 0.162 0.006
2453259.27486 -0.582 0.006 99.999 9.999 -0.220 0.006 99.999 9.999 0.362 0.006 99.999 9.999
2453259.27525 -0.588 0.006 -0.437 0.006 -0.240 0.006 0.151 0.006 0.348 0.006 0.197 0.006


2453259.27608 -0.587 0.006 -0.406 0.006 -0.236 0.006 0.181 0.006 0.351 0.006 0.170 0.006
2453259.27650 99.999 9.999 -0.463 0.005 -0.239 0.005 99.999 9.999 99.999 9.999 0.224 0.006
2453259.27691 -0.592 0.006 -0.395 0.006 -0.222 0.006 0.197 0.006 0.370 0.006 0.173 0.006
2453259.27730 -0.616 0.006 -0.457 0.005 -0.254 0.005 0.159 0.006 0.362 0.006 0.203 0.006
2453259.27772 -0.619 0.006 -0.389 0.006 99.999 9.999 0.230 0.006 99.999 9.999 99.999 9.999


2453259.27851 -0.667 0.006 99.999 9.999 -0.239 0.005 99.999 9.999 0.428 0.006 99.999 9.999
2453259.27892 -0.595 0.006 -0.419 0.006 -0.214 0.006 0.176 0.006 0.381 0.006 0.205 0.006


2453259.27973 -0.635 0.006 -0.357 0.006 -0.226 0.006 0.278 0.006 0.409 0.006 0.131 0.006
2453259.28014 -0.645 0.006 -0.372 0.006 -0.239 0.006 0.273 0.006 0.406 0.006 0.133 0.006
2453259.28056 -0.618 0.006 -0.460 0.005 -0.240 0.005 0.158 0.006 0.378 0.006 0.220 0.006


2453259.28137 -0.635 0.006 -0.474 0.005 -0.244 0.005 0.161 0.006 0.391 0.006 0.230 0.006
2453259.28176 -0.599 0.006 -0.448 0.005 -0.254 0.005 0.151 0.006 0.345 0.006 0.194 0.006
2453259.28218 -0.635 0.006 -0.441 0.005 -0.233 0.005 0.194 0.006 0.402 0.006 0.208 0.006


2453259.28299 -0.668 0.006 -0.475 0.005 -0.255 0.005 0.193 0.006 0.413 0.006 0.220 0.006
2453259.28339 -0.651 0.006 -0.425 0.005 -0.235 0.005 0.226 0.006 0.416 0.006 0.190 0.006
2453259.28378 99.999 9.999 -0.448 0.005 -0.238 0.005 99.999 9.999 99.999 9.999 0.210 0.006
2453259.28419 -0.625 0.006 99.999 9.999 -0.234 0.006 99.999 9.999 0.391 0.006 99.999 9.999
2453259.28461 -0.617 0.006 -0.473 0.005 -0.250 0.005 0.144 0.006 0.367 0.006 0.223 0.006
2453259.28501 99.999 9.999 -0.467 0.005 -0.246 0.005 99.999 9.999 99.999 9.999 0.221 0.006
2453259.28541 -0.600 0.006 99.999 9.999 -0.264 0.005 99.999 9.999 0.336 0.006 99.999 9.999
2453259.28581 -0.617 0.006 -0.426 0.005 -0.250 0.005 0.191 0.006 0.367 0.006 0.176 0.006
2453259.28622 -0.606 0.006 -0.446 0.006 -0.245 0.006 0.160 0.006 0.361 0.006 0.201 0.006
2453259.28661 -0.640 0.006 -0.427 0.005 -0.241 0.005 0.213 0.006 0.399 0.006 0.186 0.006
2453259.28703 -0.631 0.006 -0.398 0.006 -0.229 0.006 0.233 0.006 0.402 0.006 0.169 0.006
2453259.28743 -0.631 0.006 -0.486 0.005 -0.269 0.005 0.145 0.006 0.362 0.006 0.217 0.006








2453259.28949 -0.609 0.006 -0.400 0.006 -0.261 0.006 0.209 0.006 0.348 0.006 0.139 0.006




2453259.29072 -0.673 0.006 -0.440 0.005 -0.252 0.005 0.233 0.006 0.421 0.006 0.188 0.006
2453259.29112 -0.621 0.006 -0.410 0.006 -0.244 0.006 0.211 0.006 0.377 0.006 0.166 0.006


2453259.29192 99.999 9.999 -0.486 0.005 -0.266 0.005 99.999 9.999 99.999 9.999 0.220 0.006
2453259.29233 -0.611 0.006 -0.473 0.005 -0.252 0.005 0.138 0.006 0.359 0.006 0.221 0.006
2453259.29272 -0.627 0.006 -0.413 0.006 -0.252 0.006 0.214 0.006 0.375 0.006 0.161 0.006
2453259.29313 -0.601 0.006 -0.431 0.005 -0.250 0.005 0.170 0.006 0.351 0.006 0.181 0.006
2453259.29353 99.999 9.999 -0.477 0.005 -0.266 0.005 99.999 9.999 99.999 9.999 0.211 0.006
2453259.29392 99.999 9.999 -0.484 0.005 -0.258 0.005 99.999 9.999 99.999 9.999 0.226 0.006
2453259.29433 -0.612 0.006 -0.403 0.006 -0.233 0.006 0.209 0.006 0.379 0.006 0.170 0.006
2453259.29473 -0.619 0.006 99.999 9.999 -0.248 0.006 99.999 9.999 0.371 0.006 99.999 9.999
2453259.29514 -0.678 0.006 -0.471 0.005 -0.258 0.005 0.207 0.006 0.420 0.006 0.213 0.006




2453259.29638 -0.659 0.006 -0.439 0.005 -0.273 0.005 0.220 0.006 0.386 0.006 0.166 0.006
2453259.29678 99.999 9.999 -0.486 0.005 -0.251 0.005 99.999 9.999 99.999 9.999 0.235 0.006


2453259.29758 -0.660 0.006 -0.476 0.005 -0.251 0.005 0.184 0.006 0.409 0.006 0.225 0.006


2453259.29840 -0.606 0.006 -0.399 0.006 -0.249 0.006 0.207 0.006 0.357 0.006 0.150 0.006
2453259.30200 99.999 9.999 99.999 9.999 -0.249 0.006 99.999 9.999 99.999 9.999 99.999 9.999
2453259.30241 -0.629 0.006 -0.428 0.006 -0.264 0.006 0.201 0.006 0.365 0.006 0.164 0.006
2453259.30281 -0.631 0.006 -0.396 0.006 -0.251 0.006 0.235 0.006 0.380 0.006 0.145 0.006
2453259.30323 -0.613 0.006 -0.408 0.005 -0.256 0.005 0.205 0.006 0.357 0.006 0.152 0.006
2453259.30361 -0.626 0.006 -0.400 0.005 -0.240 0.005 0.226 0.006 0.386 0.006 0.160 0.006
2453259.30398 -0.599 0.006 -0.396 0.006 -0.238 0.006 0.203 0.006 0.361 0.006 0.158 0.006
2453259.30435 -0.606 0.006 -0.407 0.006 -0.251 0.006 0.199 0.006 0.355 0.006 0.156 0.006
2453259.30771 -0.630 0.006 -0.416 0.005 -0.249 0.005 0.214 0.006 0.381 0.006 0.167 0.006
2453259.30811 -0.658 0.006 -0.446 0.005 -0.252 0.005 0.212 0.006 0.406 0.006 0.194 0.006
2453259.30852 -0.658 0.006 -0.430 0.005 -0.250 0.005 0.228 0.006 0.408 0.006 0.180 0.006
2453259.30892 -0.594 0.006 -0.433 0.006 -0.242 0.006 0.161 0.006 0.352 0.006 0.191 0.006
2453259.30933 -0.619 0.006 -0.402 0.006 -0.246 0.006 0.217 0.006 0.373 0.006 0.156 0.006
2453259.30973 -0.597 0.006 -0.391 0.006 -0.222 0.006 0.206 0.006 0.375 0.006 0.169 0.006
2453259.31015 -0.613 0.006 -0.417 0.005 -0.241 0.005 0.196 0.006 0.372 0.006 0.176 0.006
2453259.31056 -0.625 0.006 -0.411 0.005 -0.254 0.005 0.214 0.006 0.371 0.006 0.157 0.006
2453259.31096 99.999 9.999 -0.432 0.006 -0.228 0.006 99.999 9.999 99.999 9.999 0.204 0.006
2453259.31138 -0.618 0.006 -0.437 0.005 -0.246 0.005 0.181 0.006 0.372 0.006 0.191 0.006
2453259.31177 -0.625 0.006 -0.400 0.006 -0.223 0.006 0.225 0.006 0.402 0.006 0.177 0.006
2453259.31219 -0.603 0.006 -0.417 0.006 -0.243 0.006 0.186 0.006 0.360 0.006 0.174 0.006
2453259.31259 -0.606 0.006 -0.400 0.006 -0.233 0.006 0.206 0.006 0.373 0.006 0.167 0.006
2453259.31300 -0.622 0.006 -0.394 0.006 -0.244 0.006 0.228 0.006 0.378 0.006 0.150 0.006
2453259.31339 -0.593 0.006 -0.431 0.005 -0.233 0.005 0.162 0.006 0.360 0.006 0.198 0.006
2453259.31381 -0.638 0.006 -0.434 0.005 -0.235 0.005 0.204 0.006 0.403 0.006 0.199 0.006
2453259.31422 99.999 9.999 -0.438 0.005 -0.237 0.005 99.999 9.999 99.999 9.999 0.201 0.006
2453259.31464 -0.613 0.006 -0.444 0.005 -0.235 0.005 0.169 0.006 0.378 0.006 0.209 0.006
2453259.31503 -0.601 0.006 -0.421 0.005 -0.244 0.005 0.180 0.006 0.357 0.006 0.177 0.006
2453259.31545 -0.616 0.006 -0.434 0.005 -0.227 0.005 0.182 0.006 0.389 0.006 0.207 0.006
2453259.31586 -0.600 0.006 -0.405 0.006 -0.236 0.006 0.195 0.006 0.364 0.006 0.169 0.006
2453259.31626 -0.604 0.006 -0.385 0.006 -0.231 0.006 0.219 0.006 0.373 0.006 0.154 0.006
2453259.31667 -0.626 0.006 -0.407 0.005 -0.245 0.005 0.219 0.006 0.381 0.006 0.162 0.006
2453259.31707 -0.564 0.006 -0.391 0.006 -0.211 0.006 0.173 0.006 0.353 0.006 0.180 0.006
2453259.31749 -0.587 0.006 99.999 9.999 -0.224 0.006 99.999 9.999 0.363 0.006 99.999 9.999
2453259.31788 -0.587 0.006 -0.436 0.006 -0.235 0.006 0.151 0.006 0.352 0.006 0.201 0.006
2453259.31829 99.999 9.999 -0.434 0.006 -0.207 0.006 99.999 9.999 99.999 9.999 0.227 0.006
2453259.31869 -0.598 0.006 -0.370 0.006 -0.227 0.006 0.228 0.006 0.371 0.006 0.143 0.006
2453259.31910 -0.564 0.006 -0.377 0.006 -0.215 0.006 0.187 0.006 0.349 0.006 0.162 0.006
2453259.31951 -0.567 0.006 -0.365 0.006 -0.220 0.006 0.202 0.006 0.347 0.006 0.145 0.006
2453259.31992 -0.587 0.006 99.999 9.999 -0.230 0.006 99.999 9.999 0.357 0.006 99.999 9.999
2453259.32031 -0.605 0.006 -0.401 0.006 -0.202 0.006 0.204 0.006 0.403 0.006 0.199 0.006
2453259.32073 -0.608 0.006 -0.404 0.006 -0.222 0.006 0.204 0.006 0.386 0.006 0.182 0.006


2453259.32156 -0.610 0.006 -0.407 0.006 -0.213 0.006 0.203 0.006 0.397 0.006 0.194 0.006
2453259.32198 99.999 9.999 -0.408 0.006 -0.211 0.006 99.999 9.999 99.999 9.999 0.197 0.006
2453259.32237 -0.604 0.006 -0.417 0.005 -0.222 0.005 0.187 0.006 0.382 0.006 0.195 0.006
2453259.32278 -0.543 0.006 -0.392 0.006 -0.189 0.006 0.151 0.006 0.354 0.006 0.203 0.006
2453259.32319 -0.578 0.006 -0.393 0.006 -0.213 0.006 0.185 0.006 0.365 0.006 0.180 0.006
2453259.32360 99.999 9.999 -0.378 0.006 -0.212 0.006 99.999 9.999 99.999 9.999 0.166 0.006
2453259.32400 -0.586 0.006 -0.413 0.005 -0.212 0.005 0.173 0.006 0.374 0.006 0.201 0.006
2453259.32441 -0.552 0.006 -0.392 0.006 -0.204 0.006 0.160 0.006 0.348 0.006 0.188 0.006
2453259.32481 99.999 9.999 -0.414 0.006 -0.200 0.006 99.999 9.999 99.999 9.999 0.214 0.006
2453259.32522 -0.603 0.006 -0.422 0.006 -0.218 0.006 0.181 0.006 0.385 0.006 0.204 0.006
2453259.32561 -0.579 0.006 -0.361 0.006 -0.195 0.006 0.218 0.006 0.384 0.006 0.166 0.006
2453259.32603 -0.568 0.006 -0.381 0.006 -0.217 0.006 0.187 0.006 0.351 0.006 0.164 0.006
2453259.32642 -0.555 0.006 -0.350 0.006 -0.186 0.006 0.205 0.006 0.369 0.006 0.164 0.006
2453259.32684 -0.569 0.006 -0.366 0.006 -0.183 0.006 0.203 0.006 0.386 0.006 0.183 0.006
2453259.32726 -0.565 0.006 -0.391 0.006 -0.187 0.006 0.174 0.006 0.378 0.006 0.204 0.006
2453259.32766 -0.593 0.006 -0.380 0.006 -0.186 0.006 0.213 0.006 0.407 0.006 0.194 0.006
2453259.32807 -0.578 0.006 -0.386 0.006 -0.181 0.006 0.192 0.006 0.397 0.006 0.205 0.006
2453259.32848 -0.586 0.006 -0.365 0.006 -0.187 0.006 0.221 0.006 0.399 0.006 0.178 0.006
2453259.32888 99.999 9.999 -0.399 0.006 -0.191 0.006 99.999 9.999 99.999 9.999 0.208 0.006


2453259.32970 -0.548 0.006 -0.378 0.006 -0.197 0.006 0.170 0.006 0.351 0.006 0.181 0.006
2453259.33009 -0.553 0.006 -0.366 0.006 -0.194 0.006 0.187 0.006 0.359 0.006 0.172 0.006
2453259.33051 -0.575 0.006 99.999 9.999 -0.213 0.006 99.999 9.999 0.362 0.006 99.999 9.999
2453259.33090 -0.552 0.006 -0.386 0.006 -0.195 0.006 0.166 0.006 0.357 0.006 0.191 0.006
2453259.33132 -0.562 0.006 -0.382 0.006 -0.194 0.006 0.180 0.006 0.368 0.006 0.188 0.006
2453259.33172 -0.588 0.006 -0.420 0.006 -0.203 0.006 0.168 0.006 0.385 0.006 0.217 0.006
2453259.33212 -0.570 0.006 -0.398 0.006 -0.186 0.006 0.172 0.006 0.384 0.006 0.212 0.006


2453259.33293 -0.571 0.006 -0.341 0.006 -0.200 0.006 0.230 0.006 0.371 0.006 0.141 0.006
2453259.33333 -0.580 0.006 -0.351 0.006 -0.186 0.006 0.229 0.006 0.394 0.006 0.165 0.006


2453259.33413 -0.570 0.006 -0.332 0.006 -0.177 0.006 0.238 0.006 0.393 0.006 0.155 0.006
2453259.33454 -0.574 0.006 -0.351 0.006 99.999 9.999 0.223 0.006 99.999 9.999 99.999 9.999
2453259.33494 -0.558 0.006 99.999 9.999 -0.202 0.006 99.999 9.999 0.356 0.006 99.999 9.999
2453259.33535 -0.561 0.006 -0.381 0.006 -0.187 0.006 0.180 0.006 0.374 0.006 0.194 0.006
2453259.33575 99.999 9.999 -0.373 0.006 -0.193 0.006 99.999 9.999 99.999 9.999 0.180 0.006
2453259.33617 99.999 9.999 -0.375 0.006 -0.178 0.006 99.999 9.999 99.999 9.999 0.197 0.006
2453259.33656 -0.578 0.006 99.999 9.999 -0.204 0.006 99.999 9.999 0.374 0.006 99.999 9.999
2453259.33697 -0.580 0.006 -0.349 0.006 -0.184 0.006 0.231 0.006 0.396 0.006 0.165 0.006
2453259.33736 99.999 9.999 -0.407 0.006 -0.196 0.006 99.999 9.999 99.999 9.999 0.211 0.006
2453259.33777 -0.564 0.006 -0.365 0.006 -0.189 0.006 0.199 0.006 0.375 0.006 0.176 0.006
2453259.33817 -0.564 0.006 -0.358 0.006 -0.200 0.006 0.206 0.006 0.364 0.006 0.158 0.006
2453259.33859 99.999 9.999 99.999 9.999 -0.216 0.006 99.999 9.999 99.999 9.999 99.999 9.999
2453259.33898 -0.558 0.006 -0.380 0.006 -0.209 0.006 0.178 0.006 0.349 0.006 0.171 0.006
2453259.33940 -0.600 0.006 -0.405 0.006 -0.209 0.006 0.195 0.006 0.391 0.006 0.196 0.006
2453259.33979 -0.581 0.006 -0.359 0.006 -0.178 0.006 0.222 0.006 0.403 0.006 0.181 0.006
2453259.34021 -0.554 0.006 -0.388 0.006 -0.200 0.006 0.166 0.006 0.354 0.006 0.188 0.006
2453259.34060 -0.564 0.006 -0.384 0.006 -0.217 0.006 0.180 0.006 0.347 0.006 0.167 0.006
2453259.34101 -0.569 0.006 -0.397 0.006 -0.212 0.006 0.172 0.006 0.357 0.006 0.185 0.006
2453259.34141 -0.577 0.006 -0.398 0.006 -0.183 0.006 0.179 0.006 0.394 0.006 0.215 0.006
2453259.34182 -0.581 0.006 -0.376 0.006 -0.210 0.006 0.205 0.006 0.371 0.006 0.166 0.006
2453259.34222 -0.565 0.006 -0.396 0.006 -0.199 0.006 0.169 0.006 0.366 0.006 0.197 0.006
2453259.34263 -0.554 0.006 -0.394 0.006 -0.204 0.006 0.160 0.006 0.350 0.006 0.190 0.006
2453259.34303 -0.591 0.006 -0.402 0.006 -0.199 0.006 0.189 0.006 0.392 0.006 0.203 0.006
2453259.34343 -0.574 0.006 -0.373 0.006 -0.202 0.006 0.201 0.006 0.372 0.006 0.171 0.006


2453259.34424 -0.597 0.006 -0.375 0.006 -0.188 0.006 0.222 0.006 0.409 0.006 0.187 0.006
2453259.34465 -0.595 0.006 -0.380 0.006 -0.208 0.006 0.215 0.006 0.387 0.006 0.172 0.006
2453259.34505 -0.606 0.006 -0.385 0.006 -0.204 0.006 0.221 0.006 0.402 0.006 0.181 0.006
2453259.34545 -0.571 0.006 -0.378 0.006 -0.203 0.006 0.193 0.006 0.368 0.006 0.175 0.006
2453259.34586 -0.558 0.006 -0.372 0.006 -0.197 0.006 0.186 0.006 0.361 0.006 0.175 0.006
2453259.34626 99.999 9.999 -0.371 0.006 -0.206 0.006 99.999 9.999 99.999 9.999 0.165 0.006
2453259.34667 -0.587 0.006 -0.375 0.006 -0.202 0.006 0.212 0.006 0.385 0.006 0.173 0.006
2453259.34706 -0.590 0.006 -0.393 0.006 -0.187 0.006 0.197 0.006 0.403 0.006 0.206 0.006
2453259.34748 -0.587 0.006 -0.388 0.006 -0.189 0.006 0.199 0.006 0.398 0.006 0.199 0.006
2453259.34787 -0.570 0.006 -0.389 0.006 -0.181 0.006 0.181 0.006 0.389 0.006 0.208 0.006
2453259.34829 -0.566 0.006 -0.361 0.006 -0.201 0.006 0.205 0.006 0.365 0.006 0.160 0.006
2453259.34869 -0.575 0.006 -0.384 0.006 -0.203 0.006 0.191 0.006 0.372 0.006 0.181 0.006
2453259.34910 -0.594 0.006 -0.380 0.006 -0.186 0.006 0.214 0.006 0.408 0.006 0.194 0.006
2453259.34951 -0.577 0.006 -0.380 0.006 -0.201 0.006 0.197 0.006 0.376 0.006 0.179 0.006
2453259.34992 -0.563 0.006 -0.362 0.006 -0.200 0.006 0.201 0.006 0.363 0.006 0.162 0.006
2453259.35031 99.999 9.999 -0.391 0.006 -0.190 0.006 99.999 9.999 99.999 9.999 0.201 0.006
2453259.35073 -0.570 0.006 -0.389 0.006 -0.202 0.006 0.181 0.006 0.368 0.006 0.187 0.006
2453259.35115 99.999 9.999 -0.378 0.006 -0.205 0.006 99.999 9.999 99.999 9.999 0.173 0.006
2453259.35154 -0.582 0.006 -0.365 0.006 -0.199 0.006 0.217 0.006 0.383 0.006 0.166 0.006
2453259.35193 -0.547 0.006 -0.374 0.006 -0.181 0.006 0.173 0.006 0.366 0.006 0.193 0.006


2453259.35275 -0.579 0.006 -0.354 0.006 -0.205 0.006 0.225 0.006 0.374 0.006 0.149 0.006
2453259.35316 -0.600 0.006 -0.412 0.006 -0.208 0.006 0.188 0.006 0.392 0.006 0.204 0.006
2453259.35356 -0.584 0.006 -0.358 0.006 -0.183 0.006 0.226 0.006 0.401 0.006 0.175 0.006
2453259.35396 -0.606 0.006 -0.400 0.006 -0.173 0.006 0.206 0.006 0.433 0.006 0.227 0.006
2453259.35438 -0.576 0.006 -0.404 0.006 -0.212 0.006 0.172 0.006 0.364 0.006 0.192 0.006
2453259.35477 -0.588 0.006 -0.416 0.006 -0.205 0.006 0.172 0.006 0.383 0.006 0.211 0.006


2453259.35559 99.999 9.999 -0.415 0.006 -0.189 0.006 99.999 9.999 99.999 9.999 0.226 0.006
2453259.35602 -0.569 0.006 -0.356 0.006 -0.207 0.006 0.213 0.006 0.362 0.006 0.149 0.006
2453259.35641 -0.596 0.006 -0.357 0.006 -0.188 0.006 0.239 0.006 0.408 0.006 0.169 0.006
2453259.35682 -0.565 0.006 -0.377 0.006 -0.205 0.006 0.188 0.006 0.360 0.006 0.172 0.006
2453259.35722 -0.577 0.006 -0.396 0.006 -0.208 0.006 0.181 0.006 0.369 0.006 0.188 0.006
2453259.35763 -0.569 0.006 -0.369 0.006 -0.215 0.006 0.200 0.006 0.354 0.006 0.154 0.006
2453259.35802 -0.573 0.006 -0.353 0.006 -0.186 0.006 0.220 0.006 0.387 0.006 0.167 0.006
2453259.35843 -0.599 0.006 -0.397 0.006 -0.202 0.006 0.202 0.006 0.397 0.006 0.195 0.006
2453259.35883 -0.589 0.006 -0.388 0.006 -0.202 0.006 0.201 0.006 0.387 0.006 0.186 0.006
2453259.35922 -0.573 0.006 -0.370 0.006 -0.203 0.006 0.203 0.006 0.370 0.006 0.167 0.006
2453259.35963 -0.557 0.006 -0.368 0.006 -0.204 0.006 0.189 0.006 0.353 0.006 0.164 0.006
2453259.36003 -0.592 0.006 -0.372 0.006 -0.211 0.006 0.220 0.006 0.381 0.006 0.161 0.006
2453259.36043 -0.568 0.006 -0.365 0.006 -0.191 0.006 0.203 0.006 0.377 0.006 0.174 0.006
2453259.36083 99.999 9.999 -0.390 0.006 -0.193 0.006 99.999 9.999 99.999 9.999 0.197 0.006
2453259.36124 -0.584 0.006 -0.399 0.006 -0.204 0.006 0.185 0.007 0.380 0.006 0.195 0.006
2453259.36163 -0.558 0.006 -0.377 0.006 -0.197 0.006 0.181 0.006 0.361 0.006 0.180 0.006
2453259.36205 -0.550 0.006 -0.398 0.006 -0.186 0.006 0.152 0.007 0.364 0.006 0.212 0.006
2453259.36247 -0.556 0.006 -0.359 0.006 -0.212 0.006 0.197 0.007 0.344 0.006 0.147 0.006
2453259.36287 -0.552 0.006 -0.375 0.006 -0.189 0.006 0.177 0.007 0.363 0.006 0.186 0.006
2453259.36328 -0.561 0.006 -0.381 0.006 -0.192 0.006 0.180 0.007 0.369 0.006 0.189 0.006
2453259.36368 -0.608 0.007 -0.410 0.006 -0.219 0.006 0.198 0.008 0.389 0.008 0.191 0.007
2453259.36409 -0.586 0.007 -0.363 0.006 -0.182 0.006 0.223 0.008 0.404 0.008 0.181 0.007


2453259.36491 -0.550 0.007 -0.395 0.006 -0.191 0.006 0.155 0.008 0.359 0.008 0.204 0.007
2453259.36531 -0.596 0.007 -0.390 0.006 -0.185 0.006 0.206 0.008 0.411 0.007 0.205 0.006
2453259.36573 -0.562 0.006 -0.357 0.006 -0.186 0.006 0.205 0.007 0.376 0.006 0.171 0.006
2453259.36615 -0.587 0.006 -0.405 0.006 -0.199 0.006 0.182 0.007 0.388 0.006 0.206 0.006
2453259.36655 -0.564 0.006 99.999 9.999 -0.207 0.006 99.999 9.999 0.357 0.006 99.999 9.999
2453259.36696 -0.602 0.006 -0.384 0.006 -0.181 0.006 0.218 0.007 0.421 0.006 0.203 0.006
2453259.36737 -0.586 0.006 -0.370 0.006 -0.196 0.006 0.216 0.007 0.390 0.006 0.174 0.006
2453259.36777 -0.591 0.006 -0.402 0.006 -0.215 0.006 0.189 0.007 0.376 0.006 0.187 0.006
2453259.36818 -0.558 0.006 -0.378 0.006 -0.184 0.006 0.180 0.007 0.374 0.006 0.194 0.006
2453259.36859 -0.580 0.006 -0.385 0.006 -0.194 0.006 0.195 0.007 0.386 0.006 0.191 0.006
2453259.36898 -0.582 0.006 -0.402 0.006 -0.224 0.006 0.180 0.007 0.358 0.006 0.178 0.006
2453259.36940 -0.552 0.006 -0.388 0.006 -0.200 0.006 0.164 0.007 0.352 0.006 0.188 0.006


2453259.37022 99.999 9.999 -0.381 0.006 -0.164 0.006 99.999 9.999 99.999 9.999 0.217 0.006
2453259.37061 -0.565 0.006 -0.360 0.006 -0.192 0.006 0.205 0.007 0.373 0.006 0.168 0.006
2453259.37101 -0.554 0.006 -0.352 0.006 -0.201 0.006 0.202 0.007 0.353 0.006 0.151 0.006
2453259.37141 -0.544 0.006 -0.357 0.006 -0.168 0.006 0.187 0.007 0.376 0.006 0.189 0.006
2453259.37179 -0.550 0.006 99.999 9.999 -0.191 0.006 99.999 9.999 0.359 0.006 99.999 9.999
2453259.37220 -0.562 0.006 -0.397 0.006 -0.200 0.006 0.165 0.007 0.362 0.006 0.197 0.006
2453259.37260 -0.568 0.006 -0.382 0.006 -0.177 0.006 0.186 0.007 0.391 0.006 0.205 0.006
2453259.37302 -0.549 0.006 -0.355 0.006 -0.194 0.006 0.194 0.007 0.355 0.006 0.161 0.006
2453259.37341 -0.569 0.006 -0.398 0.006 -0.207 0.006 0.171 0.007 0.362 0.006 0.191 0.006
2453259.37384 -0.553 0.006 -0.352 0.006 -0.197 0.006 0.201 0.007 0.356 0.006 0.155 0.006
2453259.37424 -0.541 0.006 -0.377 0.006 -0.178 0.006 0.164 0.007 0.363 0.006 0.199 0.006
2453259.37466 -0.571 0.007 -0.370 0.006 -0.166 0.006 0.201 0.008 0.405 0.008 0.204 0.007
2453259.37505 -0.564 0.007 -0.352 0.006 -0.165 0.006 0.212 0.008 0.399 0.008 0.187 0.007
2453259.37545 -0.585 0.007 -0.395 0.006 -0.200 0.006 0.190 0.008 0.385 0.008 0.195 0.007
2453259.37586 -0.565 0.006 -0.393 0.006 -0.174 0.006 0.172 0.007 0.391 0.006 0.219 0.006
2453259.37626 -0.539 0.007 -0.388 0.006 -0.203 0.006 0.151 0.008 0.336 0.008 0.185 0.007
2453259.37668 -0.559 0.007 -0.398 0.006 -0.184 0.006 0.161 0.008 0.375 0.008 0.214 0.007
2453259.37711 -0.543 0.006 -0.381 0.006 -0.181 0.006 0.162 0.007 0.362 0.006 0.200 0.006
2453259.37752 -0.556 0.007 -0.345 0.006 -0.195 0.006 0.211 0.008 0.361 0.008 0.150 0.007
2453259.37791 -0.543 0.007 -0.345 0.006 -0.174 0.006 0.198 0.008 0.369 0.008 0.171 0.007
2453259.37831 -0.541 0.007 -0.369 0.006 -0.184 0.006 0.172 0.008 0.357 0.008 0.185 0.007
2453259.37872 -0.553 0.007 -0.359 0.006 -0.201 0.006 0.194 0.008 0.352 0.008 0.158 0.007
2453259.37910 -0.573 0.007 -0.362 0.006 -0.192 0.006 0.211 0.008 0.381 0.008 0.170 0.007
2453259.37949 -0.553 0.006 -0.352 0.006 -0.181 0.006 0.201 0.007 0.372 0.006 0.171 0.006
2453259.37991 -0.587 0.007 -0.393 0.006 -0.186 0.006 0.194 0.008 0.401 0.007 0.207 0.006
2453259.38032 -0.584 0.007 -0.379 0.006 -0.173 0.006 0.205 0.008 0.411 0.008 0.206 0.007
2453259.38073 -0.555 0.007 -0.367 0.006 -0.186 0.006 0.188 0.008 0.369 0.008 0.181 0.007
2453259.38111 -0.559 0.007 -0.343 0.006 -0.167 0.006 0.216 0.008 0.392 0.008 0.176 0.007
2453259.38152 -0.562 0.006 -0.386 0.006 -0.179 0.006 0.176 0.007 0.383 0.006 0.207 0.006
2453259.38194 -0.551 0.007 -0.367 0.006 -0.193 0.006 0.184 0.008 0.358 0.008 0.174 0.007
2453259.38237 -0.568 0.007 -0.388 0.006 -0.197 0.006 0.180 0.008 0.371 0.008 0.191 0.007
2453259.38279 -0.581 0.007 -0.369 0.006 -0.187 0.006 0.212 0.008 0.394 0.008 0.182 0.007
2453259.38322 -0.555 0.007 -0.367 0.006 -0.202 0.006 0.188 0.008 0.353 0.008 0.165 0.007
2453259.38365 -0.557 0.007 -0.366 0.006 -0.180 0.006 0.191 0.008 0.377 0.008 0.186 0.007
2453259.38406 -0.573 0.008 -0.377 0.008 -0.202 0.007 0.196 0.008 0.371 0.008 0.175 0.008
2453259.38444 -0.533 0.008 -0.382 0.008 -0.218 0.007 0.151 0.008 0.315 0.008 0.164 0.008
2453259.38485 -0.559 0.008 -0.358 0.008 -0.159 0.007 0.201 0.008 0.400 0.008 0.199 0.008
2453259.38523 -0.556 0.007 -0.345 0.006 -0.156 0.006 0.211 0.008 0.400 0.008 0.189 0.007
2453259.38565 -0.549 0.007 -0.346 0.006 -0.194 0.006 0.203 0.008 0.355 0.008 0.152 0.007
2453259.38606 -0.575 0.006 -0.373 0.006 -0.175 0.006 0.202 0.007 0.400 0.006 0.198 0.006
2453259.38647 -0.590 0.007 -0.325 0.006 -0.176 0.006 0.265 0.008 0.414 0.008 0.149 0.007
2453259.38685 -0.537 0.007 -0.359 0.006 -0.162 0.006 0.178 0.008 0.375 0.008 0.197 0.007
2453259.38725 -0.530 0.007 -0.349 0.006 -0.144 0.006 0.181 0.008 0.386 0.008 0.205 0.007
2453259.38766 -0.553 0.007 -0.358 0.006 -0.172 0.006 0.195 0.008 0.381 0.008 0.186 0.007
2453259.38803 -0.532 0.008 -0.394 0.008 -0.149 0.007 0.138 0.008 0.383 0.008 0.245 0.008
2453259.38846 -0.554 0.007 -0.342 0.006 -0.180 0.006 0.212 0.008 0.374 0.008 0.162 0.007
2453259.38888 -0.549 0.007 -0.363 0.006 -0.187 0.006 0.186 0.008 0.362 0.008 0.176 0.007
2453259.38931 -0.579 0.007 -0.347 0.006 -0.171 0.006 0.232 0.008 0.408 0.008 0.176 0.007
2453259.38971 -0.540 0.007 -0.327 0.006 -0.160 0.006 0.213 0.008 0.380 0.008 0.167 0.007
2453259.39014 -0.580 0.007 -0.371 0.006 -0.183 0.006 0.209 0.008 0.397 0.008 0.188 0.007
2453259.39053 -0.570 0.007 99.999 9.999 -0.194 0.006 99.999 9.999 0.376 0.008 99.999 9.999
2453259.39096 -0.581 0.007 -0.373 0.006 -0.195 0.006 0.208 0.008 0.386 0.007 0.178 0.006
2453259.39138 -0.531 0.006 -0.383 0.006 -0.203 0.006 0.148 0.007 0.328 0.006 0.180 0.006
2453259.39179 -0.549 0.007 -0.330 0.006 -0.173 0.006 0.219 0.008 0.376 0.008 0.157 0.007
2453259.39218 -0.558 0.006 -0.379 0.006 -0.196 0.006 0.179 0.007 0.362 0.006 0.183 0.006
2453259.39255 -0.539 0.006 -0.361 0.006 -0.159 0.006 0.178 0.007 0.380 0.006 0.202 0.006
2453259.39297 -0.570 0.006 -0.364 0.006 -0.217 0.006 0.206 0.007 0.353 0.007 0.147 0.007
2453259.39340 -0.569 0.006 -0.366 0.006 -0.218 0.006 0.203 0.007 0.351 0.006 0.148 0.006
2453259.39380 -0.588 0.007 -0.377 0.006 -0.204 0.006 0.211 0.008 0.384 0.008 0.173 0.007
2453259.39422 -0.545 0.006 -0.330 0.006 -0.142 0.006 0.215 0.007 0.403 0.006 0.188 0.006
2453259.39461 -0.531 0.006 -0.343 0.006 -0.145 0.006 0.188 0.007 0.386 0.006 0.198 0.006
2453259.39502 -0.571 0.006 -0.359 0.006 -0.196 0.006 0.212 0.007 0.375 0.006 0.163 0.006
2453259.39543 -0.561 0.006 -0.348 0.006 -0.162 0.006 0.213 0.006 0.399 0.006 0.186 0.006
2453259.39582 -0.597 0.006 -0.390 0.006 -0.226 0.006 0.207 0.007 0.371 0.006 0.164 0.006
2453259.39623 -0.543 0.006 -0.359 0.006 -0.170 0.006 0.184 0.007 0.373 0.006 0.189 0.006
2453259.40319 -0.527 0.006 -0.333 0.006 -0.164 0.006 0.194 0.006 0.363 0.006 0.169 0.006
2453259.40361 -0.530 0.006 -0.344 0.006 -0.166 0.006 0.186 0.006 0.364 0.006 0.178 0.006
2453259.40402 -0.519 0.006 -0.342 0.006 -0.171 0.006 0.177 0.006 0.348 0.006 0.171 0.006
2453259.40442 -0.534 0.006 -0.343 0.006 -0.149 0.006 0.191 0.006 0.385 0.006 0.194 0.006
2453259.40480 -0.556 0.006 -0.351 0.006 -0.151 0.006 0.205 0.006 0.405 0.006 0.200 0.006
2453259.40517 -0.535 0.006 -0.328 0.006 -0.174 0.006 0.207 0.006 0.361 0.006 0.154 0.006
2453259.40554 -0.522 0.009 -0.334 0.008 -0.158 0.008 0.188 0.009 0.364 0.009 0.176 0.008
2453259.41069 -0.565 0.006 -0.353 0.006 -0.157 0.006 0.212 0.006 0.408 0.006 0.196 0.006
2453259.41110 -0.533 0.006 -0.351 0.006 -0.159 0.006 0.182 0.006 0.374 0.006 0.192 0.006
2453259.41152 -0.529 0.006 -0.326 0.006 -0.167 0.006 0.203 0.006 0.362 0.006 0.159 0.006
2453259.41190 -0.531 0.006 -0.311 0.006 -0.156 0.006 0.220 0.006 0.375 0.006 0.155 0.006
2453259.41231 -0.535 0.006 -0.340 0.006 -0.162 0.006 0.195 0.006 0.373 0.006 0.178 0.006
2453259.41271 -0.565 0.006 -0.345 0.006 -0.173 0.006 0.220 0.006 0.392 0.006 0.172 0.006
2453259.41311 -0.558 0.006 -0.349 0.006 -0.176 0.006 0.209 0.006 0.382 0.006 0.173 0.006
2453259.41353 -0.552 0.006 -0.362 0.006 -0.162 0.006 0.190 0.006 0.390 0.006 0.200 0.006
2453259.41395 99.999 9.999 -0.347 0.006 -0.154 0.006 99.999 9.999 99.999 9.999 0.193 0.006
2453259.41434 -0.527 0.006 -0.344 0.006 -0.144 0.006 0.183 0.006 0.383 0.006 0.200 0.006
2453259.41472 -0.576 0.006 -0.358 0.006 -0.154 0.006 0.218 0.006 0.422 0.006 0.204 0.006
2453259.41513 -0.543 0.006 -0.356 0.006 -0.183 0.006 0.187 0.006 0.360 0.006 0.173 0.006
2453259.41552 -0.543 0.006 -0.329 0.006 -0.145 0.006 0.214 0.006 0.398 0.006 0.184 0.006
2453259.41593 -0.528 0.006 -0.336 0.006 -0.147 0.006 0.192 0.006 0.381 0.006 0.189 0.006
2453259.41634 -0.559 0.006 -0.323 0.006 -0.141 0.006 0.236 0.006 0.418 0.006 0.182 0.006
2453259.41672 -0.536 0.006 -0.343 0.006 -0.149 0.006 0.193 0.006 0.387 0.006 0.194 0.006
2453259.41712 -0.536 0.006 -0.330 0.006 -0.170 0.006 0.206 0.006 0.366 0.006 0.160 0.006
2453259.41751 -0.570 0.006 -0.341 0.006 -0.167 0.006 0.229 0.006 0.403 0.006 0.174 0.006
2453259.41792 -0.552 0.006 -0.325 0.006 -0.137 0.006 0.227 0.006 0.415 0.006 0.188 0.006
2453259.41833 -0.535 0.006 -0.332 0.006 -0.151 0.006 0.203 0.006 0.384 0.006 0.181 0.006
2453259.41873 -0.525 0.006 -0.311 0.006 -0.157 0.006 0.214 0.006 0.368 0.006 0.154 0.006
2453259.41913 -0.537 0.006 -0.334 0.006 -0.172 0.006 0.203 0.006 0.365 0.006 0.162 0.006
2453259.41954 -0.552 0.006 -0.360 0.006 -0.160 0.006 0.192 0.006 0.392 0.006 0.200 0.006
2453259.41994 -0.532 0.006 -0.338 0.006 -0.152 0.006 0.194 0.006 0.380 0.006 0.186 0.006
2453259.42034 -0.556 0.006 -0.318 0.006 -0.146 0.006 0.238 0.006 0.410 0.006 0.172 0.006
2453259.42074 -0.543 0.006 -0.353 0.006 -0.161 0.006 0.190 0.006 0.382 0.006 0.192 0.006
2453259.42115 -0.555 0.006 -0.349 0.006 -0.162 0.006 0.206 0.006 0.393 0.006 0.187 0.006
2453259.42155 -0.558 0.006 -0.360 0.006 -0.199 0.006 0.198 0.006 0.359 0.006 0.161 0.006
2453259.42194 -0.534 0.006 -0.336 0.006 -0.144 0.006 0.198 0.006 0.390 0.006 0.192 0.006
2453259.42235 -0.534 0.006 -0.331 0.006 -0.137 0.006 0.203 0.006 0.397 0.006 0.194 0.006
2453259.42275 -0.530 0.006 -0.332 0.006 -0.150 0.006 0.198 0.006 0.380 0.006 0.182 0.006
2453259.45846 -0.477 0.008 -0.305 0.008 -0.126 0.007 0.172 0.008 0.351 0.008 0.179 0.008
2453259.45887 -0.564 0.010 -0.322 0.009 -0.134 0.009 0.242 0.011 0.430 0.011 0.188 0.010
2453259.47603 -0.471 0.008 -0.285 0.008 -0.085 0.007 0.186 0.008 0.386 0.008 0.200 0.008
2453259.47644 -0.470 0.009 -0.281 0.008 -0.093 0.008 0.189 0.009 0.377 0.009 0.188 0.008
2453259.47683 -0.474 0.009 -0.278 0.008 -0.114 0.007 0.196 0.009 0.360 0.009 0.164 0.008
2453259.47726 -0.507 0.009 -0.279 0.008 -0.128 0.008 0.228 0.009 0.379 0.009 0.151 0.008
2453259.47764 -0.476 0.009 -0.275 0.008 -0.101 0.008 0.201 0.009 0.375 0.009 0.174 0.008
2453259.47803 -0.463 0.009 -0.302 0.008 -0.119 0.008 0.161 0.009 0.344 0.009 0.183 0.008
2453259.47843 -0.508 0.009 -0.274 0.008 -0.108 0.008 0.234 0.009 0.400 0.009 0.166 0.008
2453259.47881 -0.507 0.010 -0.279 0.009 -0.085 0.008 0.228 0.011 0.422 0.010 0.194 0.009
2453259.47919 -0.463 0.011 -0.295 0.010 -0.136 0.009 0.168 0.012 0.327 0.011 0.159 0.011
2453259.47957 -0.468 0.011 -0.282 0.009 -0.101 0.009 0.186 0.011 0.367 0.011 0.181 0.010
2453259.47995 -0.497 0.011 -0.291 0.010 -0.114 0.009 0.206 0.012 0.383 0.011 0.177 0.011
2453259.48036 -0.476 0.011 -0.267 0.009 -0.090 0.009 0.209 0.011 0.386 0.011 0.177 0.010
2453259.48076 -0.498 0.010 -0.304 0.009 -0.105 0.008 0.194 0.011 0.393 0.010 0.199 0.009
2453259.48118 -0.492 0.011 -0.273 0.011 -0.121 0.010 0.219 0.012 0.371 0.011 0.152 0.011
2453259.48267 -0.507 0.009 -0.293 0.008 -0.114 0.008 0.214 0.009 0.393 0.009 0.179 0.008
2453259.48304 -0.483 0.010 -0.270 0.009 -0.129 0.008 0.213 0.011 0.354 0.010 0.141 0.009
2453259.48343 -0.468 0.010 -0.272 0.009 -0.101 0.008 0.196 0.011 0.367 0.010 0.171 0.009
2453259.48380 -0.489 0.010 -0.273 0.009 -0.059 0.008 0.216 0.011 0.430 0.010 0.214 0.009
2453259.48417 -0.487 0.010 -0.270 0.009 -0.087 0.008 0.217 0.011 0.400 0.010 0.183 0.009
2453259.48455 -0.483 0.009 -0.262 0.008 -0.099 0.008 0.221 0.009 0.384 0.009 0.163 0.008
2453259.48492 -0.476 0.009 -0.247 0.008 -0.063 0.008 0.229 0.009 0.413 0.009 0.184 0.008
2453259.48837 -0.462 0.008 -0.285 0.007 -0.112 0.007 0.177 0.008 0.350 0.008 0.173 0.007
2453259.48874 -0.459 0.008 -0.263 0.007 -0.093 0.007 0.196 0.008 0.366 0.008 0.170 0.007
2453259.48912 -0.482 0.008 -0.260 0.007 -0.086 0.007 0.222 0.008 0.396 0.008 0.174 0.007
2453259.48949 -0.452 0.008 -0.251 0.007 -0.072 0.007 0.201 0.008 0.380 0.008 0.179 0.007
2453259.48986 -0.469 0.008 -0.271 0.007 -0.106 0.007 0.198 0.008 0.363 0.008 0.165 0.007
2453259.49024 -0.445 0.008 -0.234 0.007 -0.070 0.007 0.211 0.008 0.375 0.008 0.164 0.007
2453259.49061 -0.470 0.008 -0.262 0.007 -0.084 0.007 0.208 0.008 0.386 0.008 0.178 0.007
2453259.49100 -0.467 0.008 -0.256 0.007 -0.080 0.007 0.211 0.008 0.387 0.008 0.176 0.007
2453259.49137 -0.457 0.008 -0.255 0.007 -0.099 0.007 0.202 0.008 0.358 0.008 0.156 0.007
2453259.49174 -0.475 0.008 -0.257 0.007 -0.072 0.007 0.218 0.008 0.403 0.008 0.185 0.007
2453259.49212 -0.465 0.008 -0.255 0.007 -0.069 0.007 0.210 0.008 0.396 0.008 0.186 0.007
2453259.49249 -0.494 0.008 -0.272 0.007 -0.098 0.007 0.222 0.008 0.396 0.008 0.174 0.007
2453259.49286 -0.484 0.008 -0.260 0.007 -0.098 0.007 0.224 0.008 0.386 0.008 0.162 0.007
2453259.49324 -0.463 0.008 -0.282 0.008 -0.087 0.007 0.181 0.008 0.376 0.008 0.195 0.008
2453259.49361 -0.470 0.008 -0.255 0.008 -0.077 0.007 0.215 0.008 0.393 0.008 0.178 0.008
2453259.49398 -0.493 0.009 -0.253 0.008 -0.093 0.007 0.240 0.009 0.400 0.009 0.160 0.008
2453259.49436 -0.476 0.009 -0.280 0.008 -0.085 0.007 0.196 0.009 0.391 0.009 0.195 0.008
2453259.49473 -0.450 0.008 -0.231 0.008 -0.078 0.007 0.219 0.008 0.372 0.008 0.153 0.008
2453259.49512 -0.620 0.068 -0.328 0.057 -0.116 0.052 0.292 0.073 0.504 0.070 0.212 0.060
2453259.49549 -0.495 0.009 -0.282 0.008 -0.096 0.007 0.213 0.009 0.399 0.009 0.186 0.008
2453259.49586 -0.475 0.009 -0.262 0.008 -0.061 0.007 0.213 0.009 0.414 0.009 0.201 0.008
2453259.49624 -0.455 0.009 -0.246 0.008 -0.071 0.007 0.209 0.009 0.384 0.009 0.175 0.008
2453259.49661 -0.482 0.009 -0.257 0.008 -0.079 0.007 0.225 0.009 0.403 0.009 0.178 0.008
2453259.49698 -0.470 0.009 -0.246 0.008 -0.108 0.007 0.224 0.009 0.362 0.009 0.138 0.008
2453259.49735 -0.492 0.009 -0.264 0.008 -0.085 0.007 0.228 0.009 0.407 0.009 0.179 0.008
2453259.49773 -0.482 0.009 -0.235 0.008 -0.083 0.007 0.247 0.009 0.399 0.009 0.152 0.008
2453259.49811 -0.478 0.009 -0.251 0.008 -0.104 0.007 0.227 0.009 0.374 0.009 0.147 0.008
2453259.49848 -0.458 0.009 -0.240 0.008 -0.064 0.007 0.218 0.009 0.394 0.009 0.176 0.008
2453259.49887 -0.481 0.008 -0.273 0.008 -0.077 0.007 0.208 0.008 0.404 0.008 0.196 0.008
2453259.49924 -0.480 0.008 -0.237 0.007 -0.085 0.007 0.243 0.008 0.395 0.008 0.152 0.007
2453259.49964 -0.485 0.008 -0.253 0.008 -0.081 0.007 0.232 0.008 0.404 0.008 0.172 0.008
2453259.50003 -0.473 0.008 -0.252 0.007 -0.100 0.007 0.221 0.008 0.373 0.008 0.152 0.007
2453259.50044 -0.468 0.008 -0.261 0.008 -0.076 0.007 0.207 0.008 0.392 0.008 0.185 0.008
2453259.50083 -0.495 0.008 -0.274 0.007 -0.096 0.007 0.221 0.008 0.399 0.008 0.178 0.007
2453259.50124 -0.477 0.008 -0.243 0.007 -0.078 0.007 0.234 0.008 0.399 0.008 0.165 0.007
2453259.50163 -0.504 0.008 -0.265 0.007 -0.083 0.007 0.239 0.008 0.421 0.008 0.182 0.007
2453259.50203 -0.488 0.008 -0.278 0.007 -0.100 0.007 0.210 0.008 0.388 0.008 0.178 0.007
2453259.50243 -0.468 0.008 -0.263 0.007 -0.105 0.007 0.205 0.008 0.363 0.008 0.158 0.007
2453259.50281 -0.451 0.008 -0.257 0.007 -0.085 0.007 0.194 0.008 0.366 0.008 0.172 0.007
2453259.50318 -0.477 0.008 -0.253 0.007 -0.079 0.007 0.224 0.008 0.398 0.008 0.174 0.007
2453259.50356 -0.478 0.008 -0.260 0.007 -0.074 0.007 0.218 0.008 0.404 0.008 0.186 0.007
2453259.50394 -0.471 0.008 -0.263 0.007 -0.083 0.007 0.208 0.008 0.388 0.008 0.180 0.007
2453259.50431 -0.459 0.008 -0.242 0.007 -0.079 0.007 0.217 0.008 0.380 0.008 0.163 0.007
2453259.50469 -0.467 0.008 -0.238 0.007 -0.084 0.007 0.229 0.008 0.383 0.008 0.154 0.007
2453259.50506 -0.477 0.008 -0.268 0.008 -0.071 0.007 0.209 0.008 0.406 0.008 0.197 0.008
2453259.50543 -0.476 0.008 -0.249 0.008 -0.080 0.007 0.227 0.008 0.396 0.008 0.169 0.008
2453259.50581 -0.477 0.008 -0.246 0.008 -0.079 0.007 0.231 0.008 0.398 0.008 0.167 0.008
2453259.50618 -0.464 0.008 -0.259 0.008 -0.096 0.007 0.205 0.008 0.368 0.008 0.163 0.008
2453259.50655 -0.431 0.008 -0.248 0.008 -0.069 0.007 0.183 0.008 0.362 0.008 0.179 0.008
2453259.50693 -0.481 0.009 -0.274 0.008 -0.077 0.007 0.207 0.009 0.404 0.009 0.197 0.008
2453259.50730 -0.469 0.009 -0.259 0.008 -0.078 0.007 0.210 0.009 0.391 0.009 0.181 0.008
2453259.50767 -0.469 0.009 -0.258 0.008 -0.106 0.008 0.211 0.009 0.363 0.009 0.152 0.008
2453259.50804 -0.510 0.009 -0.247 0.008 -0.101 0.007 0.263 0.009 0.409 0.009 0.146 0.008
2453259.50843 -0.483 0.009 -0.257 0.008 -0.079 0.007 0.226 0.009 0.404 0.009 0.178 0.008
2453259.50880 -0.475 0.009 -0.254 0.008 -0.085 0.007 0.221 0.009 0.390 0.009 0.169 0.008
2453259.50917 -0.500 0.010 -0.263 0.009 -0.109 0.008 0.237 0.011 0.391 0.010 0.154 0.009
2453259.50955 -0.475 0.009 -0.264 0.008 -0.070 0.008 0.211 0.009 0.405 0.009 0.194 0.008
2453259.50992 -0.462 0.009 -0.289 0.008 -0.086 0.008 0.173 0.009 0.376 0.009 0.203 0.008
2453259.51029 -0.465 0.009 -0.259 0.008 -0.063 0.008 0.206 0.009 0.402 0.009 0.196 0.008
2453259.51067 -0.448 0.009 -0.280 0.009 -0.036 0.008 0.168 0.010 0.412 0.009 0.244 0.009
2453259.51104 -0.477 0.010 -0.261 0.009 -0.040 0.008 0.216 0.011 0.437 0.010 0.221 0.009
2453259.51141 -0.511 0.010 -0.302 0.009 -0.178 0.008 0.209 0.011 0.333 0.010 0.124 0.009
2453259.51179 -0.502 0.010 -0.259 0.009 -0.142 0.008 0.243 0.011 0.360 0.010 0.117 0.009
