2453280.26492 2.223 0.025 0.961225
2453280.26567 2.124 0.030 0.962684
2453280.26604 99.999 9.999 0.963403
2453280.26680 2.202 0.031 0.964881
2453280.26755 2.122 0.029 0.96634
2453280.26867 2.244 0.043 0.968518
2453280.26904 99.999 9.999 0.969237
2453280.26978 2.133 0.033 0.970677
2453280.27091 2.137 0.031 0.972874
2453280.27166 2.039 0.031 0.974333
2453280.27203 99.999 9.999 0.975052
2453280.27278 2.180 0.030 0.976511
2453280.27315 99.999 9.999 0.977231
2453280.27353 2.158 0.032 0.97797
2453280.27390 2.063 0.028 0.978689
2453280.27503 2.034 0.027 0.980887
2453280.27577 2.015 0.027 0.982326
2453280.27615 2.055 0.027 0.983065
2453280.27689 1.974 0.023 0.984504
2453280.27727 99.999 9.999 0.985243
2453280.27801 2.007 0.021 0.986682
2453280.27913 2.012 0.019 0.98886
2453280.27989 1.983 0.019 0.990338
2453280.28026 1.985 0.019 0.991058
2453280.28101 2.031 0.019 0.992517
2453280.28213 99.999 9.999 0.994695
2453280.28287 1.897 0.018 0.996134
2453280.28326 99.999 9.999 0.996892
2453280.28400 1.859 0.017 0.998331
2453280.28437 99.999 9.999 0.999051
2453280.28512 1.936 0.018 0.000509612
2453280.28549 99.999 9.999 0.00122918
2453280.28587 1.925 0.018 0.0019682
2453280.28624 1.929 0.018 0.00268777
2453280.28661 1.927 0.018 0.00340734
2453280.28699 1.915 0.018 0.00414636
2453280.28736 99.999 9.999 0.00486593
2453280.28773 1.886 0.018 0.0055855
2453280.28812 1.920 0.018 0.00634397
2453280.28923 1.863 0.017 0.00850268
2453280.28998 1.862 0.017 0.00996127
2453280.29035 1.850 0.017 0.0106808
2453280.29110 1.923 0.017 0.0121394
2453280.29147 1.900 0.017 0.012859
2453280.29222 1.915 0.018 0.0143176
2453280.29260 1.869 0.017 0.0150566
2453280.29335 1.811 0.016 0.0165152
2453280.29447 1.798 0.016 0.0186934
2453280.29521 1.870 0.017 0.0201325
2453280.29559 1.884 0.017 0.0208715
2453280.29633 1.805 0.017 0.0223107
2453280.29746 1.773 0.017 0.0245083
2453280.29821 1.832 0.016 0.0259669
2453280.29858 1.855 0.017 0.0266864
2453280.29933 1.821 0.017 0.028145
2453280.29970 1.777 0.016 0.0288646
2453280.30082 1.762 0.017 0.0310428
2453280.30158 1.773 0.016 0.0325208
2453280.30195 99.999 9.999 0.0332404
2453280.30270 1.801 0.017 0.034699
2453280.30381 1.753 0.016 0.0368577
2453280.30493 1.692 0.016 0.0390358
2453280.30569 1.724 0.016 0.0405139
2453280.30606 1.766 0.016 0.0412334
2453280.30681 1.755 0.016 0.042692
2453280.30718 99.999 9.999 0.0434116
2453280.30793 1.719 0.016 0.0448702
2453280.30830 1.747 0.016 0.0455898
2453280.30905 1.664 0.015 0.0470483
2453280.30981 1.702 0.016 0.0485264
2453280.31018 1.703 0.016 0.049246
2453280.31093 1.685 0.016 0.0507045
2453280.31130 1.708 0.016 0.0514241
2453280.31205 1.715 0.016 0.0528827
2453280.31242 1.681 0.016 0.0536023
2453280.31354 99.999 9.999 0.0557804
2453280.31467 1.618 0.015 0.057978
2453280.31542 1.647 0.015 0.0594366
2453280.31617 1.668 0.015 0.0608952
2453280.31654 1.650 0.015 0.0616148
2453280.31766 1.649 0.015 0.063793
2453280.31805 1.669 0.015 0.0645514
2453280.31842 1.650 0.016 0.065271
2453280.31879 1.663 0.015 0.0659906
2453280.31917 99.999 9.999 0.0667296
2453280.31954 1.645 0.016 0.0674492
2453280.32066 1.679 0.015 0.0696273
2453280.32103 99.999 9.999 0.0703469
2453280.32179 1.671 0.015 0.0718249
2453280.32254 1.646 0.016 0.0732835
2453280.32291 1.619 0.015 0.0740031
2453280.32366 1.659 0.015 0.0754617
2453280.32403 1.626 0.015 0.0761812
2453280.32478 1.625 0.016 0.0776398
2453280.32515 1.607 0.015 0.0783594
2453280.32591 1.668 0.016 0.0798374
2453280.32628 1.598 0.015 0.080557
2453280.32666 1.607 0.015 0.081296
2453280.32703 1.595 0.015 0.0820156
2453280.32740 1.606 0.015 0.0827352
2453280.32778 1.599 0.015 0.0834742
2453280.32815 1.584 0.015 0.0841938
2453280.32853 99.999 9.999 0.0849328
2453280.32929 1.567 0.015 0.0864108
2453280.32966 1.557 0.015 0.0871304
2453280.33004 1.615 0.015 0.0878694
2453280.33078 1.587 0.015 0.0893085
2453280.33190 1.598 0.015 0.0914867
2453280.33302 99.999 9.999 0.0936649
2453280.33378 1.576 0.015 0.0951429
2453280.33416 99.999 9.999 0.0958819
2453280.33490 1.586 0.015 0.0973211
2453280.33528 99.999 9.999 0.0980601
2453280.33565 1.575 0.015 0.0987797
2453280.33602 1.576 0.015 0.0994992
2453280.33714 1.545 0.014 0.101677
2453280.33754 99.999 9.999 0.102455
2453280.33828 1.605 0.015 0.103894
2453280.33941 1.550 0.015 0.106092
2453280.34015 1.552 0.015 0.107531
2453280.34054 1.559 0.015 0.10829
2453280.34167 1.503 0.015 0.110487
2453280.34279 1.523 0.014 0.112665
2453280.34316 99.999 9.999 0.113385
2453280.34391 1.518 0.014 0.114844
2453280.34428 1.534 0.014 0.115563
2453280.34467 1.516 0.014 0.116322
2453280.34579 1.496 0.014 0.1185
2453280.34616 1.480 0.014 0.119219
2453280.34653 1.496 0.014 0.119939
2453280.34728 1.484 0.014 0.121398
2453280.34766 1.480 0.014 0.122137
2453280.34840 1.430 0.014 0.123576
2453280.34916 1.474 0.014 0.125054
2453280.34953 99.999 9.999 0.125773
2453280.35028 1.486 0.014 0.127232
2453280.35066 1.486 0.014 0.127971
2453280.35103 99.999 9.999 0.12869
2453280.35140 1.488 0.014 0.12941
2453280.35178 1.468 0.014 0.130149
2453280.35291 1.487 0.014 0.132347
2453280.35328 99.999 9.999 0.133066
2453280.35366 1.472 0.014 0.133805
2453280.35403 1.467 0.014 0.134525
2453280.35440 1.508 0.014 0.135244
2453280.35515 1.512 0.014 0.136703
2453280.35552 1.519 0.014 0.137423
2453280.35590 1.525 0.015 0.138162
2453280.35627 1.504 0.014 0.138881
2453280.35666 1.514 0.014 0.13964
2453280.35703 1.496 0.015 0.140359
2453280.35740 1.524 0.015 0.141079
2453280.35778 99.999 9.999 0.141818
2453280.35890 1.494 0.015 0.143996
2453280.35964 1.498 0.015 0.145435
2453280.36002 1.528 0.015 0.146174
2453280.36078 1.505 0.015 0.147652
2453280.36115 1.445 0.014 0.148372
2453280.36227 1.487 0.014 0.15055
2453280.36264 1.512 0.015 0.151269
2453280.36302 1.513 0.015 0.152008
2453280.36339 1.508 0.015 0.152728
2453280.36376 1.525 0.015 0.153448
2453280.36452 1.530 0.015 0.154926
2453280.36489 1.514 0.015 0.155645
2453280.36527 1.503 0.015 0.156384
2453280.36564 1.482 0.014 0.157104
2453280.36601 1.463 0.014 0.157823
2453280.36713 1.445 0.014 0.160002
2453280.36751 99.999 9.999 0.160741
2453280.36825 1.445 0.014 0.16218
2453280.36864 99.999 9.999 0.162938
2453280.36939 1.490 0.014 0.164397
2453280.36976 1.435 0.014 0.165116
2453280.37013 1.463 0.014 0.165836
2453280.37050 1.418 0.014 0.166555
2453280.37088 99.999 9.999 0.167294
2453280.37125 99.999 9.999 0.168014
2453280.37163 1.465 0.014 0.168753
2453280.37237 1.457 0.014 0.170192
2453280.37276 1.461 0.015 0.170951
2453280.37313 1.453 0.014 0.17167
2453280.37350 1.438 0.014 0.17239
2453280.37425 1.468 0.014 0.173848
2453280.37462 1.414 0.014 0.174568
2453280.37500 1.469 0.015 0.175307
2453280.37537 1.446 0.014 0.176027
2453280.37574 1.451 0.014 0.176746
2453280.37612 1.472 0.014 0.177485
2453280.37649 1.448 0.014 0.178205
2453280.37686 99.999 9.999 0.178924
2453280.37725 1.396 0.014 0.179683
2453280.37762 1.442 0.014 0.180402
2453280.37800 99.999 9.999 0.181141
2453280.37874 1.444 0.014 0.18258
2453280.37912 99.999 9.999 0.18332
2453280.37986 1.470 0.014 0.184759
2453280.38024 1.474 0.015 0.185498
2453280.38100 1.481 0.015 0.186976
2453280.38137 1.491 0.015 0.187695
2453280.38174 99.999 9.999 0.188415
2453280.38286 1.475 0.015 0.190593
2453280.38324 99.999 9.999 0.191332
2453280.38398 1.473 0.014 0.192771
2453280.38436 1.475 0.014 0.19351
2453280.38511 1.468 0.014 0.194969
2453280.38549 1.483 0.015 0.195708
2453280.38661 1.483 0.015 0.197886
2453280.38698 1.505 0.015 0.198606
2453280.38736 1.479 0.014 0.199345
2453280.38773 1.487 0.015 0.200064
2453280.38810 1.459 0.015 0.200784
2453280.38961 1.433 0.014 0.20372
2453280.38998 1.445 0.014 0.20444
2453280.39073 1.457 0.015 0.205898
2453280.39110 1.465 0.015 0.206618
2453280.39185 1.468 0.015 0.208077
2453280.39222 1.425 0.014 0.208796
2453280.39298 1.450 0.014 0.210274
2453280.39335 99.999 9.999 0.210994
2453280.39373 1.457 0.015 0.211733
2453280.39522 1.446 0.014 0.214631
2453280.39559 99.999 9.999 0.21535
2453280.39597 1.489 0.015 0.216089
2453280.39634 1.467 0.015 0.216809
2453280.39671 1.459 0.015 0.217528
2453280.39747 1.446 0.014 0.219006
2453280.39784 1.469 0.015 0.219726
2453280.39822 1.476 0.015 0.220465
2453280.39859 1.482 0.015 0.221185
2453280.39896 1.453 0.015 0.221904
2453280.39934 1.449 0.015 0.222643
2453280.39971 1.492 0.015 0.223363
2453280.40009 1.469 0.015 0.224102
2453280.40046 1.415 0.015 0.224821
2453280.40083 1.432 0.015 0.225541
2453280.40122 1.464 0.015 0.226299
2453280.40196 1.495 0.015 0.227738
2453280.40234 1.491 0.015 0.228477
2453280.40271 1.503 0.015 0.229197
2453280.40308 1.480 0.015 0.229917
2453280.40346 1.455 0.015 0.230656
2453280.40383 1.467 0.015 0.231375
2453280.40420 1.449 0.015 0.232095
2453280.40458 1.437 0.015 0.232834
2453280.40495 1.440 0.015 0.233553
2453280.40534 1.444 0.015 0.234312
2453280.40571 1.426 0.015 0.235031
2453280.40608 1.445 0.015 0.235751
2453280.40645 1.441 0.015 0.236471
2453280.40683 1.468 0.015 0.23721
2453280.40720 99.999 9.999 0.237929
2453280.40795 1.475 0.016 0.239388
2453280.40832 1.475 0.015 0.240107
2453280.40870 1.470 0.015 0.240846
2453280.40908 1.480 0.015 0.241585
2453280.40945 1.453 0.015 0.242305
2453280.40983 1.450 0.015 0.243044
2453280.41020 1.465 0.015 0.243763
2453280.41057 1.486 0.016 0.244483
2453280.41095 1.469 0.015 0.245222
2453280.41132 1.433 0.015 0.245942
2453280.41169 1.453 0.015 0.246661
2453280.41207 1.455 0.015 0.2474
2453280.41244 1.503 0.016 0.24812
2453280.41283 1.472 0.015 0.248878
2453280.41320 1.483 0.015 0.249598
2453280.41357 1.461 0.015 0.250317
2453280.41395 99.999 9.999 0.251056
2453280.41432 1.490 0.016 0.251776
2453280.41469 1.474 0.015 0.252496
2453280.41507 1.463 0.015 0.253235
2453280.41544 1.506 0.015 0.253954
2453280.41581 1.438 0.015 0.254674
2453280.41619 1.492 0.015 0.255413
2453280.41656 1.468 0.015 0.256132
2453280.41695 99.999 9.999 0.256891
2453280.41732 99.999 9.999 0.25761
2453280.41769 1.449 0.015 0.25833
2453280.41807 1.479 0.016 0.259069
2453280.41844 1.457 0.016 0.259789
2453280.41881 1.460 0.016 0.260508
2453280.41956 1.440 0.015 0.261967
2453280.41993 1.400 0.015 0.262686
2453280.42031 1.469 0.015 0.263425
2453280.42068 99.999 9.999 0.264145
2453280.42105 1.417 0.015 0.264864
2453280.42144 1.410 0.015 0.265623
2453280.42181 1.425 0.015 0.266342
2453280.42218 1.438 0.016 0.267062
2453280.42256 1.477 0.016 0.267801
2453280.42293 1.434 0.015 0.268521
2453280.42330 1.421 0.016 0.26924
2453280.42443 1.418 0.015 0.271438
2453280.42480 1.419 0.015 0.272157
2453280.42517 1.425 0.015 0.272877
2453280.42556 1.453 0.015 0.273635
2453280.42593 1.466 0.015 0.274355
2453280.42630 1.429 0.016 0.275075
2453280.42668 1.450 0.015 0.275814
2453280.42705 1.442 0.015 0.276533
2453280.42743 1.426 0.015 0.277272
2453280.42780 1.414 0.015 0.277992
2453280.42817 1.470 0.016 0.278711
2453280.42855 1.457 0.015 0.27945
2453280.42892 1.459 0.016 0.28017
2453280.42930 99.999 9.999 0.280909
2453280.42968 1.444 0.016 0.281648
2453280.43005 1.448 0.016 0.282367
2453280.43042 1.455 0.016 0.283087
2453280.43080 1.500 0.016 0.283826
2453280.43117 1.485 0.016 0.284546
2453280.43155 1.532 0.016 0.285285
2453280.43192 1.464 0.016 0.286004
2453280.43229 1.542 0.016 0.286724
2453280.43267 1.504 0.016 0.287463
2453280.43305 99.999 9.999 0.288202
2453280.43343 1.496 0.016 0.288941
2453280.43380 1.498 0.016 0.28966
2453280.43417 1.524 0.017 0.29038
2453280.43455 1.547 0.016 0.291119
2453280.43492 1.479 0.016 0.291839
2453280.43530 1.521 0.017 0.292578
2453280.43567 1.531 0.017 0.293297
2453280.43604 1.524 0.016 0.294017
2453280.43642 1.539 0.017 0.294756
2453280.43680 1.503 0.016 0.295495
2453280.43717 1.555 0.017 0.296214
2453280.43755 1.532 0.017 0.296953
2453280.43792 1.526 0.016 0.297673
2453280.43829 1.558 0.017 0.298393
2453280.43867 1.505 0.016 0.299132
2453280.43904 1.529 0.017 0.299851
2453280.43941 1.544 0.017 0.300571
2453280.43979 1.537 0.017 0.30131
2453280.44016 99.999 9.999 0.302029
2453280.44055 1.538 0.017 0.302788
2453280.44092 1.525 0.017 0.303507
2453280.44129 1.531 0.017 0.304227
2453280.44167 1.561 0.017 0.304966
2453280.44204 1.547 0.017 0.305685
2453280.44241 1.526 0.017 0.306405
2453280.44279 1.571 0.018 0.307144
2453280.44316 1.541 0.017 0.307864
2453280.44353 1.557 0.017 0.308583
2453280.44428 1.567 0.017 0.310042
2453280.44465 1.518 0.017 0.310761
2453280.44504 1.581 0.018 0.31152
2453280.44541 1.523 0.017 0.312239
2453280.44578 1.533 0.018 0.312959
2453280.44616 99.999 9.999 0.313698
2453280.44653 1.495 0.017 0.314418
2453280.44691 1.508 0.017 0.315157
2453280.44728 1.504 0.017 0.315876
2453280.44765 1.450 0.017 0.316596
2453280.44803 1.530 0.017 0.317335
2453280.44840 1.497 0.017 0.318054
2453280.44877 1.513 0.018 0.318774
2453280.44916 1.548 0.017 0.319532
2453280.44953 1.522 0.018 0.320252
2453280.44991 1.544 0.018 0.320991
2453280.45028 1.520 0.018 0.321711
2453280.45065 1.586 0.018 0.32243
2453280.45103 1.564 0.018 0.323169
2453280.45140 1.553 0.017 0.323889
2453280.45177 1.486 0.018 0.324608
2453280.45215 1.532 0.018 0.325347
2453280.45252 1.531 0.018 0.326067
2453280.45291 1.563 0.018 0.326825
2453280.45328 1.510 0.017 0.327545
2453280.45365 1.554 0.018 0.328264
