JD V-C s1 V-C1 s2 V-C2 s3 C-C1 s4 C-C2 s5 C1-C2 s6
Aperture: 2.00, Filter: V
2453267.24731 0.239 0.008 0.402 0.008 0.587 0.007 0.163 0.007 0.348 0.006 0.185 0.006
2453267.24770 99.999 9.999 0.381 0.008 0.571 0.007 99.999 9.999 99.999 9.999 0.190 0.006


2453267.24845 99.999 9.999 0.445 0.008 0.622 0.007 99.999 9.999 99.999 9.999 0.177 0.006




2453267.24957 0.249 0.008 0.430 0.008 0.595 0.007 0.181 0.007 0.346 0.006 0.165 0.006
2453267.24994 0.223 0.008 0.449 0.008 99.999 9.999 0.226 0.007 99.999 9.999 99.999 9.999


2453267.25069 99.999 9.999 0.370 0.008 0.576 0.007 99.999 9.999 99.999 9.999 0.206 0.006
2453267.25106 0.203 0.008 0.358 0.008 0.584 0.007 0.155 0.007 0.381 0.006 0.226 0.006
2453267.25144 0.253 0.008 99.999 9.999 0.597 0.007 99.999 9.999 0.344 0.006 99.999 9.999
2453267.25182 0.246 0.008 0.444 0.008 0.605 0.007 0.198 0.007 0.359 0.006 0.161 0.006
2453267.25219 99.999 9.999 0.438 0.008 99.999 9.999 99.999 9.999 99.999 9.999 99.999 9.999
2453267.25256 0.252 0.008 99.999 9.999 0.597 0.007 99.999 9.999 0.345 0.006 99.999 9.999


2453267.25331 99.999 9.999 0.375 0.008 0.603 0.007 99.999 9.999 99.999 9.999 0.228 0.006
2453267.25368 0.242 0.008 0.379 0.008 0.589 0.007 0.137 0.007 0.347 0.006 0.210 0.006
2453267.25406 0.185 0.008 0.393 0.008 0.593 0.007 0.208 0.007 0.408 0.006 0.200 0.006
2453267.25443 0.191 0.008 0.416 0.008 0.626 0.007 0.225 0.007 0.435 0.006 0.210 0.006
2453267.25480 0.227 0.008 0.382 0.008 0.596 0.007 0.155 0.007 0.369 0.006 0.214 0.006


2453267.25556 0.231 0.008 0.396 0.008 0.613 0.007 0.165 0.007 0.382 0.006 0.217 0.006
2453267.25593 0.226 0.008 0.424 0.008 0.583 0.007 0.198 0.007 0.357 0.006 0.159 0.006
2453267.25630 0.221 0.008 0.415 0.008 0.590 0.007 0.194 0.007 0.369 0.006 0.175 0.006
2453267.25668 0.261 0.008 0.454 0.008 0.608 0.007 0.193 0.007 0.347 0.006 0.154 0.006
2453267.25705 0.221 0.008 0.459 0.008 0.610 0.007 0.238 0.007 0.389 0.006 0.151 0.006
2453267.25742 0.234 0.008 0.432 0.008 0.584 0.007 0.198 0.007 0.350 0.006 0.152 0.006
2453267.25780 0.237 0.008 0.456 0.007 0.616 0.007 0.219 0.006 0.379 0.006 0.160 0.006


2453267.25854 0.242 0.008 0.440 0.008 0.604 0.007 0.198 0.007 0.362 0.006 0.164 0.006
2453267.25891 0.253 0.008 0.439 0.008 0.601 0.007 0.186 0.007 0.348 0.006 0.162 0.006


2453267.25966 0.205 0.008 0.458 0.007 0.606 0.007 0.253 0.006 0.401 0.006 0.148 0.006
2453267.26003 99.999 9.999 0.378 0.008 0.615 0.007 99.999 9.999 99.999 9.999 0.237 0.006


2453267.26079 0.225 0.008 0.417 0.008 0.593 0.007 0.192 0.007 0.368 0.006 0.176 0.006


2453267.26154 0.223 0.008 0.402 0.008 0.591 0.007 0.179 0.007 0.368 0.006 0.189 0.006
2453267.26191 0.211 0.008 0.427 0.007 0.619 0.007 0.216 0.006 0.408 0.006 0.192 0.006
2453267.26228 0.227 0.008 0.449 0.007 99.999 9.999 0.222 0.006 99.999 9.999 99.999 9.999


2453267.26303 0.207 0.008 0.421 0.007 0.602 0.007 0.214 0.006 0.395 0.006 0.181 0.006


2453267.26377 0.258 0.008 0.415 0.008 0.604 0.007 0.157 0.007 0.346 0.006 0.189 0.006
2453267.26416 0.243 0.008 0.443 0.008 0.615 0.007 0.200 0.007 0.372 0.006 0.172 0.006
2453267.26453 0.217 0.008 0.426 0.008 0.621 0.007 0.209 0.007 0.404 0.006 0.195 0.006


2453267.26528 99.999 9.999 0.415 0.008 0.609 0.007 99.999 9.999 99.999 9.999 0.194 0.006
2453267.26565 0.228 0.008 0.411 0.008 0.619 0.007 0.183 0.007 0.391 0.006 0.208 0.006
2453267.26602 0.209 0.008 0.386 0.008 0.590 0.007 0.177 0.007 0.381 0.006 0.204 0.006
2453267.26640 0.210 0.008 0.413 0.008 0.617 0.007 0.203 0.007 0.407 0.006 0.204 0.006
2453267.26677 0.220 0.008 0.451 0.007 0.614 0.007 0.231 0.006 0.394 0.006 0.163 0.006
2453267.26714 0.211 0.008 0.427 0.007 0.597 0.007 0.216 0.006 0.386 0.006 0.170 0.006
2453267.26752 99.999 9.999 0.425 0.007 0.606 0.007 99.999 9.999 99.999 9.999 0.181 0.006
2453267.26789 0.214 0.008 0.428 0.008 0.599 0.007 0.214 0.007 0.385 0.006 0.171 0.006
2453267.26826 0.246 0.008 0.452 0.007 0.614 0.007 0.206 0.006 0.368 0.006 0.162 0.006
2453267.26863 0.191 0.008 0.434 0.007 0.601 0.007 0.243 0.006 0.410 0.006 0.167 0.006
2453267.26902 0.223 0.008 0.465 0.007 0.622 0.007 0.242 0.006 0.399 0.006 0.157 0.006
2453267.26939 0.230 0.008 0.438 0.007 0.600 0.007 0.208 0.006 0.370 0.006 0.162 0.006
2453267.26976 0.233 0.008 0.404 0.008 0.635 0.007 0.171 0.007 0.402 0.006 0.231 0.006


2453267.27051 0.236 0.008 0.428 0.007 0.627 0.007 0.192 0.006 0.391 0.006 0.199 0.006
2453267.27088 0.230 0.008 0.416 0.008 0.622 0.007 0.186 0.007 0.392 0.006 0.206 0.006
2453267.27126 0.224 0.008 0.425 0.008 0.591 0.007 0.201 0.007 0.367 0.006 0.166 0.006
2453267.27163 0.231 0.008 0.409 0.008 0.604 0.007 0.178 0.007 0.373 0.006 0.195 0.006
2453267.27200 0.223 0.008 0.411 0.008 0.600 0.007 0.188 0.007 0.377 0.006 0.189 0.006
2453267.27238 0.217 0.008 0.422 0.008 0.611 0.007 0.205 0.007 0.394 0.006 0.189 0.006
2453267.27275 0.233 0.008 0.437 0.008 0.619 0.007 0.204 0.007 0.386 0.006 0.182 0.006
2453267.27313 0.243 0.008 0.421 0.008 0.610 0.007 0.178 0.007 0.367 0.006 0.189 0.006
2453267.27350 0.216 0.008 0.411 0.007 0.608 0.007 0.195 0.006 0.392 0.006 0.197 0.006
2453267.27388 0.223 0.008 99.999 9.999 0.593 0.007 99.999 9.999 0.370 0.006 99.999 9.999
2453267.27425 0.248 0.008 0.445 0.007 0.608 0.007 0.197 0.006 0.360 0.006 0.163 0.006
2453267.27462 0.213 0.008 0.427 0.007 0.591 0.007 0.214 0.006 0.378 0.006 0.164 0.006
2453267.27500 0.224 0.008 0.427 0.007 0.621 0.007 0.203 0.006 0.397 0.006 0.194 0.006
2453267.27537 0.230 0.008 0.440 0.007 0.613 0.007 0.210 0.006 0.383 0.006 0.173 0.006
2453267.27574 0.239 0.008 0.421 0.007 0.604 0.007 0.182 0.006 0.365 0.006 0.183 0.006
2453267.27612 0.242 0.008 0.416 0.007 0.583 0.007 0.174 0.006 0.341 0.006 0.167 0.006
2453267.27649 99.999 9.999 0.463 0.007 0.596 0.007 99.999 9.999 99.999 9.999 0.133 0.006
2453267.27686 0.238 0.008 0.431 0.007 0.580 0.007 0.193 0.006 0.342 0.006 0.149 0.006
2453267.27725 0.226 0.008 0.448 0.007 0.623 0.007 0.222 0.006 0.397 0.006 0.175 0.006


2453267.27799 0.229 0.008 0.406 0.007 0.610 0.007 0.177 0.006 0.381 0.006 0.204 0.006
2453267.27836 0.242 0.008 0.459 0.007 0.612 0.007 0.217 0.006 0.370 0.006 0.153 0.006
2453267.27874 0.236 0.008 0.408 0.008 0.578 0.007 0.172 0.007 0.342 0.006 0.170 0.006
2453267.27911 0.234 0.008 0.444 0.007 0.633 0.007 0.210 0.006 0.399 0.006 0.189 0.006
2453267.27948 0.227 0.008 0.446 0.007 0.604 0.007 0.219 0.006 0.377 0.006 0.158 0.006
2453267.27986 0.213 0.008 0.437 0.007 0.614 0.007 0.224 0.006 0.401 0.006 0.177 0.006
2453267.28023 0.262 0.008 99.999 9.999 0.617 0.007 99.999 9.999 0.355 0.006 99.999 9.999
2453267.28060 0.218 0.008 0.416 0.007 0.614 0.007 0.198 0.006 0.396 0.006 0.198 0.006
2453267.28098 0.209 0.008 0.415 0.007 0.605 0.007 0.206 0.006 0.396 0.006 0.190 0.006


2453267.28172 0.210 0.008 0.417 0.007 0.614 0.007 0.207 0.006 0.404 0.006 0.197 0.006
2453267.28211 0.225 0.008 0.428 0.007 0.614 0.007 0.203 0.006 0.389 0.006 0.186 0.006
2453267.28248 99.999 9.999 0.406 0.007 0.611 0.007 99.999 9.999 99.999 9.999 0.205 0.006


2453267.28323 0.241 0.008 0.460 0.007 0.631 0.007 0.219 0.006 0.390 0.006 0.171 0.006




2453267.28434 0.247 0.008 0.423 0.008 0.634 0.007 0.176 0.007 0.387 0.006 0.211 0.006
2453267.28472 0.256 0.008 0.437 0.008 0.633 0.007 0.181 0.007 0.377 0.006 0.196 0.006
2453267.28509 0.273 0.008 0.493 0.007 0.663 0.007 0.220 0.006 0.390 0.006 0.170 0.006
2453267.28546 0.255 0.008 0.462 0.007 0.627 0.007 0.207 0.006 0.372 0.006 0.165 0.006
2453267.28584 0.238 0.008 0.454 0.007 0.627 0.007 0.216 0.006 0.389 0.006 0.173 0.006
2453267.28622 0.257 0.008 0.466 0.007 0.621 0.007 0.209 0.006 0.364 0.006 0.155 0.006
2453267.28659 0.272 0.008 0.464 0.007 0.624 0.007 0.192 0.006 0.352 0.006 0.160 0.006


2453267.28734 0.259 0.008 0.486 0.007 0.641 0.007 0.227 0.006 0.382 0.006 0.155 0.006
2453267.28771 0.265 0.008 0.439 0.008 0.655 0.007 0.174 0.007 0.390 0.006 0.216 0.006
2453267.28809 0.241 0.008 0.415 0.008 0.615 0.007 0.174 0.007 0.374 0.006 0.200 0.006
2453267.28846 0.257 0.008 0.435 0.008 0.621 0.007 0.178 0.007 0.364 0.006 0.186 0.006
2453267.28883 0.283 0.008 0.456 0.007 0.632 0.007 0.173 0.006 0.349 0.006 0.176 0.006
2453267.28920 0.273 0.008 0.441 0.008 0.640 0.007 0.168 0.007 0.367 0.006 0.199 0.006
2453267.28958 0.244 0.008 99.999 9.999 0.669 0.007 99.999 9.999 0.425 0.006 99.999 9.999


2453267.29032 0.267 0.008 0.472 0.007 0.660 0.007 0.205 0.006 0.393 0.006 0.188 0.006
2453267.29071 99.999 9.999 0.471 0.007 0.638 0.007 99.999 9.999 99.999 9.999 0.167 0.006
2453267.29108 0.247 0.008 0.462 0.007 0.632 0.007 0.215 0.006 0.385 0.006 0.170 0.006
2453267.29145 0.237 0.008 0.436 0.008 0.642 0.007 0.199 0.007 0.405 0.006 0.206 0.006


2453267.29220 0.269 0.008 0.487 0.008 0.643 0.007 0.218 0.007 0.374 0.006 0.156 0.006
2453267.29257 0.273 0.008 0.509 0.007 0.631 0.007 0.236 0.006 0.358 0.006 0.122 0.006
2453267.29295 0.270 0.008 0.460 0.007 0.662 0.007 0.190 0.006 0.392 0.006 0.202 0.006


2453267.29369 99.999 9.999 0.439 0.008 0.628 0.007 99.999 9.999 99.999 9.999 0.189 0.006
2453267.29406 0.282 0.008 0.504 0.007 0.680 0.007 0.222 0.006 0.398 0.006 0.176 0.006
2453267.29444 0.280 0.008 0.464 0.008 0.649 0.007 0.184 0.007 0.369 0.006 0.185 0.006
2453267.29481 0.300 0.008 99.999 9.999 0.648 0.007 99.999 9.999 0.348 0.006 99.999 9.999
2453267.29519 0.275 0.008 0.474 0.008 0.656 0.007 0.199 0.007 0.381 0.006 0.182 0.006
2453267.29557 0.295 0.008 0.476 0.007 0.647 0.007 0.181 0.006 0.352 0.006 0.171 0.006


2453267.29631 0.278 0.008 99.999 9.999 0.643 0.007 99.999 9.999 0.365 0.006 99.999 9.999
2453267.29669 0.285 0.008 0.453 0.008 0.646 0.007 0.168 0.007 0.361 0.006 0.193 0.006




2453267.29781 0.301 0.008 0.496 0.007 0.682 0.007 0.195 0.006 0.381 0.006 0.186 0.006
2453267.29818 0.270 0.008 0.472 0.007 99.999 9.999 0.202 0.006 99.999 9.999 99.999 9.999


2453267.29892 99.999 9.999 0.445 0.008 0.652 0.007 99.999 9.999 99.999 9.999 0.207 0.006


2453267.29968 0.282 0.008 99.999 9.999 0.643 0.007 99.999 9.999 0.361 0.006 99.999 9.999


2453267.30043 0.255 0.008 0.447 0.008 0.661 0.007 0.192 0.007 0.406 0.006 0.214 0.006
2453267.30080 0.279 0.008 99.999 9.999 0.653 0.007 99.999 9.999 0.374 0.006 99.999 9.999
2453267.30117 0.283 0.008 0.490 0.007 0.667 0.007 0.207 0.006 0.384 0.006 0.177 0.006




2453267.30229 99.999 9.999 0.439 0.008 0.644 0.007 99.999 9.999 99.999 9.999 0.205 0.006
2453267.30267 0.271 0.008 99.999 9.999 0.652 0.007 99.999 9.999 0.381 0.006 99.999 9.999
2453267.30304 0.290 0.008 0.467 0.008 0.652 0.007 0.177 0.007 0.362 0.006 0.185 0.006
2453267.30341 99.999 9.999 0.438 0.008 0.641 0.007 99.999 9.999 99.999 9.999 0.203 0.006


2453267.30417 0.271 0.008 0.449 0.008 0.634 0.007 0.178 0.007 0.363 0.006 0.185 0.006
2453267.30454 0.220 0.008 0.441 0.008 0.630 0.007 0.221 0.007 0.410 0.006 0.189 0.006
2453267.30491 0.276 0.008 0.522 0.007 0.664 0.007 0.246 0.006 0.388 0.006 0.142 0.006
2453267.30529 0.267 0.008 0.490 0.007 0.656 0.007 0.223 0.006 0.389 0.006 0.166 0.006


2453267.30603 0.261 0.008 0.467 0.007 0.632 0.007 0.206 0.006 0.371 0.006 0.165 0.006
2453267.30641 0.252 0.008 0.459 0.008 0.633 0.007 0.207 0.007 0.381 0.006 0.174 0.006


2453267.30715 0.257 0.008 0.499 0.007 0.668 0.007 0.242 0.006 0.411 0.006 0.169 0.006
2453267.30753 0.248 0.008 0.449 0.008 0.664 0.007 0.201 0.007 0.416 0.006 0.215 0.006
2453267.30791 0.253 0.008 99.999 9.999 0.632 0.007 99.999 9.999 0.379 0.006 99.999 9.999
2453267.30828 0.268 0.008 0.444 0.008 0.634 0.007 0.176 0.007 0.366 0.006 0.190 0.006
2453267.30866 0.280 0.008 0.493 0.008 0.656 0.007 0.213 0.007 0.376 0.006 0.163 0.006
2453267.30903 99.999 9.999 99.999 9.999 0.643 0.007 99.999 9.999 99.999 9.999 99.999 9.999
2453267.30940 0.265 0.008 99.999 9.999 0.653 0.007 99.999 9.999 0.388 0.006 99.999 9.999
2453267.30977 0.257 0.008 0.454 0.008 0.645 0.007 0.197 0.007 0.388 0.006 0.191 0.006
2453267.31015 0.273 0.008 0.478 0.008 0.654 0.007 0.205 0.007 0.381 0.006 0.176 0.006
2453267.31052 0.249 0.008 0.447 0.008 0.614 0.007 0.198 0.007 0.365 0.006 0.167 0.006
2453267.31089 0.263 0.008 0.461 0.008 0.630 0.007 0.198 0.007 0.367 0.006 0.169 0.006
2453267.31127 0.256 0.008 0.470 0.007 0.652 0.007 0.214 0.006 0.396 0.006 0.182 0.006
2453267.31164 0.285 0.008 0.467 0.008 0.667 0.007 0.182 0.007 0.382 0.006 0.200 0.006
2453267.31201 0.252 0.008 0.476 0.008 0.634 0.007 0.224 0.007 0.382 0.006 0.158 0.006
2453267.31240 0.231 0.008 0.457 0.008 0.642 0.007 0.226 0.007 0.411 0.006 0.185 0.006
2453267.31277 0.244 0.008 0.453 0.008 0.650 0.007 0.209 0.007 0.406 0.006 0.197 0.006
2453267.31314 0.250 0.008 0.441 0.008 0.640 0.007 0.191 0.007 0.390 0.006 0.199 0.006
2453267.31352 0.217 0.008 0.436 0.008 0.621 0.007 0.219 0.007 0.404 0.006 0.185 0.006
2453267.31389 0.255 0.008 0.477 0.007 0.674 0.007 0.222 0.006 0.419 0.006 0.197 0.006
2453267.31426 0.280 0.008 0.479 0.008 0.652 0.007 0.199 0.007 0.372 0.006 0.173 0.006
2453267.31464 0.247 0.008 0.447 0.008 0.643 0.007 0.200 0.007 0.396 0.006 0.196 0.006
2453267.31501 0.238 0.008 0.446 0.008 0.627 0.007 0.208 0.007 0.389 0.006 0.181 0.006
2453267.31538 0.245 0.008 0.455 0.008 0.631 0.007 0.210 0.007 0.386 0.006 0.176 0.006
2453267.31575 0.273 0.008 99.999 9.999 0.619 0.007 99.999 9.999 0.346 0.006 99.999 9.999
2453267.31613 0.270 0.008 0.484 0.008 0.644 0.007 0.214 0.007 0.374 0.006 0.160 0.006
2453267.31650 0.232 0.008 0.465 0.008 0.621 0.007 0.233 0.007 0.389 0.006 0.156 0.006
2453267.31688 0.275 0.008 0.452 0.008 0.641 0.007 0.177 0.007 0.366 0.006 0.189 0.006
2453267.31726 0.249 0.008 0.450 0.008 0.646 0.007 0.201 0.007 0.397 0.006 0.196 0.006
2453267.31763 0.258 0.008 0.462 0.008 0.661 0.007 0.204 0.007 0.403 0.006 0.199 0.006
2453267.31800 0.256 0.008 0.441 0.008 0.612 0.007 0.185 0.007 0.356 0.006 0.171 0.006
2453267.31838 0.259 0.008 0.440 0.008 0.650 0.007 0.181 0.007 0.391 0.006 0.210 0.006
2453267.31875 0.253 0.008 0.471 0.008 0.637 0.007 0.218 0.007 0.384 0.006 0.166 0.006
2453267.31912 0.263 0.008 0.483 0.008 0.654 0.007 0.220 0.007 0.391 0.006 0.171 0.006
2453267.31950 0.260 0.008 0.483 0.008 0.667 0.007 0.223 0.007 0.407 0.006 0.184 0.006
2453267.31987 0.296 0.008 0.494 0.008 0.655 0.007 0.198 0.007 0.359 0.006 0.161 0.006
2453267.32024 0.269 0.008 0.457 0.008 0.646 0.007 0.188 0.007 0.377 0.006 0.189 0.006
2453267.32061 0.248 0.008 0.484 0.008 0.635 0.007 0.236 0.007 0.387 0.006 0.151 0.006
2453267.32100 0.254 0.008 0.490 0.008 0.629 0.007 0.236 0.007 0.375 0.006 0.139 0.006
2453267.32137 0.269 0.008 0.488 0.007 0.645 0.007 0.219 0.006 0.376 0.006 0.157 0.006
2453267.32174 0.264 0.008 0.462 0.008 0.663 0.007 0.198 0.007 0.399 0.006 0.201 0.006
2453267.32212 0.260 0.008 0.461 0.008 0.661 0.007 0.201 0.007 0.401 0.006 0.200 0.006


2453267.32286 0.253 0.008 0.449 0.008 0.646 0.007 0.196 0.007 0.393 0.006 0.197 0.006
2453267.32324 0.294 0.008 0.499 0.008 0.686 0.007 0.205 0.007 0.392 0.006 0.187 0.006
2453267.32361 0.255 0.008 0.487 0.008 0.642 0.007 0.232 0.007 0.387 0.006 0.155 0.006
2453267.32398 0.286 0.008 0.475 0.008 99.999 9.999 0.189 0.007 99.999 9.999 99.999 9.999
2453267.32436 0.256 0.008 0.469 0.008 0.671 0.007 0.213 0.007 0.415 0.006 0.202 0.006
2453267.32473 0.266 0.008 0.479 0.008 0.655 0.007 0.213 0.007 0.389 0.006 0.176 0.006
2453267.32510 0.271 0.008 0.459 0.008 0.630 0.007 0.188 0.007 0.359 0.006 0.171 0.006


2453267.32586 0.278 0.008 0.490 0.008 0.657 0.007 0.212 0.007 0.379 0.006 0.167 0.006
2453267.32623 0.281 0.008 0.481 0.008 0.639 0.007 0.200 0.007 0.358 0.006 0.158 0.006
2453267.32660 0.322 0.008 0.545 0.007 0.677 0.007 0.223 0.006 0.355 0.006 0.132 0.006
2453267.32698 0.283 0.008 0.495 0.008 0.656 0.007 0.212 0.007 0.373 0.006 0.161 0.006
2453267.32735 0.283 0.008 0.493 0.008 0.656 0.007 0.210 0.007 0.373 0.006 0.163 0.006
2453267.32772 0.292 0.008 0.503 0.008 0.662 0.007 0.211 0.007 0.370 0.006 0.159 0.006
2453267.32810 0.276 0.008 0.466 0.008 0.650 0.007 0.190 0.007 0.374 0.006 0.184 0.006
2453267.32847 0.257 0.008 0.482 0.008 0.658 0.007 0.225 0.007 0.401 0.006 0.176 0.006
2453267.32884 0.286 0.008 0.502 0.008 0.670 0.007 0.216 0.007 0.384 0.006 0.168 0.006


2453267.32959 0.286 0.008 0.485 0.008 0.678 0.007 0.199 0.007 0.392 0.006 0.193 0.006
2453267.32997 0.313 0.008 0.472 0.008 0.689 0.007 0.159 0.007 0.376 0.006 0.217 0.006
2453267.33035 0.300 0.008 0.498 0.008 0.646 0.007 0.198 0.007 0.346 0.006 0.148 0.006
2453267.33072 0.277 0.008 0.475 0.008 0.674 0.007 0.198 0.007 0.397 0.006 0.199 0.006
2453267.33109 0.261 0.008 0.462 0.008 0.671 0.007 0.201 0.007 0.410 0.006 0.209 0.006






2453267.33258 0.293 0.008 0.486 0.008 0.661 0.007 0.193 0.007 0.368 0.006 0.175 0.006
2453267.33296 0.304 0.008 0.476 0.008 0.645 0.007 0.172 0.007 0.341 0.006 0.169 0.006
2453267.33333 0.289 0.008 99.999 9.999 0.650 0.007 99.999 9.999 0.361 0.006 99.999 9.999
2453267.33370 0.253 0.008 0.430 0.008 0.620 0.007 0.177 0.007 0.367 0.006 0.190 0.006
2453267.33409 0.249 0.008 0.466 0.008 0.666 0.007 0.217 0.007 0.417 0.006 0.200 0.006
2453267.33446 0.279 0.008 99.999 9.999 0.647 0.007 99.999 9.999 0.368 0.006 99.999 9.999
2453267.33483 0.304 0.008 0.498 0.007 0.662 0.007 0.194 0.006 0.358 0.006 0.164 0.006
2453267.33521 0.282 0.008 0.496 0.008 0.646 0.007 0.214 0.007 0.364 0.006 0.150 0.006
2453267.33558 0.273 0.008 0.458 0.008 0.639 0.007 0.185 0.007 0.366 0.006 0.181 0.006
2453267.33595 99.999 9.999 0.465 0.008 0.655 0.007 99.999 9.999 99.999 9.999 0.190 0.006
2453267.33632 0.296 0.008 0.477 0.008 0.677 0.007 0.181 0.007 0.381 0.006 0.200 0.006
2453267.33670 0.277 0.008 0.496 0.008 0.660 0.007 0.219 0.007 0.383 0.006 0.164 0.006
2453267.33707 0.287 0.008 0.476 0.008 0.659 0.007 0.189 0.007 0.372 0.006 0.183 0.006
2453267.33744 0.270 0.008 0.500 0.008 0.655 0.007 0.230 0.007 0.385 0.006 0.155 0.006
2453267.33782 0.272 0.008 0.478 0.008 0.676 0.007 0.206 0.007 0.404 0.006 0.198 0.006
2453267.33819 0.293 0.008 0.520 0.008 0.660 0.007 0.227 0.007 0.367 0.006 0.140 0.006


2453267.33895 0.298 0.008 0.484 0.008 0.656 0.007 0.186 0.007 0.358 0.006 0.172 0.006


2453267.33969 0.302 0.008 0.483 0.008 0.658 0.007 0.181 0.007 0.356 0.006 0.175 0.006
2453267.34007 0.294 0.008 0.521 0.008 0.684 0.007 0.227 0.007 0.390 0.006 0.163 0.006
2453267.34044 0.294 0.008 0.520 0.007 0.679 0.007 0.226 0.006 0.385 0.006 0.159 0.006
2453267.34081 0.277 0.008 0.503 0.007 0.675 0.007 0.226 0.006 0.398 0.006 0.172 0.006
2453267.34118 0.297 0.008 0.504 0.008 0.696 0.007 0.207 0.007 0.399 0.006 0.192 0.006
2453267.34156 0.295 0.008 0.508 0.008 0.676 0.007 0.213 0.007 0.381 0.006 0.168 0.006
2453267.34193 0.306 0.008 0.517 0.008 0.679 0.007 0.211 0.007 0.373 0.006 0.162 0.006
2453267.34230 0.303 0.008 0.491 0.008 0.679 0.007 0.188 0.007 0.376 0.006 0.188 0.006


2453267.34306 0.280 0.008 0.513 0.008 0.727 0.007 0.233 0.008 0.447 0.007 0.214 0.006
2453267.34343 0.350 0.009 0.500 0.009 0.722 0.009 0.150 0.008 0.372 0.008 0.222 0.007
2453267.34381 0.325 0.008 0.521 0.008 0.674 0.007 0.196 0.007 0.349 0.006 0.153 0.006
2453267.34418 0.310 0.009 0.479 0.009 0.658 0.009 0.169 0.008 0.348 0.008 0.179 0.007
2453267.34455 0.316 0.009 0.499 0.009 0.707 0.009 0.183 0.008 0.391 0.008 0.208 0.007
2453267.34493 0.333 0.009 0.498 0.009 0.671 0.009 0.165 0.008 0.338 0.008 0.173 0.007
2453267.34530 0.349 0.008 0.557 0.008 0.691 0.007 0.208 0.007 0.342 0.006 0.134 0.006
2453267.34567 0.320 0.009 0.514 0.009 0.639 0.009 0.194 0.008 0.319 0.008 0.125 0.007
2453267.34605 0.331 0.009 0.529 0.009 0.716 0.009 0.198 0.008 0.385 0.008 0.187 0.007
2453267.34642 0.285 0.008 0.491 0.008 0.678 0.007 0.206 0.008 0.393 0.007 0.187 0.006
2453267.34679 0.274 0.009 0.510 0.009 0.719 0.009 0.236 0.008 0.445 0.008 0.209 0.007




2453267.34792 0.293 0.008 0.510 0.008 0.716 0.007 0.217 0.007 0.423 0.006 0.206 0.006


2453267.34867 0.295 0.008 0.527 0.008 0.705 0.007 0.232 0.007 0.410 0.006 0.178 0.006
2453267.34904 0.307 0.008 0.519 0.008 0.702 0.007 0.212 0.007 0.395 0.006 0.183 0.006
2453267.34941 0.338 0.008 0.545 0.008 0.712 0.007 0.207 0.007 0.374 0.006 0.167 0.006
2453267.34979 0.325 0.008 0.507 0.008 0.685 0.007 0.182 0.007 0.360 0.006 0.178 0.006
2453267.35016 0.335 0.009 0.548 0.009 0.712 0.008 0.213 0.008 0.377 0.007 0.164 0.006
2453267.35053 0.315 0.008 0.539 0.008 0.701 0.007 0.224 0.007 0.386 0.006 0.162 0.006
2453267.35091 0.326 0.009 0.548 0.009 0.709 0.008 0.222 0.008 0.383 0.007 0.161 0.006
2453267.35128 0.332 0.008 0.549 0.008 0.724 0.007 0.217 0.007 0.392 0.006 0.175 0.006


2453267.35203 0.335 0.009 0.538 0.009 0.725 0.008 0.203 0.007 0.390 0.006 0.187 0.006
2453267.35241 0.327 0.009 0.538 0.009 0.719 0.008 0.211 0.008 0.392 0.007 0.181 0.006
2453267.35278 0.296 0.008 0.511 0.008 0.706 0.007 0.215 0.008 0.410 0.007 0.195 0.006
2453267.35315 0.333 0.009 0.554 0.009 0.730 0.008 0.221 0.008 0.397 0.007 0.176 0.006


2453267.35390 0.372 0.009 99.999 9.999 0.739 0.008 99.999 9.999 0.367 0.006 99.999 9.999
2453267.35427 0.346 0.009 0.560 0.009 0.710 0.009 0.214 0.008 0.364 0.008 0.150 0.007
2453267.35465 0.338 0.009 0.544 0.009 0.733 0.008 0.206 0.007 0.395 0.006 0.189 0.006
2453267.35502 0.342 0.009 0.528 0.009 0.712 0.008 0.186 0.007 0.370 0.006 0.184 0.006
2453267.35539 0.340 0.008 0.532 0.008 0.721 0.007 0.192 0.007 0.381 0.006 0.189 0.006
2453267.35576 0.363 0.009 0.566 0.009 0.746 0.008 0.203 0.007 0.383 0.006 0.180 0.006


2453267.35652 0.352 0.009 0.564 0.009 0.760 0.008 0.212 0.007 0.408 0.006 0.196 0.006
2453267.35689 0.352 0.008 0.527 0.008 0.734 0.007 0.175 0.007 0.382 0.006 0.207 0.006
2453267.35727 0.368 0.009 99.999 9.999 0.724 0.008 99.999 9.999 0.356 0.006 99.999 9.999
2453267.35764 0.377 0.009 0.578 0.009 0.760 0.008 0.201 0.007 0.383 0.006 0.182 0.006
2453267.35801 0.356 0.009 0.545 0.009 0.737 0.008 0.189 0.007 0.381 0.006 0.192 0.006
2453267.35839 0.334 0.009 0.544 0.009 0.724 0.008 0.210 0.007 0.390 0.006 0.180 0.006
2453267.35876 99.999 9.999 0.558 0.009 0.749 0.008 99.999 9.999 99.999 9.999 0.191 0.006


2453267.35951 0.328 0.009 0.538 0.009 0.742 0.008 0.210 0.007 0.414 0.006 0.204 0.006
2453267.35988 0.326 0.009 0.524 0.009 0.730 0.008 0.198 0.008 0.404 0.007 0.206 0.006
2453267.36025 0.377 0.009 0.604 0.009 0.741 0.008 0.227 0.007 0.364 0.006 0.137 0.006
2453267.36063 0.378 0.009 0.587 0.009 0.767 0.008 0.209 0.007 0.389 0.006 0.180 0.006
2453267.36101 0.367 0.009 0.578 0.009 0.812 0.009 0.211 0.008 0.445 0.008 0.234 0.007
2453267.36138 0.368 0.009 0.573 0.009 0.738 0.009 0.205 0.008 0.370 0.008 0.165 0.007
2453267.36175 0.408 0.009 0.605 0.009 0.776 0.008 0.197 0.007 0.368 0.006 0.171 0.006
2453267.36213 0.358 0.009 0.560 0.009 0.761 0.008 0.202 0.008 0.403 0.007 0.201 0.006


2453267.36287 0.354 0.009 0.552 0.009 0.757 0.008 0.198 0.008 0.403 0.007 0.205 0.006
2453267.36325 0.390 0.009 0.613 0.009 0.792 0.008 0.223 0.007 0.402 0.006 0.179 0.006
2453267.36362 0.375 0.009 0.589 0.009 0.753 0.009 0.214 0.008 0.378 0.008 0.164 0.007
2453267.36399 0.400 0.009 0.610 0.009 0.776 0.008 0.210 0.007 0.376 0.006 0.166 0.006
2453267.36438 0.397 0.009 0.594 0.009 0.776 0.008 0.197 0.007 0.379 0.006 0.182 0.006
2453267.36475 0.378 0.009 0.602 0.009 0.778 0.008 0.224 0.007 0.400 0.006 0.176 0.006
2453267.36512 0.388 0.009 0.592 0.009 0.784 0.008 0.204 0.008 0.396 0.007 0.192 0.006
2453267.36549 0.379 0.009 0.607 0.009 0.797 0.009 0.228 0.008 0.418 0.008 0.190 0.007
2453267.36587 0.386 0.009 0.598 0.009 0.784 0.009 0.212 0.008 0.398 0.008 0.186 0.007
2453267.36624 0.389 0.009 0.581 0.009 0.788 0.009 0.192 0.008 0.399 0.008 0.207 0.007
2453267.36661 0.370 0.009 0.589 0.009 0.788 0.009 0.219 0.008 0.418 0.008 0.199 0.007
2453267.36699 0.298 0.011 0.624 0.010 0.749 0.009 0.326 0.009 0.451 0.009 0.125 0.008
2453267.36736 0.395 0.009 0.569 0.009 0.745 0.009 0.174 0.008 0.350 0.008 0.176 0.007
2453267.36773 0.348 0.009 0.559 0.009 0.769 0.009 0.211 0.008 0.421 0.008 0.210 0.007
2453267.36811 0.347 0.009 0.560 0.009 0.702 0.009 0.213 0.008 0.355 0.008 0.142 0.007


2453267.36885 0.391 0.009 0.584 0.009 0.745 0.009 0.193 0.008 0.354 0.008 0.161 0.007
2453267.36924 0.360 0.010 0.596 0.010 0.791 0.009 0.236 0.008 0.431 0.008 0.195 0.008
2453267.36961 0.389 0.010 0.594 0.010 0.775 0.009 0.205 0.008 0.386 0.008 0.181 0.008
2453267.36998 0.406 0.011 0.591 0.011 0.780 0.010 0.185 0.009 0.374 0.009 0.189 0.008
2453267.37035 0.394 0.011 0.576 0.010 0.743 0.010 0.182 0.009 0.349 0.009 0.167 0.008
2453267.37073 0.376 0.010 99.999 9.999 0.761 0.009 99.999 9.999 0.385 0.008 99.999 9.999
2453267.37110 0.381 0.010 0.606 0.010 0.788 0.009 0.225 0.008 0.407 0.008 0.182 0.008
2453267.37147 0.430 0.010 0.571 0.010 0.751 0.009 0.141 0.008 0.321 0.008 0.180 0.008
2453267.37185 0.385 0.010 0.583 0.010 0.787 0.009 0.198 0.008 0.402 0.008 0.204 0.008
2453267.37222 0.412 0.010 0.600 0.009 0.809 0.009 0.188 0.008 0.397 0.008 0.209 0.007
2453267.37259 0.412 0.009 0.610 0.009 0.784 0.009 0.198 0.008 0.372 0.008 0.174 0.007
2453267.37297 0.354 0.009 0.570 0.009 0.760 0.009 0.216 0.008 0.406 0.008 0.190 0.007
2453267.37334 0.406 0.010 0.596 0.010 0.799 0.009 0.190 0.008 0.393 0.008 0.203 0.008
2453267.37372 0.424 0.010 0.619 0.009 0.772 0.009 0.195 0.008 0.348 0.008 0.153 0.007
2453267.37410 0.413 0.010 0.612 0.009 0.779 0.009 0.199 0.008 0.366 0.008 0.167 0.007
2453267.37447 0.408 0.009 0.619 0.009 0.799 0.009 0.211 0.008 0.391 0.008 0.180 0.007
2453267.37484 0.404 0.010 0.631 0.009 0.759 0.009 0.227 0.008 0.355 0.008 0.128 0.007
2453267.37522 0.395 0.009 99.999 9.999 0.755 0.009 99.999 9.999 0.360 0.008 99.999 9.999
2453267.37559 0.414 0.009 0.582 0.009 0.793 0.008 0.168 0.008 0.379 0.007 0.211 0.006
2453267.37596 0.399 0.009 0.601 0.009 0.797 0.009 0.202 0.008 0.398 0.008 0.196 0.007
2453267.37633 0.411 0.009 0.637 0.009 0.824 0.009 0.226 0.008 0.413 0.008 0.187 0.007
2453267.37671 0.390 0.009 0.609 0.009 0.782 0.009 0.219 0.008 0.392 0.008 0.173 0.007
2453267.37708 0.407 0.009 0.624 0.009 0.811 0.008 0.217 0.008 0.404 0.007 0.187 0.006
2453267.37745 0.448 0.009 0.609 0.009 0.803 0.009 0.161 0.008 0.355 0.008 0.194 0.007
2453267.37784 99.999 9.999 0.617 0.009 0.791 0.009 99.999 9.999 99.999 9.999 0.174 0.007
2453267.37821 0.422 0.009 0.649 0.009 0.807 0.009 0.227 0.008 0.385 0.008 0.158 0.007
2453267.37858 0.405 0.009 0.625 0.009 0.814 0.009 0.220 0.008 0.409 0.008 0.189 0.007
2453267.37896 0.402 0.009 0.624 0.009 0.802 0.008 0.222 0.007 0.400 0.006 0.178 0.006
2453267.37933 0.413 0.009 0.623 0.009 0.813 0.008 0.210 0.007 0.400 0.006 0.190 0.006
2453267.37970 0.427 0.009 0.645 0.009 0.778 0.008 0.218 0.007 0.351 0.006 0.133 0.006
2453267.38007 0.411 0.009 0.638 0.009 0.797 0.008 0.227 0.007 0.386 0.006 0.159 0.006


2453267.38082 0.431 0.009 0.629 0.009 0.827 0.009 0.198 0.008 0.396 0.008 0.198 0.007


2453267.38157 0.446 0.009 0.608 0.009 0.788 0.009 0.162 0.008 0.342 0.008 0.180 0.007
2453267.38194 0.439 0.009 0.615 0.009 0.785 0.008 0.176 0.007 0.346 0.006 0.170 0.006
2453267.38231 0.430 0.009 0.637 0.009 0.820 0.008 0.207 0.008 0.390 0.007 0.183 0.006
2453267.38270 0.416 0.009 0.645 0.009 0.819 0.008 0.229 0.007 0.403 0.006 0.174 0.006
2453267.38307 0.396 0.009 0.597 0.009 0.756 0.009 0.201 0.008 0.360 0.008 0.159 0.007
2453267.38344 0.436 0.009 0.637 0.009 0.798 0.009 0.201 0.008 0.362 0.008 0.161 0.007
2453267.38382 0.398 0.009 0.617 0.009 0.771 0.008 0.219 0.007 0.373 0.006 0.154 0.006
2453267.38419 0.412 0.009 0.625 0.009 0.800 0.008 0.213 0.007 0.388 0.006 0.175 0.006
2453267.38456 0.413 0.009 0.599 0.009 0.798 0.008 0.186 0.007 0.385 0.006 0.199 0.006
2453267.38493 0.425 0.008 0.617 0.008 0.799 0.007 0.192 0.007 0.374 0.006 0.182 0.006
2453267.38531 0.423 0.008 0.619 0.008 0.807 0.007 0.196 0.007 0.384 0.006 0.188 0.006
2453267.38568 0.388 0.008 0.610 0.008 0.792 0.007 0.222 0.007 0.404 0.006 0.182 0.006
2453267.38605 0.394 0.008 0.619 0.008 0.808 0.007 0.225 0.007 0.414 0.006 0.189 0.006
2453267.38644 0.423 0.009 0.616 0.009 0.777 0.008 0.193 0.007 0.354 0.006 0.161 0.006
2453267.38681 0.435 0.008 0.628 0.008 0.797 0.007 0.193 0.007 0.362 0.006 0.169 0.006
2453267.38718 0.453 0.008 0.623 0.008 0.806 0.007 0.170 0.007 0.353 0.006 0.183 0.006
2453267.38756 0.382 0.009 0.584 0.009 0.758 0.009 0.202 0.008 0.376 0.008 0.174 0.007
2453267.38793 0.485 0.009 0.602 0.009 0.833 0.009 0.117 0.008 0.348 0.008 0.231 0.007
2453267.38830 0.420 0.008 0.614 0.008 0.807 0.007 0.194 0.007 0.387 0.006 0.193 0.006
2453267.38868 0.379 0.008 0.598 0.008 0.793 0.007 0.219 0.007 0.414 0.006 0.195 0.006
2453267.38905 0.407 0.008 0.613 0.008 0.792 0.007 0.206 0.007 0.385 0.006 0.179 0.006
2453267.38942 0.426 0.009 0.635 0.009 0.818 0.008 0.209 0.007 0.392 0.006 0.183 0.006


2453267.39017 0.387 0.008 0.620 0.008 0.791 0.007 0.233 0.007 0.404 0.006 0.171 0.006
2453267.39054 0.390 0.008 0.587 0.008 0.798 0.007 0.197 0.007 0.408 0.006 0.211 0.006
2453267.39091 0.413 0.008 0.625 0.008 0.803 0.007 0.212 0.007 0.390 0.006 0.178 0.006
2453267.39130 0.408 0.008 0.616 0.008 0.784 0.007 0.208 0.007 0.376 0.006 0.168 0.006
2453267.39167 0.389 0.008 0.597 0.008 0.778 0.007 0.208 0.007 0.389 0.006 0.181 0.006
2453267.39204 0.408 0.008 0.618 0.008 0.823 0.007 0.210 0.007 0.415 0.006 0.205 0.006
2453267.39242 0.399 0.008 0.626 0.008 0.816 0.007 0.227 0.007 0.417 0.006 0.190 0.006
2453267.39279 0.399 0.008 0.608 0.008 0.773 0.007 0.209 0.007 0.374 0.006 0.165 0.006
2453267.39316 0.405 0.008 0.608 0.008 0.790 0.007 0.203 0.007 0.385 0.006 0.182 0.006
2453267.39354 0.429 0.008 0.621 0.008 0.799 0.007 0.192 0.007 0.370 0.006 0.178 0.006
2453267.39391 0.433 0.008 0.638 0.008 0.772 0.007 0.205 0.007 0.339 0.006 0.134 0.006
2453267.39428 0.398 0.008 0.593 0.008 0.801 0.007 0.195 0.007 0.403 0.006 0.208 0.006
2453267.39465 0.435 0.008 0.636 0.008 0.807 0.007 0.201 0.007 0.372 0.006 0.171 0.006
2453267.39503 0.403 0.008 0.623 0.008 0.803 0.007 0.220 0.007 0.400 0.006 0.180 0.006
2453267.39541 0.400 0.008 0.604 0.008 0.782 0.007 0.204 0.007 0.382 0.006 0.178 0.006
2453267.39578 0.386 0.008 0.589 0.008 0.770 0.007 0.203 0.007 0.384 0.006 0.181 0.006
2453267.39616 0.393 0.008 0.581 0.008 0.751 0.007 0.188 0.007 0.358 0.006 0.170 0.006


2453267.39690 0.396 0.008 0.604 0.008 0.786 0.007 0.208 0.007 0.390 0.006 0.182 0.006


2453267.39765 0.407 0.008 0.600 0.008 0.795 0.007 0.193 0.007 0.388 0.006 0.195 0.006
2453267.39802 0.387 0.008 0.604 0.008 0.784 0.007 0.217 0.007 0.397 0.006 0.180 0.006
2453267.39840 0.412 0.008 0.607 0.008 0.775 0.007 0.195 0.007 0.363 0.006 0.168 0.006
2453267.39877 0.398 0.009 0.616 0.009 0.786 0.008 0.218 0.007 0.388 0.006 0.170 0.006
2453267.39914 0.380 0.008 0.582 0.008 0.799 0.007 0.202 0.007 0.419 0.006 0.217 0.006
2453267.39953 0.392 0.008 0.602 0.008 0.760 0.007 0.210 0.007 0.368 0.006 0.158 0.006
2453267.39990 0.381 0.008 0.581 0.008 0.743 0.007 0.200 0.007 0.362 0.006 0.162 0.006
2453267.40027 0.363 0.008 0.589 0.008 0.776 0.007 0.226 0.007 0.413 0.006 0.187 0.006
2453267.40064 0.382 0.008 0.599 0.008 0.771 0.007 0.217 0.007 0.389 0.006 0.172 0.006
2453267.40102 0.374 0.008 0.591 0.008 0.767 0.007 0.217 0.007 0.393 0.006 0.176 0.006
2453267.40139 0.416 0.009 0.607 0.009 0.799 0.008 0.191 0.007 0.383 0.006 0.192 0.006
2453267.40176 0.425 0.009 0.629 0.009 0.790 0.009 0.204 0.008 0.365 0.008 0.161 0.007
2453267.40214 0.358 0.009 0.581 0.009 0.750 0.008 0.223 0.007 0.392 0.006 0.169 0.006
2453267.40251 0.403 0.009 0.589 0.009 0.813 0.008 0.186 0.008 0.410 0.007 0.224 0.006
2453267.40288 0.385 0.009 0.603 0.009 0.770 0.008 0.218 0.008 0.385 0.007 0.167 0.006
2453267.40326 0.393 0.009 0.622 0.009 0.775 0.009 0.229 0.008 0.382 0.008 0.153 0.007


2453267.40400 0.381 0.009 0.598 0.009 0.772 0.009 0.217 0.008 0.391 0.008 0.174 0.007
2453267.40439 0.363 0.009 0.594 0.009 0.784 0.009 0.231 0.008 0.421 0.008 0.190 0.007
2453267.40476 0.352 0.009 0.568 0.009 0.746 0.009 0.216 0.008 0.394 0.008 0.178 0.007
2453267.40513 0.379 0.010 0.595 0.009 0.768 0.009 0.216 0.008 0.389 0.008 0.173 0.007
2453267.40550 99.999 9.999 0.605 0.009 0.777 0.009 99.999 9.999 99.999 9.999 0.172 0.007
2453267.40588 0.395 0.010 0.588 0.009 0.774 0.009 0.193 0.008 0.379 0.008 0.186 0.007
2453267.40625 0.385 0.010 0.617 0.009 0.779 0.009 0.232 0.008 0.394 0.008 0.162 0.007
2453267.40662 99.999 9.999 0.604 0.009 0.781 0.009 99.999 9.999 99.999 9.999 0.177 0.007
2453267.40700 0.385 0.010 0.587 0.009 0.763 0.009 0.202 0.008 0.378 0.008 0.176 0.007
2453267.40737 0.378 0.009 0.592 0.009 0.760 0.008 0.214 0.008 0.382 0.007 0.168 0.006
2453267.40774 0.403 0.009 0.603 0.009 0.770 0.009 0.200 0.008 0.367 0.008 0.167 0.007
2453267.40813 0.354 0.009 0.568 0.009 0.773 0.009 0.214 0.008 0.419 0.008 0.205 0.007
2453267.40850 0.364 0.009 0.597 0.009 0.789 0.008 0.233 0.008 0.425 0.007 0.192 0.006
2453267.40887 0.361 0.009 0.570 0.009 0.767 0.008 0.209 0.008 0.406 0.007 0.197 0.006
2453267.40925 0.300 0.013 0.616 0.012 0.656 0.012 0.316 0.011 0.356 0.011 0.040 0.010
2453267.40962 0.322 0.011 0.582 0.011 0.826 0.010 0.260 0.009 0.504 0.009 0.244 0.008
2453267.40999 0.381 0.009 0.581 0.009 0.766 0.008 0.200 0.007 0.385 0.006 0.185 0.006
2453267.41037 0.359 0.009 0.576 0.009 0.759 0.008 0.217 0.007 0.400 0.006 0.183 0.006
2453267.41074 0.341 0.008 0.550 0.008 0.736 0.007 0.209 0.007 0.395 0.006 0.186 0.006
2453267.41111 0.362 0.008 0.565 0.008 0.758 0.007 0.203 0.007 0.396 0.006 0.193 0.006
2453267.41149 0.364 0.008 0.567 0.008 0.736 0.007 0.203 0.007 0.372 0.006 0.169 0.006
2453267.41186 0.364 0.009 0.563 0.009 0.748 0.009 0.199 0.008 0.384 0.008 0.185 0.007
2453267.41223 0.359 0.009 0.559 0.009 0.764 0.009 0.200 0.008 0.405 0.008 0.205 0.007
2453267.41260 0.354 0.010 0.589 0.009 0.741 0.009 0.235 0.008 0.387 0.008 0.152 0.007
2453267.41299 0.346 0.010 0.567 0.010 0.723 0.009 0.221 0.008 0.377 0.008 0.156 0.008
2453267.41336 0.357 0.011 0.534 0.010 0.729 0.009 0.177 0.009 0.372 0.009 0.195 0.008
2453267.41373 0.357 0.010 0.570 0.009 0.744 0.009 0.213 0.008 0.387 0.008 0.174 0.007
2453267.41411 0.389 0.009 0.579 0.009 0.763 0.009 0.190 0.008 0.374 0.008 0.184 0.007
2453267.41448 0.338 0.008 0.545 0.008 0.728 0.007 0.207 0.007 0.390 0.006 0.183 0.006
2453267.41485 0.341 0.008 0.553 0.008 0.730 0.007 0.212 0.007 0.389 0.006 0.177 0.006
2453267.41523 0.373 0.009 0.582 0.009 0.736 0.008 0.209 0.007 0.363 0.006 0.154 0.006
2453267.41560 0.354 0.009 0.548 0.009 0.715 0.009 0.194 0.008 0.361 0.008 0.167 0.007
2453267.41597 99.999 9.999 0.547 0.009 0.725 0.009 99.999 9.999 99.999 9.999 0.178 0.007
2453267.41635 0.355 0.008 0.568 0.008 0.747 0.007 0.213 0.007 0.392 0.006 0.179 0.006
2453267.41672 0.360 0.008 0.565 0.008 0.726 0.007 0.205 0.007 0.366 0.006 0.161 0.006
2453267.41709 0.359 0.008 0.544 0.008 0.729 0.007 0.185 0.007 0.370 0.006 0.185 0.006
2453267.41747 0.355 0.008 0.555 0.008 0.743 0.007 0.200 0.007 0.388 0.006 0.188 0.006
2453267.41785 0.340 0.009 0.564 0.009 0.743 0.008 0.224 0.007 0.403 0.006 0.179 0.006
2453267.41822 0.338 0.008 0.541 0.008 0.716 0.007 0.203 0.007 0.378 0.006 0.175 0.006
2453267.41859 0.314 0.008 0.528 0.008 0.718 0.007 0.214 0.007 0.404 0.006 0.190 0.006
2453267.41897 0.338 0.008 0.551 0.008 0.730 0.007 0.213 0.007 0.392 0.006 0.179 0.006
2453267.41934 0.321 0.008 0.542 0.008 0.715 0.007 0.221 0.007 0.394 0.006 0.173 0.006
2453267.41971 0.345 0.008 0.548 0.008 0.711 0.007 0.203 0.007 0.366 0.006 0.163 0.006
2453267.42009 0.334 0.008 0.540 0.008 0.710 0.007 0.206 0.007 0.376 0.006 0.170 0.006
2453267.42046 99.999 9.999 0.575 0.008 0.731 0.007 99.999 9.999 99.999 9.999 0.156 0.006
2453267.42083 0.327 0.008 0.555 0.008 0.718 0.007 0.228 0.007 0.391 0.006 0.163 0.006
2453267.42122 0.364 0.009 0.570 0.009 0.734 0.008 0.206 0.007 0.370 0.006 0.164 0.006
2453267.42159 0.338 0.008 0.550 0.008 0.723 0.007 0.212 0.007 0.385 0.006 0.173 0.006
2453267.42196 0.336 0.008 0.562 0.008 0.735 0.007 0.226 0.007 0.399 0.006 0.173 0.006
2453267.42233 0.332 0.008 0.530 0.008 0.712 0.007 0.198 0.007 0.380 0.006 0.182 0.006
2453267.42271 0.295 0.008 0.536 0.008 0.724 0.007 0.241 0.007 0.429 0.006 0.188 0.006
2453267.42308 0.315 0.008 0.528 0.008 0.713 0.007 0.213 0.007 0.398 0.006 0.185 0.006
2453267.42345 0.322 0.008 0.524 0.008 0.702 0.007 0.202 0.007 0.380 0.006 0.178 0.006
2453267.42383 0.302 0.008 0.515 0.008 0.685 0.007 0.213 0.007 0.383 0.006 0.170 0.006
2453267.42420 0.333 0.008 0.530 0.008 0.707 0.007 0.197 0.007 0.374 0.006 0.177 0.006
2453267.42457 0.341 0.008 0.549 0.008 0.716 0.007 0.208 0.007 0.375 0.006 0.167 0.006
2453267.42495 0.318 0.008 0.553 0.008 0.723 0.007 0.235 0.007 0.405 0.006 0.170 0.006




2453267.42608 0.334 0.008 0.540 0.008 0.706 0.007 0.206 0.007 0.372 0.006 0.166 0.006
2453267.42645 0.312 0.008 0.524 0.008 0.707 0.007 0.212 0.007 0.395 0.006 0.183 0.006
2453267.42682 0.300 0.008 0.517 0.008 0.700 0.007 0.217 0.007 0.400 0.006 0.183 0.006
2453267.42719 0.323 0.008 0.536 0.008 0.693 0.007 0.213 0.007 0.370 0.006 0.157 0.006
2453267.42757 0.310 0.008 0.533 0.008 0.686 0.007 0.223 0.007 0.376 0.006 0.153 0.006


2453267.42831 0.291 0.008 0.524 0.008 0.705 0.007 0.233 0.007 0.414 0.006 0.181 0.006
2453267.42869 0.299 0.008 0.509 0.008 0.699 0.007 0.210 0.007 0.400 0.006 0.190 0.006
2453267.42906 0.325 0.008 0.546 0.008 0.698 0.007 0.221 0.007 0.373 0.006 0.152 0.006
2453267.42943 0.301 0.008 0.494 0.008 0.684 0.007 0.193 0.007 0.383 0.006 0.190 0.006
2453267.42981 0.294 0.008 0.514 0.008 0.674 0.007 0.220 0.007 0.380 0.006 0.160 0.006
2453267.43019 0.320 0.009 0.548 0.009 0.690 0.008 0.228 0.007 0.370 0.006 0.142 0.006
2453267.43056 0.315 0.008 0.516 0.008 0.670 0.007 0.201 0.007 0.355 0.006 0.154 0.006
2453267.43094 0.274 0.008 0.466 0.008 0.637 0.007 0.192 0.007 0.363 0.006 0.171 0.006
2453267.43131 0.287 0.008 0.508 0.008 0.686 0.007 0.221 0.007 0.399 0.006 0.178 0.006
2453267.43168 0.315 0.008 0.521 0.008 0.669 0.007 0.206 0.007 0.354 0.006 0.148 0.006
2453267.43205 0.284 0.008 0.514 0.008 0.683 0.007 0.230 0.008 0.399 0.007 0.169 0.006
2453267.43243 0.262 0.008 0.473 0.008 0.659 0.007 0.211 0.007 0.397 0.006 0.186 0.006
2453267.43280 0.268 0.008 0.500 0.008 0.675 0.007 0.232 0.008 0.407 0.007 0.175 0.006
2453267.43317 0.260 0.008 0.493 0.008 0.671 0.007 0.233 0.007 0.411 0.006 0.178 0.006
2453267.43355 0.291 0.008 0.495 0.008 0.689 0.007 0.204 0.007 0.398 0.006 0.194 0.006
2453267.43392 0.243 0.008 0.465 0.008 0.656 0.007 0.222 0.007 0.413 0.006 0.191 0.006
2453267.43429 0.233 0.011 0.470 0.010 0.640 0.009 0.237 0.009 0.407 0.009 0.170 0.008
2453267.43468 0.220 0.009 0.485 0.009 0.623 0.009 0.265 0.008 0.403 0.008 0.138 0.007
2453267.43505 0.237 0.011 0.511 0.010 0.668 0.009 0.274 0.009 0.431 0.009 0.157 0.008
2453267.43542 0.216 0.011 0.420 0.011 0.610 0.010 0.204 0.010 0.394 0.009 0.190 0.009
2453267.43580 0.247 0.008 0.486 0.008 0.642 0.007 0.239 0.007 0.395 0.006 0.156 0.006
2453267.43617 0.257 0.008 0.459 0.008 0.641 0.007 0.202 0.007 0.384 0.006 0.182 0.006
2453267.43654 0.256 0.008 0.437 0.008 0.642 0.007 0.181 0.007 0.386 0.006 0.205 0.006
2453267.43691 0.241 0.008 0.451 0.008 0.644 0.007 0.210 0.007 0.403 0.006 0.193 0.006
2453267.43729 0.228 0.008 0.467 0.008 0.649 0.007 0.239 0.008 0.421 0.007 0.182 0.006


2453267.43803 0.240 0.008 0.477 0.008 0.644 0.007 0.237 0.007 0.404 0.006 0.167 0.006
2453267.43841 0.258 0.008 0.467 0.008 0.656 0.007 0.209 0.007 0.398 0.006 0.189 0.006
2453267.43878 0.234 0.008 0.467 0.008 0.629 0.007 0.233 0.007 0.395 0.006 0.162 0.006
2453267.43916 0.256 0.008 0.478 0.008 0.659 0.007 0.222 0.007 0.403 0.006 0.181 0.006
2453267.43954 0.253 0.008 0.478 0.008 0.645 0.007 0.225 0.007 0.392 0.006 0.167 0.006
2453267.43991 0.236 0.008 0.442 0.008 0.624 0.007 0.206 0.007 0.388 0.006 0.182 0.006
2453267.44028 0.205 0.008 0.438 0.008 0.617 0.007 0.233 0.007 0.412 0.006 0.179 0.006


2453267.44103 0.241 0.008 0.465 0.008 0.640 0.007 0.224 0.007 0.399 0.006 0.175 0.006
2453267.44140 0.259 0.008 0.486 0.008 0.641 0.007 0.227 0.007 0.382 0.006 0.155 0.006
2453267.44178 0.238 0.008 0.457 0.008 0.628 0.007 0.219 0.008 0.390 0.007 0.171 0.006
2453267.44215 0.250 0.008 0.447 0.008 0.655 0.007 0.197 0.007 0.405 0.006 0.208 0.006
2453267.44252 0.238 0.008 0.462 0.008 0.636 0.007 0.224 0.007 0.398 0.006 0.174 0.006
2453267.44289 0.239 0.008 0.448 0.008 0.605 0.007 0.209 0.007 0.366 0.006 0.157 0.006
2453267.44328 0.254 0.008 0.482 0.008 0.626 0.007 0.228 0.007 0.372 0.006 0.144 0.006
2453267.44365 0.214 0.008 0.408 0.008 0.585 0.007 0.194 0.007 0.371 0.006 0.177 0.006
2453267.44402 0.207 0.008 0.423 0.008 0.611 0.007 0.216 0.008 0.404 0.007 0.188 0.006
2453267.44440 0.224 0.008 0.450 0.008 0.623 0.007 0.226 0.008 0.399 0.007 0.173 0.006
2453267.44477 0.227 0.008 0.460 0.008 0.654 0.007 0.233 0.008 0.427 0.007 0.194 0.006
2453267.44514 0.231 0.008 0.478 0.008 0.647 0.007 0.247 0.008 0.416 0.007 0.169 0.006
2453267.44552 0.172 0.008 0.405 0.008 0.587 0.007 0.233 0.008 0.415 0.007 0.182 0.006
2453267.44589 0.197 0.008 0.418 0.008 0.600 0.007 0.221 0.008 0.403 0.007 0.182 0.006
2453267.44626 0.210 0.008 0.436 0.008 0.615 0.007 0.226 0.007 0.405 0.006 0.179 0.006
2453267.44664 0.233 0.008 0.440 0.008 0.613 0.007 0.207 0.008 0.380 0.007 0.173 0.006
2453267.44701 0.186 0.008 0.415 0.008 0.587 0.007 0.229 0.008 0.401 0.007 0.172 0.006
2453267.44738 0.232 0.008 0.452 0.008 0.607 0.007 0.220 0.008 0.375 0.007 0.155 0.006
2453267.44775 0.222 0.008 0.418 0.008 0.609 0.007 0.196 0.007 0.387 0.006 0.191 0.006
2453267.44814 0.246 0.008 0.420 0.008 0.617 0.007 0.174 0.007 0.371 0.006 0.197 0.006
2453267.44851 0.224 0.008 0.434 0.008 0.609 0.007 0.210 0.008 0.385 0.007 0.175 0.006
2453267.44888 0.273 0.008 0.460 0.008 0.622 0.008 0.187 0.007 0.349 0.007 0.162 0.007
2453267.44926 0.229 0.008 0.408 0.008 0.601 0.007 0.179 0.008 0.372 0.007 0.193 0.006
2453267.44963 0.202 0.008 0.450 0.008 0.604 0.007 0.248 0.008 0.402 0.007 0.154 0.006
2453267.45000 0.214 0.008 0.398 0.008 0.601 0.007 0.184 0.007 0.387 0.006 0.203 0.006
2453267.45038 0.210 0.008 0.438 0.008 0.612 0.008 0.228 0.008 0.402 0.008 0.174 0.007
2453267.45075 0.228 0.008 0.431 0.008 0.594 0.008 0.203 0.008 0.366 0.008 0.163 0.007
2453267.45112 0.164 0.008 0.415 0.008 0.583 0.008 0.251 0.008 0.419 0.008 0.168 0.007
2453267.45150 0.182 0.008 0.415 0.008 0.567 0.008 0.233 0.008 0.385 0.008 0.152 0.007
2453267.45188 0.188 0.008 0.413 0.008 0.576 0.008 0.225 0.008 0.388 0.008 0.163 0.007
2453267.45225 0.211 0.009 0.413 0.009 0.583 0.009 0.202 0.008 0.372 0.008 0.170 0.007
2453267.45262 0.221 0.009 0.421 0.009 0.610 0.009 0.200 0.008 0.389 0.008 0.189 0.007
2453267.45300 0.208 0.010 0.436 0.009 0.586 0.009 0.228 0.009 0.378 0.009 0.150 0.008
2453267.45337 0.195 0.009 0.420 0.009 0.553 0.009 0.225 0.008 0.358 0.008 0.133 0.007
2453267.45374 0.190 0.008 0.420 0.008 0.585 0.008 0.230 0.008 0.395 0.008 0.165 0.007
2453267.45412 0.152 0.008 0.399 0.008 0.537 0.008 0.247 0.008 0.385 0.008 0.138 0.007


2453267.45486 0.219 0.008 0.399 0.008 0.585 0.008 0.180 0.008 0.366 0.008 0.186 0.007
2453267.45524 0.181 0.008 0.384 0.008 0.551 0.008 0.203 0.008 0.370 0.008 0.167 0.007
2453267.45561 0.198 0.008 0.424 0.008 0.579 0.008 0.226 0.008 0.381 0.008 0.155 0.007
2453267.45598 0.208 0.008 0.422 0.008 0.557 0.008 0.214 0.008 0.349 0.008 0.135 0.007
2453267.45637 0.194 0.008 0.410 0.008 0.590 0.008 0.216 0.008 0.396 0.008 0.180 0.007
2453267.45674 0.153 0.008 0.401 0.008 0.567 0.007 0.248 0.008 0.414 0.007 0.166 0.006
2453267.45711 0.179 0.008 0.380 0.008 0.581 0.007 0.201 0.008 0.402 0.007 0.201 0.006
2453267.45748 0.168 0.008 0.368 0.008 0.560 0.007 0.200 0.008 0.392 0.007 0.192 0.006
2453267.45786 0.164 0.008 0.412 0.008 0.544 0.008 0.248 0.008 0.380 0.008 0.132 0.007
2453267.45823 0.150 0.008 0.358 0.008 0.575 0.007 0.208 0.008 0.425 0.007 0.217 0.006
2453267.45860 0.193 0.008 0.414 0.008 0.583 0.008 0.221 0.008 0.390 0.008 0.169 0.007
2453267.45898 0.157 0.008 0.398 0.008 0.562 0.008 0.241 0.008 0.405 0.008 0.164 0.007
2453267.45935 0.189 0.009 0.432 0.009 0.589 0.009 0.243 0.008 0.400 0.008 0.157 0.007
2453267.45972 0.174 0.008 0.380 0.008 0.565 0.008 0.206 0.008 0.391 0.008 0.185 0.007
2453267.46010 0.140 0.008 0.361 0.008 0.553 0.007 0.221 0.008 0.413 0.007 0.192 0.006
2453267.46047 0.184 0.008 0.415 0.008 0.567 0.008 0.231 0.008 0.383 0.008 0.152 0.007
2453267.46084 0.184 0.008 0.393 0.008 0.533 0.008 0.209 0.008 0.349 0.008 0.140 0.007
2453267.46122 0.192 0.008 0.375 0.008 0.574 0.008 0.183 0.008 0.382 0.008 0.199 0.007
2453267.46160 0.171 0.008 0.367 0.008 0.566 0.008 0.196 0.008 0.395 0.008 0.199 0.007
2453267.46197 0.152 0.008 0.373 0.008 0.544 0.008 0.221 0.008 0.392 0.008 0.171 0.007
2453267.46234 0.180 0.008 0.410 0.008 0.569 0.008 0.230 0.008 0.389 0.008 0.159 0.007
2453267.46272 0.153 0.008 0.368 0.008 0.546 0.008 0.215 0.008 0.393 0.008 0.178 0.007
2453267.46309 0.171 0.008 0.402 0.008 0.588 0.007 0.231 0.008 0.417 0.007 0.186 0.006
2453267.46346 0.162 0.008 0.388 0.008 0.579 0.007 0.226 0.008 0.417 0.007 0.191 0.006
2453267.46384 0.159 0.008 0.368 0.008 0.542 0.007 0.209 0.008 0.383 0.007 0.174 0.006
2453267.46421 0.164 0.008 0.402 0.008 0.550 0.008 0.238 0.008 0.386 0.008 0.148 0.007
2453267.46458 0.170 0.008 0.373 0.008 0.561 0.008 0.203 0.008 0.391 0.008 0.188 0.007
2453267.46497 0.172 0.009 0.392 0.009 0.567 0.009 0.220 0.008 0.395 0.008 0.175 0.008
2453267.46534 0.159 0.008 0.367 0.008 0.565 0.007 0.208 0.008 0.406 0.007 0.198 0.006
2453267.46571 0.176 0.008 0.375 0.008 0.560 0.008 0.199 0.008 0.384 0.008 0.185 0.007
2453267.46608 0.123 0.008 0.329 0.008 0.522 0.008 0.206 0.008 0.399 0.008 0.193 0.007
2453267.46646 0.164 0.008 0.378 0.008 0.569 0.007 0.214 0.008 0.405 0.007 0.191 0.006
2453267.46683 0.157 0.008 0.393 0.008 0.562 0.007 0.236 0.008 0.405 0.007 0.169 0.006
2453267.46720 0.134 0.008 0.364 0.008 0.554 0.007 0.230 0.008 0.420 0.007 0.190 0.006
2453267.46758 0.128 0.008 0.364 0.008 0.542 0.008 0.236 0.008 0.414 0.008 0.178 0.007
2453267.46795 0.149 0.008 0.352 0.008 0.542 0.008 0.203 0.008 0.393 0.008 0.190 0.007
2453267.46832 0.132 0.008 0.363 0.008 0.555 0.007 0.231 0.008 0.423 0.007 0.192 0.006
2453267.46870 0.128 0.008 0.352 0.008 0.523 0.008 0.224 0.008 0.395 0.008 0.171 0.007
2453267.46907 0.088 0.008 0.319 0.008 0.489 0.007 0.231 0.008 0.401 0.007 0.170 0.006
2453267.46944 0.163 0.008 0.374 0.008 0.544 0.008 0.211 0.008 0.381 0.008 0.170 0.007
2453267.46983 0.153 0.008 0.349 0.008 0.566 0.008 0.196 0.008 0.413 0.008 0.217 0.007
2453267.47020 0.154 0.008 0.378 0.008 0.572 0.008 0.224 0.008 0.418 0.008 0.194 0.007
2453267.47057 0.106 0.008 0.380 0.008 0.539 0.008 0.274 0.008 0.433 0.008 0.159 0.007
2453267.47095 0.152 0.008 0.369 0.008 0.531 0.008 0.217 0.008 0.379 0.008 0.162 0.007
2453267.47132 0.144 0.008 0.346 0.008 0.515 0.008 0.202 0.008 0.371 0.008 0.169 0.007
2453267.47169 0.129 0.008 0.393 0.008 0.521 0.008 0.264 0.008 0.392 0.008 0.128 0.007
2453267.47206 0.165 0.008 0.324 0.008 0.535 0.008 0.159 0.008 0.370 0.008 0.211 0.007
2453267.47244 0.142 0.008 0.371 0.008 0.537 0.008 0.229 0.008 0.395 0.008 0.166 0.007
2453267.47281 0.132 0.008 0.339 0.008 0.497 0.008 0.207 0.008 0.365 0.008 0.158 0.007
2453267.47318 0.147 0.008 0.334 0.008 0.519 0.008 0.187 0.008 0.372 0.008 0.185 0.007
2453267.47356 0.151 0.008 0.357 0.008 0.534 0.008 0.206 0.008 0.383 0.008 0.177 0.007
2453267.47394 0.156 0.008 0.361 0.008 0.549 0.008 0.205 0.008 0.393 0.008 0.188 0.007
2453267.47431 0.160 0.008 0.384 0.008 0.535 0.008 0.224 0.008 0.375 0.008 0.151 0.007
2453267.47469 0.135 0.008 0.373 0.008 0.541 0.007 0.238 0.008 0.406 0.007 0.168 0.006
2453267.47506 0.155 0.008 0.347 0.008 0.526 0.008 0.192 0.008 0.371 0.008 0.179 0.007
2453267.47543 0.121 0.008 0.324 0.008 0.505 0.008 0.203 0.008 0.384 0.008 0.181 0.007
2453267.47581 0.145 0.008 0.349 0.008 0.540 0.008 0.204 0.008 0.395 0.008 0.191 0.007
2453267.47618 0.163 0.008 0.373 0.008 0.557 0.007 0.210 0.008 0.394 0.007 0.184 0.006
2453267.47655 0.134 0.008 0.365 0.008 0.549 0.008 0.231 0.008 0.415 0.008 0.184 0.007
2453267.47692 0.156 0.008 0.370 0.008 0.548 0.008 0.214 0.008 0.392 0.008 0.178 0.007
2453267.47730 0.129 0.008 0.325 0.008 0.536 0.008 0.196 0.008 0.407 0.008 0.211 0.007
2453267.47767 0.095 0.008 0.340 0.008 0.547 0.008 0.245 0.008 0.452 0.008 0.207 0.007
2453267.47804 0.134 0.008 0.360 0.008 0.517 0.008 0.226 0.008 0.383 0.008 0.157 0.007
2453267.47843 0.132 0.008 0.348 0.008 0.515 0.008 0.216 0.008 0.383 0.008 0.167 0.007
2453267.47880 0.133 0.008 0.337 0.008 0.504 0.008 0.204 0.008 0.371 0.008 0.167 0.007
2453267.47917 0.118 0.008 0.373 0.008 0.543 0.008 0.255 0.008 0.425 0.008 0.170 0.007
2453267.47955 0.105 0.008 0.337 0.008 0.496 0.008 0.232 0.008 0.391 0.008 0.159 0.007
2453267.47992 0.145 0.008 0.380 0.008 0.557 0.008 0.235 0.008 0.412 0.008 0.177 0.007
2453267.48029 0.102 0.008 0.326 0.008 0.518 0.008 0.224 0.008 0.416 0.008 0.192 0.007
2453267.48067 0.156 0.008 0.360 0.008 0.533 0.008 0.204 0.008 0.377 0.008 0.173 0.007
2453267.48104 0.086 0.008 0.346 0.008 0.496 0.008 0.260 0.008 0.410 0.008 0.150 0.007
2453267.48141 0.142 0.008 0.345 0.008 0.551 0.008 0.203 0.008 0.409 0.008 0.206 0.007
2453267.48178 0.174 0.008 0.355 0.008 0.518 0.008 0.181 0.008 0.344 0.008 0.163 0.007


2453267.48253 0.139 0.008 0.362 0.008 0.572 0.008 0.223 0.008 0.433 0.008 0.210 0.007
2453267.48291 0.137 0.008 0.327 0.008 0.540 0.008 0.190 0.008 0.403 0.008 0.213 0.007
2453267.48329 0.095 0.008 0.315 0.008 0.474 0.008 0.220 0.008 0.379 0.008 0.159 0.007
2453267.48366 0.120 0.008 0.357 0.008 0.523 0.008 0.237 0.008 0.403 0.008 0.166 0.007
2453267.48403 0.119 0.008 0.361 0.008 0.526 0.008 0.242 0.008 0.407 0.008 0.165 0.007
2453267.48441 0.130 0.008 0.354 0.008 0.530 0.008 0.224 0.008 0.400 0.008 0.176 0.007
2453267.48478 0.106 0.008 0.339 0.008 0.550 0.008 0.233 0.008 0.444 0.008 0.211 0.007
2453267.48515 0.152 0.008 0.361 0.008 0.524 0.008 0.209 0.008 0.372 0.008 0.163 0.007
2453267.48553 0.133 0.008 0.363 0.008 0.524 0.008 0.230 0.008 0.391 0.008 0.161 0.007
2453267.48590 0.134 0.008 0.358 0.008 0.520 0.008 0.224 0.008 0.386 0.008 0.162 0.007
2453267.48627 0.111 0.008 0.340 0.008 0.528 0.008 0.229 0.008 0.417 0.008 0.188 0.007
2453267.48664 0.156 0.008 0.360 0.008 0.524 0.008 0.204 0.008 0.368 0.008 0.164 0.007
2453267.48703 0.100 0.008 0.339 0.008 0.524 0.008 0.239 0.008 0.424 0.008 0.185 0.007
2453267.48740 0.119 0.008 0.341 0.008 0.507 0.008 0.222 0.008 0.388 0.008 0.166 0.007


2453267.48815 0.134 0.008 0.341 0.008 0.495 0.008 0.207 0.008 0.361 0.008 0.154 0.007
2453267.48852 0.135 0.008 0.338 0.008 0.534 0.008 0.203 0.008 0.399 0.008 0.196 0.007
2453267.48889 0.128 0.009 0.385 0.009 0.504 0.009 0.257 0.008 0.376 0.008 0.119 0.007
2453267.48927 0.052 0.010 0.342 0.009 0.506 0.009 0.290 0.009 0.454 0.009 0.164 0.008
2453267.48964 0.126 0.008 0.350 0.008 0.532 0.008 0.224 0.008 0.406 0.008 0.182 0.007
2453267.49001 0.105 0.008 0.338 0.008 0.518 0.008 0.233 0.008 0.413 0.008 0.180 0.007
2453267.49039 0.114 0.008 0.335 0.008 0.512 0.008 0.221 0.008 0.398 0.008 0.177 0.007
2453267.49076 0.122 0.008 0.346 0.008 0.529 0.008 0.224 0.008 0.407 0.008 0.183 0.007
2453267.49113 0.133 0.009 0.356 0.009 0.553 0.009 0.223 0.008 0.420 0.008 0.197 0.007
2453267.49150 0.129 0.009 0.365 0.009 0.536 0.009 0.236 0.008 0.407 0.008 0.171 0.007
2453267.49189 0.107 0.009 0.376 0.009 0.506 0.009 0.269 0.008 0.399 0.008 0.130 0.007
2453267.49226 0.115 0.009 0.333 0.009 0.495 0.009 0.218 0.008 0.380 0.008 0.162 0.007
