JD V-C s1 V-C1 s2 V-C2 s3 C-C1 s4 C-C2 s5 C1-C2 s6
Aperture: 2.00, Filter: 5.00
2453217.36241 1.180 0.017 1.348 0.016 1.513 0.016 0.168 0.009 0.333 0.009 0.165 0.008
2453217.36280 1.185 0.016 1.308 0.015 1.493 0.015 0.123 0.009 0.308 0.009 0.185 0.008
2453217.36317 1.227 0.017 1.347 0.016 1.527 0.016 0.120 0.009 0.300 0.009 0.180 0.008
2453217.36354 1.183 0.017 1.320 0.016 1.503 0.016 0.137 0.009 0.320 0.009 0.183 0.008
2453217.36391 1.192 0.016 1.355 0.015 1.507 0.015 0.163 0.009 0.315 0.009 0.152 0.008
2453217.36429 1.211 0.017 1.371 0.016 1.547 0.016 0.160 0.009 0.336 0.009 0.176 0.008
2453217.36466 99.999 9.999 1.324 0.016 99.999 9.999 99.999 9.999 99.999 9.999 99.999 9.999
2453217.36503 1.249 0.016 1.364 0.016 1.577 0.016 0.115 0.008 0.328 0.008 0.213 0.008


2453217.36578 1.190 0.017 1.385 0.016 1.538 0.016 0.195 0.009 0.348 0.009 0.153 0.008
2453217.36615 1.205 0.017 1.335 0.016 1.559 0.016 0.130 0.009 0.354 0.009 0.224 0.008
2453217.36652 1.262 0.017 1.368 0.016 1.559 0.016 0.106 0.009 0.297 0.009 0.191 0.008
2453217.36689 1.241 0.017 1.373 0.016 1.575 0.016 0.132 0.009 0.334 0.009 0.202 0.008
2453217.36727 99.999 9.999 1.400 0.016 1.559 0.016 99.999 9.999 99.999 9.999 0.159 0.008
2453217.36764 1.238 0.017 1.391 0.016 1.573 0.016 0.153 0.009 0.335 0.009 0.182 0.008
2453217.36839 1.216 0.017 1.387 0.016 1.540 0.016 0.171 0.009 0.324 0.009 0.153 0.008
2453217.36877 1.223 0.017 1.359 0.016 1.548 0.016 0.136 0.009 0.325 0.009 0.189 0.008
2453217.36914 1.230 0.017 1.390 0.016 1.550 0.016 0.160 0.009 0.320 0.009 0.160 0.008


2453217.36988 1.267 0.017 1.418 0.016 1.612 0.016 0.151 0.009 0.345 0.009 0.194 0.008
2453217.37026 1.230 0.017 1.374 0.016 1.586 0.016 0.144 0.009 0.356 0.009 0.212 0.008
2453217.37063 1.274 0.017 1.428 0.016 1.617 0.016 0.154 0.009 0.343 0.009 0.189 0.008
2453217.37100 1.234 0.017 1.393 0.016 99.999 9.999 0.159 0.009 99.999 9.999 99.999 9.999
2453217.37137 1.272 0.017 1.407 0.016 1.607 0.016 0.135 0.009 0.335 0.009 0.200 0.008
2453217.37175 99.999 9.999 99.999 9.999 1.590 0.016 99.999 9.999 99.999 9.999 99.999 9.999
2453217.37212 1.234 0.017 1.371 0.016 1.537 0.016 0.137 0.009 0.303 0.009 0.166 0.008
2453217.37249 1.244 0.017 1.391 0.016 1.580 0.016 0.147 0.009 0.336 0.009 0.189 0.008
2453217.37286 1.256 0.017 1.411 0.016 99.999 9.999 0.155 0.009 99.999 9.999 99.999 9.999
2453217.37325 1.253 0.017 1.382 0.016 1.559 0.016 0.129 0.009 0.306 0.009 0.177 0.008






2453217.37474 1.212 0.017 1.381 0.016 99.999 9.999 0.169 0.009 99.999 9.999 99.999 9.999
2453217.37511 1.209 0.016 1.336 0.015 1.503 0.015 0.127 0.009 0.294 0.009 0.167 0.008
2453217.37548 99.999 9.999 1.382 0.016 1.532 0.016 99.999 9.999 99.999 9.999 0.150 0.008
2453217.37585 1.207 0.017 1.383 0.016 99.999 9.999 0.176 0.009 99.999 9.999 99.999 9.999
2453217.37623 1.195 0.017 1.370 0.016 1.535 0.016 0.175 0.009 0.340 0.009 0.165 0.008
2453217.37660 1.202 0.016 1.368 0.015 1.520 0.015 0.166 0.009 0.318 0.009 0.152 0.008


2453217.37734 99.999 9.999 1.341 0.015 99.999 9.999 99.999 9.999 99.999 9.999 99.999 9.999


2453217.37810 1.225 0.017 1.344 0.016 1.529 0.016 0.119 0.009 0.304 0.009 0.185 0.008
2453217.37847 1.215 0.016 1.349 0.015 1.523 0.015 0.134 0.009 0.308 0.009 0.174 0.008
2453217.37884 1.229 0.017 1.367 0.016 1.527 0.016 0.138 0.009 0.298 0.009 0.160 0.008
2453217.37922 1.223 0.017 1.376 0.016 1.532 0.016 0.153 0.009 0.309 0.009 0.156 0.008


2453217.37996 1.224 0.017 1.392 0.016 1.566 0.016 0.168 0.009 0.342 0.009 0.174 0.008
2453217.38033 1.257 0.017 1.414 0.016 1.588 0.016 0.157 0.009 0.331 0.009 0.174 0.008
2453217.38071 1.208 0.017 1.346 0.016 1.545 0.016 0.138 0.009 0.337 0.009 0.199 0.008
2453217.38108 1.223 0.017 1.352 0.016 1.531 0.016 0.129 0.009 0.308 0.009 0.179 0.008


2453217.38182 1.238 0.017 1.380 0.016 1.563 0.016 0.142 0.009 0.325 0.009 0.183 0.008
2453217.38220 1.260 0.017 1.368 0.016 1.548 0.016 0.108 0.009 0.288 0.009 0.180 0.008
2453217.38258 1.271 0.017 1.392 0.016 1.594 0.016 0.121 0.009 0.323 0.009 0.202 0.008
2453217.38295 1.252 0.017 1.358 0.016 1.544 0.016 0.106 0.009 0.292 0.009 0.186 0.008
2453217.38332 99.999 9.999 1.389 0.016 1.585 0.016 99.999 9.999 99.999 9.999 0.196 0.008
2453217.38370 1.201 0.017 1.359 0.016 1.578 0.016 0.158 0.009 0.377 0.009 0.219 0.008


2453217.38444 1.223 0.017 1.391 0.016 1.545 0.016 0.168 0.009 0.322 0.009 0.154 0.008


2453217.38519 99.999 9.999 1.403 0.016 1.603 0.016 99.999 9.999 99.999 9.999 0.200 0.008
2453217.38556 1.259 0.017 1.425 0.017 1.595 0.017 0.166 0.009 0.336 0.009 0.170 0.008
2453217.38593 1.232 0.017 1.385 0.016 1.561 0.016 0.153 0.009 0.329 0.009 0.176 0.008
2453217.38630 99.999 9.999 1.445 0.017 1.611 0.017 99.999 9.999 99.999 9.999 0.166 0.008
2453217.38668 1.247 0.017 1.372 0.016 99.999 9.999 0.125 0.009 99.999 9.999 99.999 9.999
2453217.38705 1.260 0.017 1.351 0.016 1.599 0.016 0.091 0.009 0.339 0.009 0.248 0.008
2453217.38742 1.223 0.017 1.336 0.016 1.531 0.016 0.113 0.009 0.308 0.009 0.195 0.008


2453217.38818 1.281 0.017 1.448 0.017 99.999 9.999 0.167 0.009 99.999 9.999 99.999 9.999
2453217.38855 1.254 0.017 1.424 0.017 1.595 0.017 0.170 0.009 0.341 0.009 0.171 0.008
2453217.38892 1.174 0.017 1.333 0.016 1.483 0.016 0.159 0.009 0.309 0.009 0.150 0.008
2453217.38929 1.191 0.017 1.338 0.016 1.530 0.016 0.147 0.009 0.339 0.009 0.192 0.008
2453217.38967 1.222 0.017 1.398 0.017 99.999 9.999 0.176 0.009 99.999 9.999 99.999 9.999
2453217.39004 1.192 0.017 99.999 9.999 1.566 0.017 99.999 9.999 0.374 0.009 99.999 9.999
2453217.39041 1.194 0.017 1.347 0.017 1.517 0.017 0.153 0.009 0.323 0.009 0.170 0.008


2453217.39116 99.999 9.999 1.376 0.017 99.999 9.999 99.999 9.999 99.999 9.999 99.999 9.999
2453217.39153 1.142 0.020 1.296 0.019 1.485 0.019 0.154 0.011 0.343 0.011 0.189 0.010
2453217.39190 1.184 0.018 1.306 0.018 1.476 0.018 0.122 0.010 0.292 0.009 0.170 0.009
2453217.39227 99.999 9.999 1.330 0.018 1.494 0.018 99.999 9.999 99.999 9.999 0.164 0.009
2453217.39266 1.212 0.020 1.343 0.019 1.515 0.019 0.131 0.011 0.303 0.010 0.172 0.009
2453217.39303 1.179 0.020 1.315 0.019 1.530 0.019 0.136 0.011 0.351 0.010 0.215 0.009


2453217.39377 99.999 9.999 1.352 0.016 1.523 0.016 99.999 9.999 99.999 9.999 0.171 0.008
2453217.39415 1.163 0.017 1.315 0.016 1.497 0.016 0.152 0.009 0.334 0.009 0.182 0.008


2453217.39489 1.173 0.017 1.314 0.016 1.469 0.016 0.141 0.009 0.296 0.009 0.155 0.008
2453217.39526 1.144 0.017 1.266 0.016 1.509 0.016 0.122 0.009 0.365 0.009 0.243 0.008


2453217.39601 1.162 0.017 1.331 0.016 1.490 0.016 0.169 0.009 0.328 0.009 0.159 0.008
2453217.39638 1.230 0.017 1.337 0.016 1.505 0.016 0.107 0.009 0.275 0.009 0.168 0.008
2453217.39675 1.198 0.017 1.335 0.016 1.523 0.016 0.137 0.009 0.325 0.009 0.188 0.008
2453217.39714 99.999 9.999 1.365 0.016 1.537 0.016 99.999 9.999 99.999 9.999 0.172 0.008


2453217.39788 1.169 0.017 1.328 0.016 1.516 0.016 0.159 0.009 0.347 0.009 0.188 0.008


2453217.39863 1.216 0.017 1.350 0.016 99.999 9.999 0.134 0.009 99.999 9.999 99.999 9.999
2453217.39900 1.190 0.017 1.378 0.017 1.529 0.017 0.188 0.009 0.339 0.009 0.151 0.008
2453217.39937 1.241 0.017 1.397 0.017 1.580 0.017 0.156 0.009 0.339 0.009 0.183 0.008






2453217.40086 1.204 0.017 99.999 9.999 99.999 9.999 99.999 9.999 99.999 9.999 99.999 9.999
2453217.40123 1.231 0.017 1.349 0.016 1.519 0.016 0.118 0.009 0.288 0.009 0.170 0.008
2453217.40161 1.232 0.017 1.352 0.017 1.590 0.017 0.120 0.009 0.358 0.009 0.238 0.008
2453217.40198 99.999 9.999 1.408 0.017 1.606 0.017 99.999 9.999 99.999 9.999 0.198 0.008
2453217.40236 1.198 0.017 99.999 9.999 1.565 0.017 99.999 9.999 0.367 0.009 99.999 9.999
2453217.40273 1.239 0.017 1.379 0.016 1.552 0.016 0.140 0.009 0.313 0.009 0.173 0.008
2453217.40311 99.999 9.999 1.362 0.016 99.999 9.999 99.999 9.999 99.999 9.999 99.999 9.999
2453217.40348 1.265 0.017 1.385 0.016 1.578 0.016 0.120 0.009 0.313 0.009 0.193 0.008


2453217.40422 99.999 9.999 1.411 0.016 1.614 0.016 99.999 9.999 99.999 9.999 0.203 0.008
2453217.40460 99.999 9.999 1.387 0.017 99.999 9.999 99.999 9.999 99.999 9.999 99.999 9.999


2453217.40534 1.315 0.017 1.448 0.017 1.604 0.017 0.133 0.009 0.289 0.009 0.156 0.008
2453217.40571 99.999 9.999 1.393 0.017 1.597 0.017 99.999 9.999 99.999 9.999 0.204 0.008
2453217.40609 1.263 0.017 1.397 0.016 1.585 0.016 0.134 0.009 0.322 0.009 0.188 0.008
2453217.40646 1.246 0.017 1.406 0.017 1.542 0.017 0.160 0.009 0.296 0.009 0.136 0.008
2453217.40683 1.255 0.017 1.425 0.017 99.999 9.999 0.170 0.009 99.999 9.999 99.999 9.999
2453217.40720 1.221 0.017 1.382 0.017 99.999 9.999 0.161 0.009 99.999 9.999 99.999 9.999


2453217.40796 99.999 9.999 1.443 0.017 1.651 0.017 99.999 9.999 99.999 9.999 0.208 0.008
2453217.40833 1.264 0.017 1.387 0.016 1.496 0.016 0.123 0.009 0.232 0.009 0.109 0.008
2453217.40870 99.999 9.999 1.379 0.017 1.604 0.017 99.999 9.999 99.999 9.999 0.225 0.008
2453217.40908 1.268 0.017 1.412 0.016 1.592 0.016 0.144 0.009 0.324 0.009 0.180 0.008
2453217.40945 99.999 9.999 1.470 0.017 1.659 0.017 99.999 9.999 99.999 9.999 0.189 0.008
2453217.40982 99.999 9.999 1.426 0.017 1.637 0.017 99.999 9.999 99.999 9.999 0.211 0.008
2453217.41019 1.265 0.017 1.400 0.017 1.583 0.017 0.135 0.009 0.318 0.009 0.183 0.008
2453217.41057 1.319 0.017 1.441 0.017 1.616 0.017 0.122 0.009 0.297 0.009 0.175 0.008
2453217.41094 1.306 0.017 1.468 0.017 99.999 9.999 0.162 0.009 99.999 9.999 99.999 9.999


2453217.41168 1.315 0.017 1.437 0.017 1.628 0.017 0.122 0.009 0.313 0.009 0.191 0.008
2453217.41207 1.300 0.017 1.430 0.017 1.639 0.017 0.130 0.009 0.339 0.009 0.209 0.008
2453217.41244 1.304 0.017 1.437 0.017 1.587 0.017 0.133 0.009 0.283 0.009 0.150 0.008
2453217.41281 1.302 0.017 1.463 0.017 1.657 0.017 0.161 0.009 0.355 0.009 0.194 0.008






2453217.41430 1.286 0.021 1.482 0.020 1.619 0.020 0.196 0.011 0.333 0.010 0.137 0.009
2453217.41467 1.344 0.023 1.494 0.023 1.704 0.023 0.150 0.011 0.360 0.010 0.210 0.009
2453217.41505 99.999 9.999 99.999 9.999 1.670 0.021 99.999 9.999 99.999 9.999 99.999 9.999
2453217.41542 1.384 0.020 1.522 0.020 1.665 0.020 0.138 0.010 0.281 0.009 0.143 0.009
2453217.41579 99.999 9.999 1.480 0.021 1.673 0.021 99.999 9.999 99.999 9.999 0.193 0.009
2453217.41616 1.282 0.022 1.455 0.021 1.714 0.021 0.173 0.011 0.432 0.010 0.259 0.009
2453217.41655 1.319 0.020 99.999 9.999 1.600 0.020 99.999 9.999 0.281 0.009 99.999 9.999
2453217.41692 1.336 0.022 1.484 0.021 1.634 0.021 0.148 0.011 0.298 0.010 0.150 0.009
2453217.41729 1.363 0.019 1.470 0.019 1.659 0.019 0.107 0.010 0.296 0.009 0.189 0.009
2453217.41766 1.336 0.020 99.999 9.999 1.714 0.020 99.999 9.999 0.378 0.009 99.999 9.999
2453217.41804 1.379 0.020 1.540 0.020 1.726 0.020 0.161 0.010 0.347 0.009 0.186 0.009


2453217.41878 1.350 0.018 1.476 0.018 1.703 0.018 0.126 0.009 0.353 0.009 0.227 0.008


2453217.41953 1.337 0.018 1.497 0.018 1.690 0.018 0.160 0.009 0.353 0.009 0.193 0.008
2453217.41990 1.384 0.019 1.523 0.019 1.699 0.019 0.139 0.009 0.315 0.009 0.176 0.008
2453217.42027 1.350 0.018 1.501 0.018 1.681 0.018 0.151 0.009 0.331 0.009 0.180 0.008


2453217.42102 1.346 0.018 1.497 0.018 1.647 0.018 0.151 0.009 0.301 0.009 0.150 0.008
2453217.42139 1.346 0.018 1.505 0.018 1.692 0.018 0.159 0.009 0.346 0.009 0.187 0.008
2453217.42177 1.369 0.018 1.513 0.018 1.670 0.018 0.144 0.009 0.301 0.009 0.157 0.008
2453217.42214 1.373 0.018 1.533 0.018 1.662 0.018 0.160 0.009 0.289 0.009 0.129 0.008
2453217.42252 1.352 0.018 1.486 0.018 1.692 0.018 0.134 0.009 0.340 0.009 0.206 0.008
2453217.42289 99.999 9.999 1.544 0.018 1.757 0.018 99.999 9.999 99.999 9.999 0.213 0.008
2453217.42326 1.341 0.018 1.500 0.018 1.678 0.018 0.159 0.009 0.337 0.009 0.178 0.008
2453217.42363 1.361 0.019 1.513 0.019 1.710 0.019 0.152 0.009 0.349 0.009 0.197 0.008
2453217.42401 99.999 9.999 1.562 0.019 1.776 0.019 99.999 9.999 99.999 9.999 0.214 0.008
2453217.42438 1.410 0.019 1.561 0.019 99.999 9.999 0.151 0.009 99.999 9.999 99.999 9.999
2453217.42475 1.399 0.019 1.536 0.019 1.720 0.019 0.137 0.009 0.321 0.009 0.184 0.008
2453217.42512 1.382 0.019 1.542 0.019 1.715 0.019 0.160 0.009 0.333 0.009 0.173 0.008
2453217.42550 1.398 0.019 1.535 0.019 1.703 0.019 0.137 0.009 0.305 0.009 0.168 0.008
2453217.42587 1.362 0.018 1.497 0.018 1.694 0.018 0.135 0.009 0.332 0.009 0.197 0.008


2453217.42661 1.360 0.018 1.494 0.018 1.672 0.018 0.134 0.009 0.312 0.009 0.178 0.008
2453217.42700 1.399 0.019 1.557 0.019 1.756 0.019 0.158 0.009 0.357 0.009 0.199 0.008
2453217.42737 1.360 0.018 1.474 0.018 1.735 0.018 0.114 0.009 0.375 0.009 0.261 0.008
2453217.42774 1.408 0.019 1.583 0.019 1.760 0.019 0.175 0.009 0.352 0.009 0.177 0.008
2453217.42811 1.382 0.019 1.590 0.019 1.684 0.019 0.208 0.009 0.302 0.009 0.094 0.008
2453217.42849 1.454 0.019 1.574 0.019 1.761 0.019 0.120 0.009 0.307 0.009 0.187 0.008
2453217.42886 1.402 0.019 1.603 0.019 1.791 0.019 0.201 0.009 0.389 0.009 0.188 0.008
2453217.42923 1.442 0.019 1.553 0.019 1.741 0.019 0.111 0.009 0.299 0.009 0.188 0.008
2453217.42960 1.385 0.018 1.534 0.018 1.749 0.018 0.149 0.009 0.364 0.009 0.215 0.008


2453217.43035 1.389 0.019 1.557 0.019 1.783 0.019 0.168 0.009 0.394 0.009 0.226 0.008
2453217.43072 1.399 0.018 1.547 0.018 1.741 0.018 0.148 0.009 0.342 0.009 0.194 0.008
2453217.43109 99.999 9.999 1.553 0.019 1.773 0.019 99.999 9.999 99.999 9.999 0.220 0.008


2453217.43185 1.427 0.019 1.554 0.019 99.999 9.999 0.127 0.009 99.999 9.999 99.999 9.999
2453217.43222 1.414 0.019 1.561 0.019 1.684 0.019 0.147 0.009 0.270 0.009 0.123 0.008
2453217.43259 99.999 9.999 99.999 9.999 1.809 0.020 99.999 9.999 99.999 9.999 99.999 9.999


2453217.43334 1.363 0.018 1.537 0.018 1.734 0.018 0.174 0.009 0.371 0.009 0.197 0.008
2453217.43371 1.404 0.019 1.546 0.019 1.734 0.019 0.142 0.009 0.330 0.009 0.188 0.008
2453217.43408 1.427 0.019 1.569 0.019 1.736 0.019 0.142 0.009 0.309 0.009 0.167 0.008
2453217.43446 1.417 0.019 1.556 0.019 1.694 0.019 0.139 0.009 0.277 0.009 0.138 0.008
2453217.43483 1.421 0.019 1.565 0.019 1.742 0.019 0.144 0.009 0.321 0.009 0.177 0.008
2453217.43520 99.999 9.999 1.592 0.019 1.773 0.019 99.999 9.999 99.999 9.999 0.181 0.008
2453217.43557 1.450 0.019 1.584 0.019 1.786 0.019 0.134 0.009 0.336 0.009 0.202 0.008
2453217.43595 1.416 0.019 1.590 0.019 1.729 0.019 0.174 0.009 0.313 0.009 0.139 0.008
2453217.43633 1.338 0.018 1.514 0.018 1.753 0.018 0.176 0.009 0.415 0.009 0.239 0.008
2453217.43670 1.407 0.019 1.564 0.019 1.753 0.019 0.157 0.009 0.346 0.009 0.189 0.008
2453217.43707 1.456 0.019 1.617 0.019 1.746 0.019 0.161 0.009 0.290 0.009 0.129 0.008
2453217.43745 1.463 0.020 1.594 0.020 1.785 0.020 0.131 0.009 0.322 0.009 0.191 0.008
2453217.43782 1.446 0.020 1.601 0.020 1.787 0.020 0.155 0.009 0.341 0.009 0.186 0.008


2453217.43856 99.999 9.999 1.624 0.020 1.746 0.020 99.999 9.999 99.999 9.999 0.122 0.008
2453217.43894 1.472 0.020 1.626 0.020 1.809 0.020 0.154 0.009 0.337 0.009 0.183 0.008
2453217.43931 1.443 0.020 1.596 0.020 1.802 0.020 0.153 0.009 0.359 0.009 0.206 0.008
2453217.43968 1.449 0.020 1.601 0.020 1.717 0.020 0.152 0.009 0.268 0.009 0.116 0.008
2453217.44005 1.472 0.021 1.602 0.021 1.836 0.021 0.130 0.009 0.364 0.009 0.234 0.008
2453217.44043 99.999 9.999 1.635 0.020 1.829 0.020 99.999 9.999 99.999 9.999 0.194 0.008
2453217.44080 1.467 0.019 1.611 0.019 1.790 0.019 0.144 0.009 0.323 0.009 0.179 0.008
2453217.44117 1.432 0.019 1.576 0.019 1.764 0.019 0.144 0.009 0.332 0.009 0.188 0.008




2453217.44230 99.999 9.999 1.576 0.019 99.999 9.999 99.999 9.999 99.999 9.999 99.999 9.999
2453217.44267 1.446 0.019 1.542 0.019 1.741 0.019 0.096 0.009 0.295 0.009 0.199 0.008
2453217.44305 99.999 9.999 1.656 0.021 1.847 0.021 99.999 9.999 99.999 9.999 0.191 0.008
2453217.44342 1.515 0.020 1.658 0.020 1.798 0.020 0.143 0.009 0.283 0.009 0.140 0.008
2453217.44379 1.467 0.021 99.999 9.999 1.845 0.021 99.999 9.999 0.378 0.009 99.999 9.999


2453217.44454 1.513 0.021 1.683 0.021 1.781 0.021 0.170 0.009 0.268 0.009 0.098 0.008
2453217.44491 1.389 0.019 1.553 0.019 1.660 0.019 0.164 0.009 0.271 0.009 0.107 0.008
2453217.44528 1.414 0.020 99.999 9.999 99.999 9.999 99.999 9.999 99.999 9.999 99.999 9.999
2453217.44565 99.999 9.999 1.640 0.024 1.759 0.024 99.999 9.999 99.999 9.999 0.119 0.009
2453217.44604 1.497 0.022 1.617 0.022 1.866 0.022 0.120 0.010 0.369 0.009 0.249 0.009
2453217.44641 99.999 9.999 1.624 0.020 99.999 9.999 99.999 9.999 99.999 9.999 99.999 9.999
2453217.44678 1.449 0.020 1.609 0.020 1.843 0.020 0.160 0.009 0.394 0.009 0.234 0.008
2453217.44715 1.454 0.019 1.595 0.019 1.741 0.019 0.141 0.009 0.287 0.009 0.146 0.008


2453217.44790 1.482 0.020 1.612 0.020 1.854 0.020 0.130 0.009 0.372 0.009 0.242 0.008




2453217.44902 1.477 0.020 1.634 0.020 1.804 0.020 0.157 0.009 0.327 0.009 0.170 0.008
2453217.44939 1.520 0.021 1.668 0.021 99.999 9.999 0.148 0.009 99.999 9.999 99.999 9.999
2453217.44976 99.999 9.999 99.999 9.999 1.901 0.021 99.999 9.999 99.999 9.999 99.999 9.999
2453217.45013 1.427 0.027 1.641 0.026 1.741 0.026 0.214 0.011 0.314 0.011 0.100 0.010
2453217.45052 1.512 0.028 1.620 0.028 1.828 0.028 0.108 0.011 0.316 0.010 0.208 0.010


2453217.45126 1.531 0.057 1.719 0.057 1.698 0.057 0.188 0.020 0.167 0.021 -0.021 0.019
2453217.45164 1.644 0.116 1.860 0.115 99.999 9.999 0.216 0.035 99.999 9.999 99.999 9.999
2453217.45201 99.999 9.999 1.589 0.110 99.999 9.999 99.999 9.999 99.999 9.999 99.999 9.999


2453217.45275 99.999 9.999 1.902 0.473 99.999 9.999 99.999 9.999 99.999 9.999 99.999 9.999
2453217.45313 1.365 0.065 1.653 0.064 99.999 9.999 0.288 0.023 99.999 9.999 99.999 9.999
2453217.45350 99.999 9.999 99.999 9.999 1.929 0.023 99.999 9.999 99.999 9.999 99.999 9.999
2453217.45387 1.583 0.024 1.717 0.024 99.999 9.999 0.134 0.010 99.999 9.999 99.999 9.999
2453217.45424 99.999 9.999 1.651 0.021 99.999 9.999 99.999 9.999 99.999 9.999 99.999 9.999
2453217.45462 1.586 0.022 1.689 0.022 99.999 9.999 0.103 0.009 99.999 9.999 99.999 9.999
2453217.45499 99.999 9.999 1.736 0.023 1.892 0.023 99.999 9.999 99.999 9.999 0.156 0.008
2453217.45536 1.528 0.020 1.688 0.020 1.780 0.020 0.160 0.009 0.252 0.009 0.092 0.008
2453217.45573 1.555 0.022 1.681 0.022 99.999 9.999 0.126 0.009 99.999 9.999 99.999 9.999
2453217.45612 99.999 9.999 1.761 0.025 1.924 0.025 99.999 9.999 99.999 9.999 0.163 0.009


2453217.45686 1.399 0.070 1.703 0.070 1.866 0.069 0.304 0.023 0.467 0.020 0.163 0.018
2453217.45723 1.414 0.043 99.999 9.999 1.850 0.042 99.999 9.999 0.436 0.015 99.999 9.999




2453217.45872 1.489 0.181 1.807 0.178 2.133 0.175 0.318 0.063 0.644 0.053 0.326 0.044
2453217.45910 99.999 9.999 1.668 0.106 1.795 0.105 99.999 9.999 99.999 9.999 0.127 0.033
2453217.45947 1.600 0.021 99.999 9.999 99.999 9.999 99.999 9.999 99.999 9.999 99.999 9.999
2453217.45984 99.999 9.999 1.742 0.022 99.999 9.999 99.999 9.999 99.999 9.999 99.999 9.999




2453217.46097 99.999 9.999 1.502 0.133 1.295 0.132 99.999 9.999 99.999 9.999 -0.207 0.047


2453217.46171 1.477 0.073 1.749 0.071 1.951 0.071 0.272 0.022 0.474 0.021 0.202 0.016




2453217.46283 1.394 0.244 1.964 0.240 99.999 9.999 0.570 0.075 99.999 9.999 99.999 9.999


2453217.46358 1.543 0.036 1.720 0.035 1.656 0.036 0.177 0.014 0.113 0.017 -0.064 0.016
2453217.46694 99.999 9.999 1.820 0.032 1.467 0.033 99.999 9.999 99.999 9.999 -0.353 0.014
2453217.46806 1.520 0.128 1.805 0.128 99.999 9.999 0.285 0.040 99.999 9.999 99.999 9.999
2453217.46880 99.999 9.999 1.772 0.053 1.981 0.053 99.999 9.999 99.999 9.999 0.209 0.016


2453217.46955 1.652 0.025 1.791 0.025 2.013 0.025 0.139 0.010 0.361 0.009 0.222 0.009


2453217.47030 1.613 0.025 1.821 0.025 1.933 0.025 0.208 0.011 0.320 0.010 0.112 0.009
2453217.47068 1.631 0.027 1.745 0.027 1.964 0.027 0.114 0.011 0.333 0.010 0.219 0.009
2453217.47105 1.599 0.027 1.770 0.027 1.982 0.027 0.171 0.011 0.383 0.010 0.212 0.009
2453217.47142 1.642 0.026 1.804 0.026 1.978 0.026 0.162 0.011 0.336 0.010 0.174 0.009
2453217.47179 99.999 9.999 1.880 0.067 2.048 0.067 99.999 9.999 99.999 9.999 0.168 0.018


2453217.47254 1.718 0.028 1.839 0.028 2.005 0.028 0.121 0.011 0.287 0.010 0.166 0.009
2453217.47291 1.684 0.029 1.814 0.029 99.999 9.999 0.130 0.011 99.999 9.999 99.999 9.999


2453217.47366 1.708 0.030 1.835 0.030 2.066 0.030 0.127 0.011 0.358 0.010 0.231 0.009
2453217.47403 1.727 0.029 1.863 0.029 2.028 0.029 0.136 0.011 0.301 0.010 0.165 0.009
2453217.47440 1.675 0.029 1.843 0.029 2.070 0.029 0.168 0.011 0.395 0.010 0.227 0.009


2453217.47516 1.634 0.026 1.782 0.026 1.896 0.026 0.148 0.011 0.262 0.010 0.114 0.009
2453217.47553 99.999 9.999 1.887 0.028 2.041 0.028 99.999 9.999 99.999 9.999 0.154 0.009


2453217.47627 1.710 0.027 1.861 0.027 1.981 0.027 0.151 0.011 0.271 0.010 0.120 0.009
2453217.47665 1.634 0.028 1.771 0.028 1.999 0.028 0.137 0.011 0.365 0.010 0.228 0.009
2453217.47702 99.999 9.999 1.844 0.028 99.999 9.999 99.999 9.999 99.999 9.999 99.999 9.999
2453217.47739 1.658 0.028 1.840 0.028 1.986 0.028 0.182 0.011 0.328 0.010 0.146 0.009
2453217.47776 1.570 0.046 1.863 0.045 99.999 9.999 0.293 0.016 99.999 9.999 99.999 9.999
2453217.47814 1.714 0.031 1.885 0.031 99.999 9.999 0.171 0.011 99.999 9.999 99.999 9.999




2453217.47927 1.731 0.049 1.866 0.049 99.999 9.999 0.135 0.016 99.999 9.999 99.999 9.999
2453217.47964 1.671 0.045 1.772 0.045 1.872 0.045 0.101 0.016 0.201 0.015 0.100 0.015
2453217.48001 1.645 0.049 1.785 0.048 1.977 0.048 0.140 0.016 0.332 0.015 0.192 0.014
2453217.48038 1.753 0.054 1.752 0.055 1.823 0.055 -0.001 0.016 0.070 0.017 0.071 0.019
2453217.48113 1.937 0.291 1.786 0.293 1.868 0.291 -0.151 0.073 -0.069 0.069 0.082 0.076


2453217.48225 99.999 9.999 1.898 0.108 2.076 0.107 99.999 9.999 99.999 9.999 0.178 0.025


















2453217.48635 99.999 9.999 1.877 0.029 2.073 0.029 99.999 9.999 99.999 9.999 0.196 0.009
2453217.48673 99.999 9.999 1.954 0.026 99.999 9.999 99.999 9.999 99.999 9.999 99.999 9.999
2453217.48710 1.756 0.034 1.845 0.034 2.125 0.034 0.089 0.012 0.369 0.011 0.280 0.011
2453217.48747 1.724 0.028 1.888 0.028 2.008 0.028 0.164 0.011 0.284 0.010 0.120 0.009


2453217.48822 99.999 9.999 1.867 0.025 2.002 0.025 99.999 9.999 99.999 9.999 0.135 0.008


2453217.48896 99.999 9.999 1.979 0.027 2.195 0.027 99.999 9.999 99.999 9.999 0.216 0.008
2453217.48933 1.755 0.025 99.999 9.999 99.999 9.999 99.999 9.999 99.999 9.999 99.999 9.999
2453217.48972 1.766 0.025 1.877 0.025 2.025 0.025 0.111 0.009 0.259 0.009 0.148 0.008
2453217.49009 1.776 0.026 99.999 9.999 2.156 0.026 99.999 9.999 0.380 0.009 99.999 9.999


2453217.49083 1.765 0.025 99.999 9.999 2.105 0.025 99.999 9.999 0.340 0.009 99.999 9.999
2453217.49121 1.784 0.024 1.932 0.024 2.011 0.024 0.148 0.009 0.227 0.009 0.079 0.008
2453217.49158 99.999 9.999 99.999 9.999 2.213 0.027 99.999 9.999 99.999 9.999 99.999 9.999
2453217.49195 99.999 9.999 2.022 0.026 2.219 0.026 99.999 9.999 99.999 9.999 0.197 0.008






2453217.49344 1.745 0.025 1.937 0.025 2.190 0.025 0.192 0.009 0.445 0.009 0.253 0.008
2453217.49381 99.999 9.999 2.046 0.027 2.199 0.027 99.999 9.999 99.999 9.999 0.153 0.008
2453217.49420 1.797 0.025 1.911 0.025 2.146 0.025 0.114 0.009 0.349 0.009 0.235 0.008
2453217.49457 1.806 0.025 1.957 0.025 2.063 0.025 0.151 0.009 0.257 0.009 0.106 0.008


2453217.49531 1.837 0.026 2.022 0.026 2.186 0.026 0.185 0.009 0.349 0.009 0.164 0.008
2453217.49569 1.788 0.024 1.917 0.024 2.079 0.024 0.129 0.009 0.291 0.009 0.162 0.008
2453217.49606 1.851 0.026 1.969 0.026 2.085 0.026 0.118 0.009 0.234 0.009 0.116 0.008
2453217.49643 1.848 0.029 2.080 0.029 2.202 0.029 0.232 0.009 0.354 0.009 0.122 0.008
2453217.54510 1.665 0.023 1.828 0.023 2.000 0.023 0.163 0.009 0.335 0.009 0.172 0.008
2453217.54547 1.648 0.024 1.795 0.024 2.009 0.024 0.147 0.010 0.361 0.009 0.214 0.009
2453217.54584 1.649 0.024 1.821 0.024 2.001 0.024 0.172 0.009 0.352 0.009 0.180 0.008
2453217.54622 1.607 0.024 1.762 0.024 1.962 0.024 0.155 0.010 0.355 0.009 0.200 0.009


2453217.54696 1.642 0.024 1.853 0.024 1.982 0.024 0.211 0.009 0.340 0.009 0.129 0.008
2453217.54733 1.660 0.036 1.824 0.036 1.959 0.036 0.164 0.013 0.299 0.011 0.135 0.011
2453217.54771 1.633 0.024 1.805 0.024 1.942 0.024 0.172 0.010 0.309 0.009 0.137 0.009
2453217.54808 1.729 0.213 1.926 0.212 2.280 0.211 0.197 0.062 0.551 0.055 0.354 0.054
2453217.54845 1.591 0.124 1.810 0.122 2.091 0.122 0.219 0.039 0.500 0.037 0.281 0.031


2453217.54921 1.725 0.054 1.749 0.055 1.888 0.054 0.024 0.018 0.163 0.016 0.139 0.017
2453217.54958 1.613 0.026 1.841 0.026 2.097 0.026 0.228 0.011 0.484 0.010 0.256 0.009
2453217.54995 1.650 0.036 1.727 0.036 1.992 0.036 0.077 0.013 0.342 0.013 0.265 0.012
2453217.55033 1.566 0.035 1.781 0.035 2.036 0.035 0.215 0.013 0.470 0.012 0.255 0.011
2453217.55070 1.540 0.061 1.841 0.060 2.112 0.060 0.301 0.021 0.572 0.020 0.271 0.016
2453217.55107 1.561 0.034 1.776 0.034 1.923 0.034 0.215 0.013 0.362 0.013 0.147 0.011


2453217.55182 1.856 0.321 1.856 0.320 2.347 0.318 0.000 0.082 0.491 0.074 0.491 0.067








2453217.56078 1.349 0.039 1.536 0.039 1.456 0.039 0.187 0.017 0.107 0.018 -0.080 0.016


2453217.56189 0.713 0.099 1.909 0.089 1.786 0.089 1.196 0.051 1.073 0.052 -0.123 0.025


2453217.56377 1.265 0.040 1.635 0.039 1.809 0.038 0.370 0.018 0.544 0.017 0.174 0.015
2453217.56414 1.636 0.029 1.684 0.029 1.519 0.029 0.048 0.011 -0.117 0.012 -0.165 0.012
2453217.56451 99.999 9.999 1.446 0.057 99.999 9.999 99.999 9.999 99.999 9.999 99.999 9.999
2453217.56489 1.669 0.109 1.526 0.110 1.454 0.110 -0.143 0.038 -0.215 0.040 -0.072 0.042


2453217.56600 1.488 0.031 1.689 0.030 1.499 0.031 0.201 0.013 0.011 0.014 -0.190 0.013
2453217.56638 1.730 0.051 1.415 0.052 99.999 9.999 -0.315 0.019 99.999 9.999 99.999 9.999
2453217.56675 1.194 0.067 1.853 0.065 1.920 0.065 0.659 0.027 0.726 0.027 0.067 0.020
2453217.56712 1.517 0.022 1.679 0.022 1.917 0.022 0.162 0.010 0.400 0.009 0.238 0.009
2453217.56749 1.464 0.020 1.569 0.020 1.729 0.020 0.105 0.010 0.265 0.009 0.160 0.009
2453217.56788 1.405 0.020 1.587 0.020 1.831 0.020 0.182 0.010 0.426 0.009 0.244 0.009
2453217.56825 1.468 0.021 1.680 0.021 1.852 0.021 0.212 0.009 0.384 0.009 0.172 0.008
2453217.56862 1.508 0.021 1.671 0.021 1.820 0.021 0.163 0.010 0.312 0.009 0.149 0.009
2453217.56899 1.394 0.020 1.555 0.020 1.801 0.020 0.161 0.010 0.407 0.009 0.246 0.009


2453217.56974 1.463 0.022 1.700 0.022 1.910 0.022 0.237 0.010 0.447 0.010 0.210 0.008
2453217.57011 1.427 0.020 1.636 0.020 1.758 0.020 0.209 0.009 0.331 0.009 0.122 0.008
2453217.57048 1.387 0.020 1.515 0.020 1.814 0.020 0.128 0.010 0.427 0.009 0.299 0.009
2453217.57086 1.462 0.020 1.639 0.020 1.788 0.020 0.177 0.009 0.326 0.009 0.149 0.008
2453217.57123 1.384 0.022 99.999 9.999 1.859 0.021 99.999 9.999 0.475 0.010 99.999 9.999
2453217.57160 1.506 0.021 1.742 0.021 1.865 0.021 0.236 0.009 0.359 0.009 0.123 0.008
2453217.57197 1.483 0.020 1.630 0.020 1.741 0.020 0.147 0.009 0.258 0.009 0.111 0.008
2453217.57236 1.498 0.022 1.734 0.022 1.908 0.022 0.236 0.009 0.410 0.009 0.174 0.008
2453217.57273 1.455 0.021 1.568 0.021 1.841 0.021 0.113 0.010 0.386 0.009 0.273 0.009


2453217.57347 1.427 0.021 1.646 0.021 1.793 0.021 0.219 0.009 0.366 0.009 0.147 0.008
2453217.57385 1.451 0.021 1.597 0.021 1.829 0.021 0.146 0.010 0.378 0.009 0.232 0.009
2453217.57422 1.456 0.020 1.578 0.020 1.687 0.020 0.122 0.010 0.231 0.009 0.109 0.009
2453217.57459 1.395 0.020 1.565 0.020 1.791 0.020 0.170 0.010 0.396 0.009 0.226 0.009
2453217.57496 1.411 0.022 1.627 0.021 1.803 0.021 0.216 0.011 0.392 0.010 0.176 0.009
2453217.57534 1.436 0.020 1.567 0.020 1.732 0.020 0.131 0.010 0.296 0.009 0.165 0.009
2453217.57571 1.382 0.020 1.617 0.020 1.713 0.020 0.235 0.009 0.331 0.009 0.096 0.008


2453217.57645 1.388 0.021 1.590 0.020 1.823 0.020 0.202 0.011 0.435 0.010 0.233 0.009
2453217.57683 1.417 0.020 1.574 0.020 1.706 0.020 0.157 0.010 0.289 0.009 0.132 0.009
2453217.57720 1.389 0.020 1.530 0.020 1.701 0.020 0.141 0.010 0.312 0.009 0.171 0.009
2453217.57758 1.482 0.022 1.643 0.022 1.792 0.022 0.161 0.010 0.310 0.009 0.149 0.009
2453217.57795 1.374 0.021 1.586 0.020 1.790 0.020 0.212 0.011 0.416 0.010 0.204 0.009
2453217.57833 1.353 0.020 1.535 0.020 1.660 0.020 0.182 0.010 0.307 0.009 0.125 0.009
2453217.57870 1.320 0.021 1.495 0.020 1.716 0.020 0.175 0.011 0.396 0.010 0.221 0.009
2453217.57907 1.366 0.021 1.474 0.020 1.766 0.020 0.108 0.011 0.400 0.010 0.292 0.009
2453217.57945 1.419 0.021 1.573 0.021 1.701 0.021 0.154 0.010 0.282 0.009 0.128 0.009
2453217.57982 1.368 0.019 1.531 0.019 1.661 0.019 0.163 0.010 0.293 0.009 0.130 0.009
2453217.58019 1.347 0.020 1.532 0.020 1.623 0.020 0.185 0.010 0.276 0.009 0.091 0.009
2453217.58056 1.294 0.021 1.423 0.020 1.687 0.020 0.129 0.011 0.393 0.010 0.264 0.009
2453217.58094 99.999 9.999 1.508 0.020 1.613 0.020 99.999 9.999 99.999 9.999 0.105 0.009
2453217.58131 99.999 9.999 1.649 0.022 1.782 0.022 99.999 9.999 99.999 9.999 0.133 0.009
2453217.58168 1.363 0.020 1.508 0.020 99.999 9.999 0.145 0.010 99.999 9.999 99.999 9.999
2453217.58205 1.395 0.022 99.999 9.999 1.782 0.021 99.999 9.999 0.387 0.010 99.999 9.999
2453217.58244 99.999 9.999 1.603 0.021 1.780 0.021 99.999 9.999 99.999 9.999 0.177 0.009
2453217.58281 1.364 0.021 1.464 0.020 1.667 0.020 0.100 0.011 0.303 0.010 0.203 0.009
2453217.58318 1.349 0.021 1.491 0.020 1.643 0.020 0.142 0.011 0.294 0.010 0.152 0.009
2453217.58355 1.314 0.020 1.408 0.019 1.654 0.019 0.094 0.011 0.340 0.010 0.246 0.009
2453217.58393 1.288 0.022 1.510 0.021 1.737 0.021 0.222 0.011 0.449 0.010 0.227 0.009
2453217.58430 1.275 0.020 1.421 0.019 1.603 0.019 0.146 0.011 0.328 0.010 0.182 0.009
2453217.58467 1.364 0.022 1.580 0.021 1.677 0.021 0.216 0.011 0.313 0.010 0.097 0.009
2453217.58504 1.340 0.021 1.509 0.020 1.679 0.020 0.169 0.011 0.339 0.010 0.170 0.009
2453217.58542 1.228 0.020 1.408 0.019 1.605 0.019 0.180 0.011 0.377 0.010 0.197 0.009
2453217.58579 1.280 0.022 1.479 0.021 1.678 0.021 0.199 0.011 0.398 0.010 0.199 0.009
2453217.58616 1.319 0.021 1.466 0.020 1.657 0.020 0.147 0.011 0.338 0.010 0.191 0.009
2453217.58653 1.328 0.021 1.461 0.020 1.572 0.020 0.133 0.011 0.244 0.011 0.111 0.010
2453217.58692 1.306 0.021 1.457 0.020 1.616 0.020 0.151 0.011 0.310 0.010 0.159 0.009
2453217.58729 1.278 0.022 1.423 0.021 1.663 0.021 0.145 0.011 0.385 0.010 0.240 0.009
2453217.58766 1.314 0.022 1.533 0.022 1.724 0.022 0.219 0.011 0.410 0.010 0.191 0.009
2453217.58803 1.311 0.022 1.432 0.022 1.656 0.022 0.121 0.011 0.345 0.010 0.224 0.009
2453217.58841 1.291 0.021 1.480 0.020 1.578 0.020 0.189 0.011 0.287 0.011 0.098 0.010
2453217.58878 1.306 0.022 1.461 0.021 1.621 0.021 0.155 0.011 0.315 0.010 0.160 0.009
2453217.58915 1.258 0.022 1.498 0.022 1.711 0.022 0.240 0.011 0.453 0.010 0.213 0.009
2453217.58952 1.274 0.023 1.467 0.022 1.694 0.022 0.193 0.011 0.420 0.011 0.227 0.009
2453217.58990 1.273 0.022 1.415 0.022 1.655 0.022 0.142 0.011 0.382 0.010 0.240 0.009
2453217.59027 1.295 0.022 1.458 0.022 1.602 0.022 0.163 0.011 0.307 0.011 0.144 0.010
2453217.59064 1.277 0.023 1.437 0.023 1.594 0.023 0.160 0.011 0.317 0.011 0.157 0.010
2453217.59101 1.247 0.025 1.511 0.024 1.693 0.024 0.264 0.011 0.446 0.011 0.182 0.010
2453217.59139 1.332 0.022 1.448 0.022 1.627 0.022 0.116 0.011 0.295 0.011 0.179 0.010
2453217.59177 1.285 0.024 1.464 0.023 1.635 0.023 0.179 0.012 0.350 0.011 0.171 0.011
2453217.59214 1.216 0.024 1.359 0.023 1.572 0.023 0.143 0.012 0.356 0.011 0.213 0.011
2453217.59251 1.280 0.025 1.510 0.024 1.742 0.024 0.230 0.011 0.462 0.011 0.232 0.010
2453217.59289 1.166 0.024 1.340 0.023 1.580 0.023 0.174 0.012 0.414 0.011 0.240 0.011
2453217.59326 1.305 0.024 1.415 0.024 1.595 0.024 0.110 0.011 0.290 0.011 0.180 0.011
2453217.59363 1.313 0.025 1.479 0.024 1.577 0.024 0.166 0.012 0.264 0.011 0.098 0.011
2453217.59400 1.253 0.026 1.448 0.025 1.620 0.025 0.195 0.012 0.367 0.011 0.172 0.011
2453217.59438 1.242 0.027 1.426 0.026 1.645 0.026 0.184 0.013 0.403 0.012 0.219 0.011
2453217.59475 1.262 0.027 1.508 0.026 1.608 0.026 0.246 0.013 0.346 0.013 0.100 0.011
2453217.59512 1.255 0.028 1.521 0.027 1.699 0.027 0.266 0.013 0.444 0.012 0.178 0.011
2453217.59549 1.288 0.028 1.466 0.027 1.558 0.027 0.178 0.012 0.270 0.012 0.092 0.011
2453217.59587 1.237 0.028 1.395 0.028 1.554 0.027 0.158 0.013 0.317 0.013 0.159 0.012
2453217.59624 1.261 0.032 1.454 0.031 1.654 0.031 0.193 0.014 0.393 0.014 0.200 0.012
2453217.59661 1.273 0.030 1.419 0.029 1.603 0.029 0.146 0.013 0.330 0.013 0.184 0.012
2453217.59700 1.270 0.032 1.457 0.031 1.570 0.031 0.187 0.014 0.300 0.014 0.113 0.012
2453217.59737 1.294 0.033 1.454 0.033 1.571 0.032 0.160 0.015 0.277 0.014 0.117 0.013
2453217.59774 1.251 0.032 1.349 0.032 1.596 0.031 0.098 0.015 0.345 0.014 0.247 0.013
2453217.59811 1.246 0.036 1.515 0.035 1.639 0.035 0.269 0.016 0.393 0.015 0.124 0.013
2453217.59849 1.306 0.036 1.457 0.035 1.676 0.035 0.151 0.016 0.370 0.015 0.219 0.013
2453217.59886 1.304 0.035 1.455 0.034 1.613 0.034 0.151 0.015 0.309 0.014 0.158 0.013
2453217.59923 1.211 0.036 1.484 0.035 1.677 0.035 0.273 0.016 0.466 0.016 0.193 0.013
2453217.59960 1.311 0.036 1.438 0.035 1.589 0.035 0.127 0.016 0.278 0.015 0.151 0.013
2453217.59998 1.174 0.038 1.449 0.037 1.582 0.037 0.275 0.016 0.408 0.016 0.133 0.014
2453217.60035 1.146 0.043 1.431 0.042 1.703 0.041 0.285 0.019 0.557 0.017 0.272 0.015
2453217.60072 1.190 0.040 1.431 0.039 1.592 0.038 0.241 0.018 0.402 0.017 0.161 0.015
2453217.60109 1.252 0.042 1.444 0.041 1.643 0.041 0.192 0.017 0.391 0.016 0.199 0.015
2453217.60148 1.225 0.040 1.413 0.040 1.582 0.039 0.188 0.017 0.357 0.016 0.169 0.015


2453217.60222 1.151 0.040 1.361 0.039 1.517 0.039 0.210 0.018 0.366 0.018 0.156 0.016
2453217.60259 1.205 0.045 1.414 0.044 1.664 0.043 0.209 0.020 0.459 0.018 0.250 0.016
2453217.60297 1.210 0.044 1.416 0.044 1.495 0.043 0.206 0.018 0.285 0.018 0.079 0.016


2453217.60371 1.233 0.049 1.404 0.048 1.631 0.047 0.171 0.021 0.398 0.019 0.227 0.018
2453217.60408 1.267 0.051 1.442 0.051 1.611 0.050 0.175 0.021 0.344 0.019 0.169 0.018
