JD V-C s1 V-C1 s2 V-C2 s3 C-C1 s4 C-C2 s5 C1-C2 s6
Aperture: 2.00, Filter: 15.00
2453241.31589 -0.175 0.005 -0.012 0.004 0.181 0.004 0.163 0.005 0.356 0.005 0.193 0.004
2453241.31626 -0.204 0.005 0.010 0.004 0.186 0.004 0.214 0.005 0.390 0.005 0.176 0.004


2453241.31701 99.999 9.999 -0.048 0.004 0.117 0.004 99.999 9.999 99.999 9.999 0.165 0.004
2453241.31738 -0.196 0.005 0.032 0.004 0.149 0.004 0.228 0.005 0.345 0.005 0.117 0.004
2453241.31775 -0.194 0.005 99.999 9.999 0.182 0.004 99.999 9.999 0.376 0.005 99.999 9.999
2453241.31813 99.999 9.999 -0.037 0.004 0.136 0.004 99.999 9.999 99.999 9.999 0.173 0.004




2453241.31924 -0.193 0.005 0.046 0.004 0.224 0.004 0.239 0.005 0.417 0.005 0.178 0.004
2453241.31962 -0.172 0.005 -0.023 0.004 99.999 9.999 0.149 0.005 99.999 9.999 99.999 9.999
2453241.31999 -0.174 0.005 99.999 9.999 0.199 0.004 99.999 9.999 0.373 0.005 99.999 9.999
2453241.32036 -0.203 0.005 0.061 0.004 0.246 0.004 0.264 0.005 0.449 0.005 0.185 0.004
2453241.32073 99.999 9.999 -0.007 0.004 99.999 9.999 99.999 9.999 99.999 9.999 99.999 9.999
2453241.32112 99.999 9.999 -0.032 0.004 0.139 0.004 99.999 9.999 99.999 9.999 0.171 0.004
2453241.32149 -0.173 0.005 0.022 0.004 0.176 0.004 0.195 0.005 0.349 0.005 0.154 0.004
2453241.32186 -0.183 0.005 -0.064 0.004 99.999 9.999 0.119 0.005 99.999 9.999 99.999 9.999
2453241.32223 99.999 9.999 -0.053 0.004 0.113 0.004 99.999 9.999 99.999 9.999 0.166 0.004
2453241.32261 -0.198 0.005 0.035 0.004 0.228 0.004 0.233 0.005 0.426 0.005 0.193 0.004
2453241.32298 -0.180 0.005 0.026 0.004 99.999 9.999 0.206 0.005 99.999 9.999 99.999 9.999


2453241.32372 -0.208 0.005 0.067 0.004 0.242 0.004 0.275 0.005 0.450 0.005 0.175 0.004


2453241.32447 -0.199 0.005 99.999 9.999 0.219 0.004 99.999 9.999 0.418 0.005 99.999 9.999
2453241.32484 -0.206 0.005 0.022 0.004 0.212 0.004 0.228 0.005 0.418 0.005 0.190 0.004
2453241.32521 -0.186 0.005 99.999 9.999 99.999 9.999 99.999 9.999 99.999 9.999 99.999 9.999
2453241.32560 -0.151 0.005 99.999 9.999 0.205 0.004 99.999 9.999 0.356 0.005 99.999 9.999
2453241.32597 -0.214 0.005 0.006 0.004 0.189 0.004 0.220 0.005 0.403 0.005 0.183 0.004




2453241.32709 -0.203 0.005 -0.072 0.004 0.103 0.004 0.131 0.005 0.306 0.005 0.175 0.004
2453241.32746 -0.194 0.005 -0.097 0.004 0.073 0.004 0.097 0.005 0.267 0.005 0.170 0.004
2453241.32783 -0.173 0.005 99.999 9.999 0.151 0.004 99.999 9.999 0.324 0.005 99.999 9.999
2453241.32820 -0.160 0.005 -0.033 0.004 99.999 9.999 0.127 0.005 99.999 9.999 99.999 9.999


2453241.32895 99.999 9.999 99.999 9.999 0.241 0.004 99.999 9.999 99.999 9.999 99.999 9.999




2453241.33008 99.999 9.999 -0.068 0.004 0.108 0.004 99.999 9.999 99.999 9.999 0.176 0.004
2453241.33045 -0.183 0.005 -0.028 0.004 99.999 9.999 0.155 0.005 99.999 9.999 99.999 9.999
2453241.33082 -0.193 0.005 99.999 9.999 0.149 0.004 99.999 9.999 0.342 0.005 99.999 9.999
2453241.33119 99.999 9.999 -0.064 0.004 0.100 0.004 99.999 9.999 99.999 9.999 0.164 0.004


2453241.33194 -0.170 0.005 99.999 9.999 0.169 0.004 99.999 9.999 0.339 0.005 99.999 9.999
2453241.33231 -0.162 0.005 -0.075 0.004 0.107 0.004 0.087 0.005 0.269 0.005 0.182 0.004
2453241.33269 -0.168 0.005 99.999 9.999 99.999 9.999 99.999 9.999 99.999 9.999 99.999 9.999


2453241.33343 -0.210 0.005 0.075 0.004 0.199 0.004 0.285 0.005 0.409 0.005 0.124 0.004


2453241.33418 99.999 9.999 -0.099 0.004 0.078 0.004 99.999 9.999 99.999 9.999 0.177 0.004
2453241.33455 -0.194 0.005 -0.073 0.004 0.100 0.004 0.121 0.005 0.294 0.005 0.173 0.004
2453241.33492 -0.199 0.005 -0.079 0.004 0.111 0.004 0.120 0.005 0.310 0.005 0.190 0.004
2453241.33530 -0.196 0.005 99.999 9.999 0.257 0.004 99.999 9.999 0.453 0.005 99.999 9.999
2453241.33568 -0.177 0.005 0.078 0.004 99.999 9.999 0.255 0.005 99.999 9.999 99.999 9.999


2453241.33642 99.999 9.999 -0.047 0.004 0.132 0.004 99.999 9.999 99.999 9.999 0.179 0.004
2453241.33679 -0.200 0.005 -0.092 0.004 0.086 0.004 0.108 0.005 0.286 0.005 0.178 0.004
2453241.33717 -0.176 0.005 99.999 9.999 0.202 0.004 99.999 9.999 0.378 0.005 99.999 9.999
2453241.33754 -0.217 0.005 0.059 0.004 0.233 0.004 0.276 0.005 0.450 0.005 0.174 0.004




2453241.33866 99.999 9.999 -0.110 0.004 0.077 0.004 99.999 9.999 99.999 9.999 0.187 0.004




2453241.33977 -0.172 0.005 -0.061 0.004 99.999 9.999 0.111 0.005 99.999 9.999 99.999 9.999


2453241.34053 -0.188 0.005 99.999 9.999 0.235 0.004 99.999 9.999 0.423 0.005 99.999 9.999
2453241.34090 -0.188 0.005 -0.020 0.004 99.999 9.999 0.168 0.005 99.999 9.999 99.999 9.999


2453241.34165 99.999 9.999 -0.043 0.004 0.133 0.004 99.999 9.999 99.999 9.999 0.176 0.004
2453241.34202 -0.173 0.005 99.999 9.999 0.100 0.004 99.999 9.999 0.273 0.005 99.999 9.999
2453241.34239 99.999 9.999 -0.017 0.004 0.152 0.004 99.999 9.999 99.999 9.999 0.169 0.004




2453241.34351 99.999 9.999 0.019 0.004 0.195 0.004 99.999 9.999 99.999 9.999 0.176 0.004
2453241.34388 -0.166 0.005 -0.021 0.004 99.999 9.999 0.145 0.005 99.999 9.999 99.999 9.999
2453241.34425 -0.177 0.005 99.999 9.999 0.180 0.004 99.999 9.999 0.357 0.005 99.999 9.999
2453241.34464 -0.203 0.005 99.999 9.999 0.233 0.004 99.999 9.999 0.436 0.005 99.999 9.999
2453241.34501 -0.199 0.005 -0.075 0.004 0.108 0.004 0.124 0.005 0.307 0.005 0.183 0.004


2453241.34575 -0.197 0.005 0.064 0.004 0.125 0.004 0.261 0.005 0.322 0.005 0.061 0.004
2453241.34613 -0.190 0.005 99.999 9.999 99.999 9.999 99.999 9.999 99.999 9.999 99.999 9.999
2453241.34650 -0.181 0.005 99.999 9.999 0.225 0.004 99.999 9.999 0.406 0.005 99.999 9.999
2453241.34687 -0.191 0.004 -0.069 0.004 0.104 0.004 0.122 0.004 0.295 0.004 0.173 0.004


2453241.34762 99.999 9.999 -0.094 0.004 0.090 0.004 99.999 9.999 99.999 9.999 0.184 0.004
2453241.34799 -0.167 0.005 -0.080 0.004 99.999 9.999 0.087 0.005 99.999 9.999 99.999 9.999
2453241.34836 -0.183 0.005 -0.069 0.004 0.099 0.004 0.114 0.005 0.282 0.005 0.168 0.004
2453241.34873 99.999 9.999 -0.050 0.004 0.126 0.004 99.999 9.999 99.999 9.999 0.176 0.004
2453241.34911 -0.194 0.005 -0.009 0.004 99.999 9.999 0.185 0.005 99.999 9.999 99.999 9.999
2453241.34948 99.999 9.999 -0.075 0.004 0.101 0.004 99.999 9.999 99.999 9.999 0.176 0.004
2453241.34986 99.999 9.999 -0.087 0.004 0.091 0.004 99.999 9.999 99.999 9.999 0.178 0.004


2453241.35061 -0.179 0.005 99.999 9.999 0.220 0.004 99.999 9.999 0.399 0.005 99.999 9.999
2453241.35098 99.999 9.999 -0.028 0.004 0.149 0.004 99.999 9.999 99.999 9.999 0.177 0.004


2453241.35172 99.999 9.999 -0.070 0.004 0.099 0.004 99.999 9.999 99.999 9.999 0.169 0.004
2453241.35210 -0.199 0.005 -0.024 0.004 0.091 0.004 0.175 0.005 0.290 0.005 0.115 0.004
2453241.35247 -0.187 0.005 99.999 9.999 0.139 0.004 99.999 9.999 0.326 0.005 99.999 9.999
2453241.35284 99.999 9.999 -0.055 0.004 0.108 0.004 99.999 9.999 99.999 9.999 0.163 0.004
2453241.35321 -0.195 0.004 -0.092 0.004 0.089 0.004 0.103 0.004 0.284 0.004 0.181 0.004
2453241.35359 -0.171 0.005 99.999 9.999 0.158 0.004 99.999 9.999 0.329 0.005 99.999 9.999
2453241.35396 -0.165 0.005 -0.030 0.004 0.148 0.004 0.135 0.005 0.313 0.005 0.178 0.004




2453241.35509 -0.178 0.005 -0.088 0.004 0.096 0.004 0.090 0.005 0.274 0.005 0.184 0.004




2453241.35620 -0.159 0.005 -0.046 0.004 99.999 9.999 0.113 0.005 99.999 9.999 99.999 9.999
2453241.35658 -0.190 0.004 -0.106 0.004 0.082 0.004 0.084 0.004 0.272 0.004 0.188 0.004
2453241.35695 -0.169 0.005 99.999 9.999 0.165 0.004 99.999 9.999 0.334 0.005 99.999 9.999
2453241.35732 -0.197 0.005 -0.072 0.004 0.120 0.004 0.125 0.005 0.317 0.005 0.192 0.004


2453241.35807 99.999 9.999 -0.055 0.004 0.132 0.004 99.999 9.999 99.999 9.999 0.187 0.004
2453241.35844 -0.172 0.005 -0.059 0.004 99.999 9.999 0.113 0.005 99.999 9.999 99.999 9.999


2453241.35918 99.999 9.999 -0.071 0.004 0.107 0.004 99.999 9.999 99.999 9.999 0.178 0.004
2453241.35957 -0.217 0.005 99.999 9.999 99.999 9.999 99.999 9.999 99.999 9.999 99.999 9.999
2453241.35994 -0.172 0.005 99.999 9.999 0.203 0.004 99.999 9.999 0.375 0.005 99.999 9.999
2453241.36031 -0.191 0.005 0.027 0.004 0.148 0.004 0.218 0.005 0.339 0.005 0.121 0.004
2453241.36068 -0.198 0.005 -0.075 0.004 0.118 0.004 0.123 0.005 0.316 0.005 0.193 0.004


2453241.36143 -0.174 0.005 -0.021 0.004 99.999 9.999 0.153 0.005 99.999 9.999 99.999 9.999


2453241.36217 99.999 9.999 99.999 9.999 0.223 0.004 99.999 9.999 99.999 9.999 99.999 9.999
2453241.36255 -0.227 0.005 -0.002 0.004 0.181 0.004 0.225 0.005 0.408 0.005 0.183 0.004


2453241.36329 99.999 9.999 0.021 0.004 0.198 0.004 99.999 9.999 99.999 9.999 0.177 0.004


2453241.36405 -0.173 0.005 99.999 9.999 0.116 0.004 99.999 9.999 0.289 0.005 99.999 9.999
2453241.36442 -0.204 0.005 -0.066 0.004 0.105 0.004 0.138 0.005 0.309 0.005 0.171 0.004
2453241.36479 99.999 9.999 99.999 9.999 99.999 9.999 99.999 9.999 99.999 9.999 99.999 9.999
2453241.36516 -0.175 0.005 99.999 9.999 0.208 0.004 99.999 9.999 0.383 0.005 99.999 9.999
2453241.36554 -0.206 0.005 0.052 0.004 0.163 0.004 0.258 0.005 0.369 0.005 0.111 0.004


2453241.36628 99.999 9.999 0.033 0.004 0.193 0.004 99.999 9.999 99.999 9.999 0.160 0.004


2453241.36703 -0.200 0.005 0.062 0.004 0.207 0.004 0.262 0.005 0.407 0.005 0.145 0.004


2453241.36777 -0.192 0.005 99.999 9.999 0.234 0.004 99.999 9.999 0.426 0.005 99.999 9.999
2453241.36814 99.999 9.999 -0.068 0.004 0.130 0.004 99.999 9.999 99.999 9.999 0.198 0.004


2453241.36889 99.999 9.999 -0.089 0.004 0.086 0.004 99.999 9.999 99.999 9.999 0.175 0.004
2453241.36927 -0.228 0.005 0.021 0.004 0.147 0.004 0.249 0.005 0.375 0.005 0.126 0.004


2453241.37002 99.999 9.999 -0.074 0.004 0.110 0.004 99.999 9.999 99.999 9.999 0.184 0.004




2453241.37113 -0.226 0.005 0.020 0.004 0.201 0.004 0.246 0.005 0.427 0.005 0.181 0.004
2453241.37151 -0.179 0.005 99.999 9.999 99.999 9.999 99.999 9.999 99.999 9.999 99.999 9.999
2453241.37188 -0.203 0.005 99.999 9.999 0.244 0.004 99.999 9.999 0.447 0.005 99.999 9.999
2453241.37225 -0.213 0.005 0.061 0.004 0.157 0.004 0.274 0.005 0.370 0.005 0.096 0.004
2453241.37262 -0.187 0.005 99.999 9.999 99.999 9.999 99.999 9.999 99.999 9.999 99.999 9.999
2453241.37300 -0.183 0.005 -0.035 0.004 0.154 0.004 0.148 0.005 0.337 0.005 0.189 0.004


2453241.37374 -0.157 0.005 99.999 9.999 0.143 0.004 99.999 9.999 0.300 0.005 99.999 9.999
2453241.37411 -0.177 0.005 -0.070 0.004 0.112 0.004 0.107 0.005 0.289 0.005 0.182 0.004


2453241.37487 -0.193 0.005 99.999 9.999 0.202 0.004 99.999 9.999 0.395 0.005 99.999 9.999
2453241.37524 -0.230 0.005 0.026 0.004 0.202 0.004 0.256 0.005 0.432 0.005 0.176 0.004


2453241.37599 99.999 9.999 -0.041 0.004 0.152 0.004 99.999 9.999 99.999 9.999 0.193 0.004
2453241.37636 -0.193 0.005 -0.050 0.004 0.141 0.004 0.143 0.005 0.334 0.005 0.191 0.004
2453241.37673 -0.173 0.005 99.999 9.999 0.124 0.004 99.999 9.999 0.297 0.005 99.999 9.999
2453241.37710 99.999 9.999 -0.065 0.004 0.119 0.004 99.999 9.999 99.999 9.999 0.184 0.004


2453241.37785 -0.174 0.005 99.999 9.999 0.216 0.004 99.999 9.999 0.390 0.005 99.999 9.999
2453241.37822 -0.178 0.005 0.010 0.004 99.999 9.999 0.188 0.005 99.999 9.999 99.999 9.999


2453241.37898 99.999 9.999 -0.056 0.004 0.126 0.004 99.999 9.999 99.999 9.999 0.182 0.004
2453241.37935 -0.184 0.005 0.004 0.004 99.999 9.999 0.188 0.005 99.999 9.999 99.999 9.999


2453241.38009 -0.213 0.005 0.002 0.004 0.184 0.004 0.215 0.005 0.397 0.005 0.182 0.004


2453241.38084 -0.181 0.005 99.999 9.999 0.246 0.004 99.999 9.999 0.427 0.005 99.999 9.999


2453241.38159 -0.201 0.005 99.999 9.999 0.197 0.004 99.999 9.999 0.398 0.005 99.999 9.999
2453241.38196 -0.171 0.005 -0.065 0.004 0.125 0.004 0.106 0.005 0.296 0.005 0.190 0.004
2453241.38233 -0.157 0.005 0.032 0.004 99.999 9.999 0.189 0.005 99.999 9.999 99.999 9.999


2453241.38308 -0.168 0.005 0.019 0.004 0.198 0.004 0.187 0.005 0.366 0.005 0.179 0.004
2453241.38345 -0.167 0.005 -0.001 0.004 99.999 9.999 0.166 0.005 99.999 9.999 99.999 9.999
2453241.38383 99.999 9.999 0.026 0.004 0.206 0.004 99.999 9.999 99.999 9.999 0.180 0.004
2453241.38420 -0.206 0.005 0.033 0.004 0.190 0.004 0.239 0.005 0.396 0.005 0.157 0.004


2453241.38495 -0.167 0.005 0.012 0.004 0.184 0.004 0.179 0.005 0.351 0.005 0.172 0.004
2453241.38532 -0.194 0.005 -0.052 0.004 0.139 0.004 0.142 0.005 0.333 0.005 0.191 0.004
2453241.38569 -0.178 0.005 99.999 9.999 0.147 0.004 99.999 9.999 0.325 0.005 99.999 9.999
2453241.38607 -0.152 0.005 0.040 0.004 0.218 0.004 0.192 0.005 0.370 0.005 0.178 0.004
2453241.38644 -0.196 0.005 0.026 0.004 0.206 0.004 0.222 0.005 0.402 0.005 0.180 0.004


2453241.38718 99.999 9.999 -0.039 0.004 0.140 0.004 99.999 9.999 99.999 9.999 0.179 0.004
2453241.38756 -0.222 0.005 0.003 0.004 0.184 0.004 0.225 0.005 0.406 0.005 0.181 0.004


2453241.38830 99.999 9.999 -0.040 0.004 0.135 0.004 99.999 9.999 99.999 9.999 0.175 0.004


2453241.38906 -0.154 0.005 99.999 9.999 0.151 0.004 99.999 9.999 0.305 0.005 99.999 9.999
2453241.38943 -0.156 0.005 -0.005 0.004 0.179 0.004 0.151 0.005 0.335 0.005 0.184 0.004
2453241.38980 99.999 9.999 0.049 0.004 99.999 9.999 99.999 9.999 99.999 9.999 99.999 9.999
2453241.39017 -0.174 0.005 99.999 9.999 0.223 0.004 99.999 9.999 0.397 0.005 99.999 9.999
2453241.39055 -0.189 0.005 0.073 0.004 0.223 0.004 0.262 0.005 0.412 0.005 0.150 0.004
2453241.39092 -0.139 0.005 99.999 9.999 99.999 9.999 99.999 9.999 99.999 9.999 99.999 9.999
2453241.39129 -0.153 0.005 -0.010 0.004 0.154 0.004 0.143 0.005 0.307 0.005 0.164 0.004
2453241.39166 -0.181 0.005 0.039 0.004 99.999 9.999 0.220 0.005 99.999 9.999 99.999 9.999
2453241.39204 -0.158 0.005 99.999 9.999 0.162 0.004 99.999 9.999 0.320 0.005 99.999 9.999
2453241.39241 99.999 9.999 0.029 0.004 0.206 0.004 99.999 9.999 99.999 9.999 0.177 0.004




2453241.39354 -0.168 0.005 99.999 9.999 0.203 0.004 99.999 9.999 0.371 0.005 99.999 9.999
2453241.39391 -0.157 0.005 0.006 0.004 99.999 9.999 0.163 0.005 99.999 9.999 99.999 9.999


2453241.39465 99.999 9.999 0.054 0.004 0.240 0.004 99.999 9.999 99.999 9.999 0.186 0.004


2453241.39540 -0.168 0.005 99.999 9.999 0.237 0.004 99.999 9.999 0.405 0.005 99.999 9.999
2453241.39577 -0.135 0.005 -0.017 0.004 0.162 0.004 0.118 0.005 0.297 0.005 0.179 0.004
2453241.39614 -0.149 0.005 99.999 9.999 99.999 9.999 99.999 9.999 99.999 9.999 99.999 9.999
2453241.39652 99.999 9.999 99.999 9.999 0.244 0.004 99.999 9.999 99.999 9.999 99.999 9.999
2453241.39689 -0.155 0.005 0.070 0.004 0.193 0.004 0.225 0.005 0.348 0.005 0.123 0.004
2453241.39726 -0.162 0.005 99.999 9.999 0.187 0.004 99.999 9.999 0.349 0.005 99.999 9.999
2453241.39763 99.999 9.999 -0.017 0.004 99.999 9.999 99.999 9.999 99.999 9.999 99.999 9.999




2453241.39876 -0.164 0.005 0.049 0.004 0.228 0.004 0.213 0.005 0.392 0.005 0.179 0.004
2453241.39913 -0.135 0.005 0.025 0.004 99.999 9.999 0.160 0.005 99.999 9.999 99.999 9.999
2453241.39951 -0.179 0.005 99.999 9.999 0.255 0.004 99.999 9.999 0.434 0.005 99.999 9.999
2453241.39988 -0.195 0.005 0.014 0.004 0.204 0.004 0.209 0.005 0.399 0.005 0.190 0.004


2453241.40062 99.999 9.999 0.008 0.004 0.187 0.004 99.999 9.999 99.999 9.999 0.179 0.004
2453241.40100 -0.147 0.005 -0.022 0.004 0.157 0.004 0.125 0.005 0.304 0.005 0.179 0.004


2453241.40174 99.999 9.999 0.008 0.004 0.188 0.004 99.999 9.999 99.999 9.999 0.180 0.004
2453241.40211 -0.149 0.005 0.019 0.004 99.999 9.999 0.168 0.005 99.999 9.999 99.999 9.999
2453241.40249 -0.147 0.005 -0.027 0.004 0.146 0.004 0.120 0.005 0.293 0.005 0.173 0.004
2453241.40286 -0.139 0.005 0.080 0.004 0.241 0.004 0.219 0.005 0.380 0.005 0.161 0.004




2453241.40399 -0.170 0.005 0.006 0.004 0.193 0.004 0.176 0.005 0.363 0.005 0.187 0.004


2453241.40473 99.999 9.999 99.999 9.999 0.259 0.004 99.999 9.999 99.999 9.999 99.999 9.999
2453241.40510 -0.180 0.005 0.079 0.004 0.222 0.004 0.259 0.005 0.402 0.005 0.143 0.004


2453241.40585 -0.160 0.005 99.999 9.999 0.242 0.004 99.999 9.999 0.402 0.005 99.999 9.999
2453241.40622 -0.183 0.005 -0.034 0.004 0.151 0.004 0.149 0.005 0.334 0.005 0.185 0.004
2453241.40659 -0.154 0.005 -0.032 0.004 0.148 0.004 0.122 0.005 0.302 0.005 0.180 0.004
2453241.40697 -0.136 0.005 0.008 0.004 0.177 0.004 0.144 0.005 0.313 0.005 0.169 0.004


2453241.40771 -0.142 0.005 99.999 9.999 99.999 9.999 99.999 9.999 99.999 9.999 99.999 9.999
2453241.40808 99.999 9.999 0.017 0.004 0.197 0.004 99.999 9.999 99.999 9.999 0.180 0.004




2453241.40921 -0.165 0.005 0.061 0.004 0.235 0.004 0.226 0.005 0.400 0.005 0.174 0.004
2453241.40958 -0.160 0.005 -0.022 0.004 0.157 0.004 0.138 0.005 0.317 0.005 0.179 0.004
2453241.40996 -0.141 0.005 99.999 9.999 0.205 0.004 99.999 9.999 0.346 0.005 99.999 9.999
2453241.41033 -0.159 0.005 0.078 0.004 0.247 0.004 0.237 0.005 0.406 0.005 0.169 0.004
2453241.41070 -0.157 0.005 0.039 0.004 99.999 9.999 0.196 0.005 99.999 9.999 99.999 9.999
2453241.41107 -0.151 0.005 99.999 9.999 0.183 0.004 99.999 9.999 0.334 0.005 99.999 9.999
2453241.41145 -0.167 0.005 0.079 0.004 0.243 0.004 0.246 0.005 0.410 0.005 0.164 0.004
2453241.41182 -0.144 0.005 99.999 9.999 99.999 9.999 99.999 9.999 99.999 9.999 99.999 9.999
2453241.41219 -0.141 0.005 99.999 9.999 0.190 0.004 99.999 9.999 0.331 0.005 99.999 9.999




2453241.41332 99.999 9.999 -0.024 0.004 0.160 0.004 99.999 9.999 99.999 9.999 0.184 0.004
2453241.41369 -0.154 0.005 -0.012 0.004 0.171 0.004 0.142 0.005 0.325 0.005 0.183 0.004
2453241.41407 -0.147 0.005 99.999 9.999 0.211 0.004 99.999 9.999 0.358 0.005 99.999 9.999
2453241.41444 -0.145 0.005 0.062 0.004 0.240 0.004 0.207 0.005 0.385 0.005 0.178 0.004


2453241.41518 -0.136 0.005 99.999 9.999 0.230 0.004 99.999 9.999 0.366 0.005 99.999 9.999
2453241.41556 -0.149 0.005 0.064 0.004 0.235 0.004 0.213 0.005 0.384 0.005 0.171 0.004




2453241.41667 -0.165 0.005 -0.015 0.004 0.174 0.004 0.150 0.005 0.339 0.005 0.189 0.004
2453241.41705 -0.159 0.005 99.999 9.999 99.999 9.999 99.999 9.999 99.999 9.999 99.999 9.999
2453241.41742 99.999 9.999 99.999 9.999 0.241 0.004 99.999 9.999 99.999 9.999 99.999 9.999
2453241.41780 -0.160 0.005 -0.001 0.004 0.182 0.004 0.159 0.005 0.342 0.005 0.183 0.004
2453241.41817 -0.145 0.005 99.999 9.999 99.999 9.999 99.999 9.999 99.999 9.999 99.999 9.999
2453241.41855 99.999 9.999 -0.025 0.004 0.155 0.004 99.999 9.999 99.999 9.999 0.180 0.004
2453241.41892 -0.154 0.005 0.061 0.004 99.999 9.999 0.215 0.005 99.999 9.999 99.999 9.999


2453241.41966 -0.172 0.005 0.050 0.004 0.226 0.004 0.222 0.005 0.398 0.005 0.176 0.004
2453241.42004 -0.154 0.005 0.053 0.004 99.999 9.999 0.207 0.005 99.999 9.999 99.999 9.999


2453241.42078 99.999 9.999 -0.011 0.004 0.182 0.004 99.999 9.999 99.999 9.999 0.193 0.004




2453241.42190 -0.139 0.005 0.000 0.004 0.168 0.004 0.139 0.005 0.307 0.005 0.168 0.004
2453241.42227 -0.155 0.005 -0.001 0.004 99.999 9.999 0.154 0.005 99.999 9.999 99.999 9.999
2453241.42264 -0.143 0.005 99.999 9.999 0.217 0.004 99.999 9.999 0.360 0.005 99.999 9.999
2453241.42303 -0.150 0.005 0.003 0.004 0.183 0.004 0.153 0.005 0.333 0.005 0.180 0.004


2453241.42377 -0.140 0.005 99.999 9.999 0.207 0.004 99.999 9.999 0.347 0.005 99.999 9.999
2453241.42414 -0.152 0.005 0.066 0.004 0.249 0.004 0.218 0.005 0.401 0.005 0.183 0.004


2453241.42489 -0.139 0.005 99.999 9.999 0.218 0.004 99.999 9.999 0.357 0.005 99.999 9.999
2453241.42526 -0.168 0.005 0.076 0.004 0.243 0.004 0.244 0.005 0.411 0.005 0.167 0.004
2453241.42563 -0.145 0.005 99.999 9.999 99.999 9.999 99.999 9.999 99.999 9.999 99.999 9.999
2453241.42601 -0.144 0.005 0.027 0.004 0.190 0.004 0.171 0.005 0.334 0.005 0.163 0.004


2453241.42675 -0.143 0.005 99.999 9.999 0.221 0.004 99.999 9.999 0.364 0.005 99.999 9.999
2453241.42712 99.999 9.999 0.004 0.004 0.192 0.004 99.999 9.999 99.999 9.999 0.188 0.004
2453241.42751 -0.172 0.005 0.015 0.004 0.197 0.004 0.187 0.005 0.369 0.005 0.182 0.004
2453241.42788 99.999 9.999 0.007 0.004 0.173 0.004 99.999 9.999 99.999 9.999 0.166 0.004
2453241.42825 -0.137 0.005 0.038 0.004 0.219 0.004 0.175 0.005 0.356 0.005 0.181 0.004
2453241.42862 -0.130 0.005 0.055 0.004 99.999 9.999 0.185 0.005 99.999 9.999 99.999 9.999
2453241.42900 99.999 9.999 0.019 0.004 0.203 0.004 99.999 9.999 99.999 9.999 0.184 0.004
2453241.42937 -0.186 0.005 0.027 0.004 0.207 0.004 0.213 0.005 0.393 0.005 0.180 0.004
2453241.42974 -0.163 0.005 -0.012 0.004 0.177 0.004 0.151 0.005 0.340 0.005 0.189 0.004
2453241.43011 99.999 9.999 0.026 0.004 0.187 0.004 99.999 9.999 99.999 9.999 0.161 0.004
2453241.43049 -0.133 0.005 0.060 0.004 0.241 0.004 0.193 0.005 0.374 0.005 0.181 0.004
2453241.43086 -0.155 0.005 99.999 9.999 99.999 9.999 99.999 9.999 99.999 9.999 99.999 9.999
2453241.43123 -0.161 0.005 0.065 0.004 0.237 0.004 0.226 0.005 0.398 0.005 0.172 0.004
2453241.43160 -0.141 0.005 0.026 0.004 0.211 0.004 0.167 0.005 0.352 0.005 0.185 0.004
2453241.43198 -0.156 0.005 0.009 0.004 0.185 0.004 0.165 0.005 0.341 0.005 0.176 0.004
2453241.43236 -0.172 0.005 0.078 0.004 0.241 0.004 0.250 0.005 0.413 0.005 0.163 0.004
2453241.43273 -0.156 0.005 0.054 0.004 0.243 0.004 0.210 0.005 0.399 0.005 0.189 0.004
2453241.43310 -0.173 0.005 0.074 0.004 0.242 0.004 0.247 0.005 0.415 0.005 0.168 0.004
2453241.43348 -0.139 0.005 0.033 0.004 0.211 0.004 0.172 0.005 0.350 0.005 0.178 0.004
2453241.43385 -0.169 0.005 0.030 0.004 0.208 0.004 0.199 0.005 0.377 0.005 0.178 0.004
2453241.43422 -0.168 0.005 0.013 0.004 0.191 0.004 0.181 0.005 0.359 0.005 0.178 0.004
2453241.43459 -0.145 0.005 0.026 0.004 0.194 0.004 0.171 0.005 0.339 0.005 0.168 0.004
2453241.43497 -0.179 0.005 0.021 0.004 0.204 0.004 0.200 0.005 0.383 0.005 0.183 0.004
2453241.43534 -0.163 0.005 0.042 0.004 0.218 0.004 0.205 0.005 0.381 0.005 0.176 0.004
2453241.43571 -0.154 0.005 0.018 0.004 0.193 0.004 0.172 0.005 0.347 0.005 0.175 0.004




2453241.43683 -0.146 0.005 0.041 0.004 0.203 0.004 0.187 0.005 0.349 0.005 0.162 0.004
2453241.43720 -0.179 0.005 0.013 0.004 0.201 0.004 0.192 0.005 0.380 0.005 0.188 0.004
2453241.43758 -0.151 0.005 0.018 0.004 0.191 0.004 0.169 0.005 0.342 0.005 0.173 0.004
2453241.43796 -0.148 0.005 0.029 0.004 0.200 0.004 0.177 0.005 0.348 0.005 0.171 0.004
2453241.43833 99.999 9.999 0.028 0.004 0.212 0.004 99.999 9.999 99.999 9.999 0.184 0.004
2453241.43870 -0.161 0.005 0.050 0.004 0.223 0.004 0.211 0.005 0.384 0.005 0.173 0.004
2453241.43907 -0.173 0.005 0.046 0.004 0.214 0.004 0.219 0.005 0.387 0.005 0.168 0.004
2453241.43945 -0.159 0.005 0.038 0.004 0.212 0.004 0.197 0.005 0.371 0.005 0.174 0.004
2453241.43982 -0.147 0.005 99.999 9.999 0.207 0.004 99.999 9.999 0.354 0.005 99.999 9.999
2453241.44019 -0.167 0.005 0.055 0.004 0.226 0.004 0.222 0.005 0.393 0.005 0.171 0.004
2453241.44056 -0.169 0.005 0.037 0.004 0.221 0.004 0.206 0.005 0.390 0.005 0.184 0.004
2453241.44094 -0.165 0.005 0.016 0.004 0.182 0.004 0.181 0.005 0.347 0.005 0.166 0.004
2453241.44131 -0.162 0.005 0.006 0.004 0.184 0.004 0.168 0.005 0.346 0.005 0.178 0.004
2453241.44168 99.999 9.999 0.033 0.004 0.209 0.004 99.999 9.999 99.999 9.999 0.176 0.004
2453241.44205 -0.168 0.005 0.043 0.004 0.211 0.004 0.211 0.005 0.379 0.005 0.168 0.004
2453241.44244 -0.168 0.005 0.041 0.004 0.209 0.004 0.209 0.005 0.377 0.005 0.168 0.004
2453241.44281 -0.164 0.005 0.026 0.004 0.199 0.004 0.190 0.005 0.363 0.005 0.173 0.004
2453241.44318 -0.170 0.005 0.021 0.004 0.184 0.004 0.191 0.005 0.354 0.005 0.163 0.004
2453241.44355 -0.157 0.005 0.039 0.004 0.210 0.004 0.196 0.005 0.367 0.005 0.171 0.004
2453241.44393 99.999 9.999 0.017 0.004 0.191 0.004 99.999 9.999 99.999 9.999 0.174 0.004
2453241.44430 99.999 9.999 0.013 0.004 0.191 0.004 99.999 9.999 99.999 9.999 0.178 0.004
2453241.44467 -0.173 0.005 0.010 0.004 0.192 0.004 0.183 0.005 0.365 0.005 0.182 0.004
2453241.44504 -0.159 0.005 0.020 0.004 0.193 0.004 0.179 0.005 0.352 0.005 0.173 0.004
2453241.44542 99.999 9.999 0.035 0.004 0.210 0.004 99.999 9.999 99.999 9.999 0.175 0.004
2453241.44579 -0.179 0.005 0.041 0.004 0.223 0.004 0.220 0.005 0.402 0.005 0.182 0.004
2453241.44616 -0.165 0.005 -0.003 0.004 0.182 0.004 0.162 0.005 0.347 0.005 0.185 0.004
2453241.44653 -0.163 0.005 0.003 0.004 0.182 0.004 0.166 0.005 0.345 0.005 0.179 0.004
2453241.44692 -0.162 0.005 0.004 0.004 0.187 0.004 0.166 0.005 0.349 0.005 0.183 0.004
2453241.44729 -0.187 0.005 0.028 0.004 0.205 0.004 0.215 0.005 0.392 0.005 0.177 0.004
2453241.44766 -0.177 0.005 0.050 0.004 0.223 0.004 0.227 0.005 0.400 0.005 0.173 0.004
2453241.44803 -0.178 0.005 0.011 0.004 0.197 0.004 0.189 0.005 0.375 0.005 0.186 0.004
2453241.44841 -0.173 0.005 0.009 0.004 0.186 0.004 0.182 0.005 0.359 0.005 0.177 0.004
2453241.44878 -0.173 0.005 -0.005 0.004 0.180 0.004 0.168 0.005 0.353 0.005 0.185 0.004
2453241.44915 -0.170 0.005 0.006 0.004 0.177 0.004 0.176 0.005 0.347 0.005 0.171 0.004
2453241.44952 -0.151 0.005 0.021 0.004 0.198 0.004 0.172 0.005 0.349 0.005 0.177 0.004
2453241.44990 -0.177 0.005 0.058 0.004 0.226 0.004 0.235 0.005 0.403 0.005 0.168 0.004
2453241.45027 -0.177 0.005 99.999 9.999 0.218 0.004 99.999 9.999 0.395 0.005 99.999 9.999
2453241.45064 -0.193 0.005 0.006 0.004 0.181 0.004 0.199 0.005 0.374 0.005 0.175 0.004


2453241.45139 -0.169 0.005 -0.014 0.004 0.183 0.004 0.155 0.005 0.352 0.005 0.197 0.004
2453241.45177 -0.162 0.005 0.022 0.004 0.193 0.004 0.184 0.005 0.355 0.005 0.171 0.004
2453241.45214 -0.166 0.005 0.038 0.004 99.999 9.999 0.204 0.005 99.999 9.999 99.999 9.999
2453241.45252 -0.167 0.005 0.044 0.004 0.212 0.004 0.211 0.005 0.379 0.005 0.168 0.004
2453241.45289 -0.174 0.005 0.034 0.004 0.214 0.004 0.208 0.005 0.388 0.005 0.180 0.004
2453241.45326 -0.166 0.005 0.005 0.004 0.185 0.004 0.171 0.005 0.351 0.005 0.180 0.004
2453241.45363 -0.157 0.005 0.025 0.004 0.192 0.004 0.182 0.005 0.349 0.005 0.167 0.004
2453241.45401 -0.176 0.005 0.024 0.004 0.208 0.004 0.200 0.005 0.384 0.005 0.184 0.004
2453241.45438 -0.174 0.005 0.013 0.004 0.190 0.004 0.187 0.005 0.364 0.005 0.177 0.004


2453241.45512 -0.188 0.005 0.040 0.004 0.223 0.004 0.228 0.005 0.411 0.005 0.183 0.004
2453241.45550 -0.188 0.005 0.006 0.004 0.196 0.004 0.194 0.005 0.384 0.005 0.190 0.004
2453241.45587 -0.175 0.005 0.024 0.004 0.203 0.004 0.199 0.005 0.378 0.005 0.179 0.004
2453241.45624 -0.162 0.005 0.022 0.004 0.198 0.004 0.184 0.005 0.360 0.005 0.176 0.004
2453241.45661 -0.189 0.005 0.018 0.004 0.197 0.004 0.207 0.005 0.386 0.005 0.179 0.004


2453241.45737 -0.191 0.005 0.013 0.004 0.191 0.004 0.204 0.005 0.382 0.005 0.178 0.004
2453241.45774 -0.199 0.005 0.033 0.004 0.196 0.004 0.232 0.005 0.395 0.005 0.163 0.004
2453241.45811 -0.188 0.005 0.007 0.004 0.185 0.004 0.195 0.005 0.373 0.005 0.178 0.004
2453241.45849 -0.171 0.005 0.034 0.004 0.196 0.004 0.205 0.005 0.367 0.005 0.162 0.004
2453241.45886 -0.193 0.005 0.010 0.004 0.186 0.004 0.203 0.005 0.379 0.005 0.176 0.004
2453241.45923 -0.205 0.005 0.021 0.004 0.188 0.004 0.226 0.005 0.393 0.005 0.167 0.004
2453241.45960 -0.193 0.005 0.019 0.004 0.195 0.004 0.212 0.005 0.388 0.005 0.176 0.004
2453241.45998 -0.178 0.005 -0.013 0.004 0.170 0.004 0.165 0.005 0.348 0.005 0.183 0.004
2453241.46035 -0.201 0.005 -0.002 0.004 0.192 0.004 0.199 0.005 0.393 0.005 0.194 0.004
2453241.46072 -0.178 0.005 0.008 0.004 0.179 0.004 0.186 0.005 0.357 0.005 0.171 0.004
2453241.46109 -0.174 0.005 0.036 0.004 0.215 0.004 0.210 0.005 0.389 0.005 0.179 0.004
2453241.46148 -0.183 0.005 0.004 0.004 0.179 0.004 0.187 0.005 0.362 0.005 0.175 0.004
2453241.46185 -0.187 0.005 0.034 0.004 0.206 0.004 0.221 0.005 0.393 0.005 0.172 0.004
2453241.46222 -0.198 0.005 0.027 0.004 0.215 0.004 0.225 0.005 0.413 0.005 0.188 0.004
2453241.46259 -0.198 0.005 0.031 0.004 0.206 0.004 0.229 0.005 0.404 0.005 0.175 0.004
2453241.46297 -0.188 0.005 0.023 0.004 0.186 0.004 0.211 0.005 0.374 0.005 0.163 0.004
2453241.46334 -0.216 0.005 -0.005 0.004 0.184 0.004 0.211 0.005 0.400 0.005 0.189 0.004


2453241.46408 -0.199 0.005 0.027 0.004 0.204 0.004 0.226 0.005 0.403 0.005 0.177 0.004
2453241.46446 -0.189 0.005 0.002 0.004 0.174 0.004 0.191 0.005 0.363 0.005 0.172 0.004


2453241.46520 -0.184 0.005 0.000 0.004 0.174 0.004 0.184 0.005 0.358 0.005 0.174 0.004
2453241.46557 -0.188 0.005 0.002 0.004 0.178 0.004 0.190 0.005 0.366 0.005 0.176 0.004
2453241.46595 -0.184 0.005 0.034 0.004 0.211 0.004 0.218 0.005 0.395 0.005 0.177 0.004
2453241.46633 -0.196 0.005 0.005 0.004 0.179 0.004 0.201 0.005 0.375 0.005 0.174 0.004
2453241.46670 -0.210 0.005 0.000 0.004 0.199 0.004 0.210 0.005 0.409 0.005 0.199 0.004
2453241.46707 -0.179 0.005 0.021 0.004 99.999 9.999 0.200 0.005 99.999 9.999 99.999 9.999
2453241.46745 -0.188 0.005 99.999 9.999 0.175 0.004 99.999 9.999 0.363 0.005 99.999 9.999
2453241.46782 -0.192 0.005 0.026 0.004 0.215 0.004 0.218 0.005 0.407 0.005 0.189 0.004
2453241.46819 -0.196 0.005 0.022 0.004 0.206 0.004 0.218 0.005 0.402 0.005 0.184 0.004
2453241.46856 -0.201 0.005 -0.018 0.004 0.156 0.004 0.183 0.005 0.357 0.005 0.174 0.004
2453241.46894 -0.190 0.005 -0.019 0.004 0.134 0.004 0.171 0.005 0.324 0.005 0.153 0.004
2453241.46931 -0.180 0.005 0.020 0.004 0.195 0.004 0.200 0.005 0.375 0.005 0.175 0.004
2453241.46968 -0.223 0.005 -0.018 0.004 0.156 0.004 0.205 0.005 0.379 0.005 0.174 0.004
2453241.47005 99.999 9.999 -0.014 0.004 0.167 0.004 99.999 9.999 99.999 9.999 0.181 0.004
2453241.47043 -0.185 0.005 0.037 0.004 0.201 0.004 0.222 0.005 0.386 0.005 0.164 0.004
2453241.47080 -0.197 0.005 0.000 0.004 99.999 9.999 0.197 0.005 99.999 9.999 99.999 9.999
2453241.47117 -0.188 0.005 99.999 9.999 0.201 0.004 99.999 9.999 0.389 0.005 99.999 9.999
2453241.47155 -0.196 0.005 -0.013 0.004 0.159 0.004 0.183 0.005 0.355 0.005 0.172 0.004
2453241.47193 -0.207 0.005 -0.003 0.004 0.177 0.004 0.204 0.005 0.384 0.005 0.180 0.004
2453241.47230 -0.196 0.005 -0.019 0.004 0.171 0.004 0.177 0.005 0.367 0.005 0.190 0.004
2453241.47267 -0.185 0.005 -0.006 0.004 0.162 0.004 0.179 0.005 0.347 0.005 0.168 0.004
2453241.47304 -0.197 0.005 -0.011 0.004 0.165 0.004 0.186 0.005 0.362 0.005 0.176 0.004
2453241.47342 -0.202 0.005 -0.012 0.004 0.156 0.004 0.190 0.005 0.358 0.005 0.168 0.004
2453241.47379 -0.198 0.005 0.001 0.004 0.158 0.004 0.199 0.005 0.356 0.005 0.157 0.004
2453241.47416 -0.199 0.005 -0.009 0.004 0.169 0.004 0.190 0.005 0.368 0.005 0.178 0.004
2453241.47453 -0.192 0.005 0.009 0.004 0.176 0.004 0.201 0.005 0.368 0.005 0.167 0.004
2453241.47491 -0.199 0.005 -0.009 0.004 0.164 0.004 0.190 0.005 0.363 0.005 0.173 0.004
2453241.47528 -0.211 0.005 -0.019 0.004 0.164 0.004 0.192 0.005 0.375 0.005 0.183 0.004
2453241.47565 -0.189 0.005 0.002 0.004 0.177 0.004 0.191 0.005 0.366 0.005 0.175 0.004
2453241.47602 -0.199 0.005 0.021 0.004 0.186 0.004 0.220 0.005 0.385 0.005 0.165 0.004
2453241.47641 -0.201 0.005 0.016 0.004 0.190 0.004 0.217 0.005 0.391 0.005 0.174 0.004
2453241.47678 -0.208 0.005 0.002 0.004 0.190 0.004 0.210 0.005 0.398 0.005 0.188 0.004


2453241.47752 -0.208 0.005 0.013 0.004 0.190 0.004 0.221 0.005 0.398 0.005 0.177 0.004
2453241.47790 -0.203 0.005 0.003 0.004 0.181 0.004 0.206 0.005 0.384 0.005 0.178 0.004
2453241.47827 -0.213 0.005 -0.014 0.004 0.160 0.004 0.199 0.005 0.373 0.005 0.174 0.004
2453241.47864 -0.208 0.005 0.004 0.004 0.180 0.004 0.212 0.005 0.388 0.005 0.176 0.004
2453241.47901 -0.210 0.005 -0.026 0.004 0.142 0.004 0.184 0.005 0.352 0.005 0.168 0.004
2453241.47939 -0.212 0.005 -0.037 0.004 0.143 0.004 0.175 0.005 0.355 0.005 0.180 0.004
2453241.47976 -0.208 0.005 0.000 0.004 99.999 9.999 0.208 0.005 99.999 9.999 99.999 9.999
2453241.48013 -0.206 0.005 -0.009 0.004 0.168 0.004 0.197 0.005 0.374 0.005 0.177 0.004
2453241.48050 -0.211 0.005 -0.016 0.004 0.179 0.004 0.195 0.005 0.390 0.005 0.195 0.004
2453241.48089 -0.199 0.005 0.003 0.004 0.187 0.004 0.202 0.005 0.386 0.005 0.184 0.004
2453241.48126 -0.179 0.005 0.026 0.004 0.197 0.004 0.205 0.005 0.376 0.005 0.171 0.004
2453241.48163 -0.210 0.005 0.024 0.004 0.193 0.004 0.234 0.005 0.403 0.005 0.169 0.004
2453241.48200 -0.229 0.005 -0.014 0.004 0.171 0.004 0.215 0.005 0.400 0.005 0.185 0.004
2453241.48238 -0.203 0.005 0.002 0.004 0.183 0.004 0.205 0.005 0.386 0.005 0.181 0.004
2453241.48275 -0.198 0.005 0.013 0.004 0.179 0.004 0.211 0.005 0.377 0.005 0.166 0.004
2453241.48312 99.999 9.999 -0.019 0.004 0.170 0.004 99.999 9.999 99.999 9.999 0.189 0.004
2453241.48349 -0.216 0.005 0.009 0.004 0.176 0.004 0.225 0.005 0.392 0.005 0.167 0.004
2453241.48387 -0.206 0.005 0.000 0.004 0.185 0.004 0.206 0.005 0.391 0.005 0.185 0.004
2453241.48424 99.999 9.999 -0.022 0.004 0.172 0.004 99.999 9.999 99.999 9.999 0.194 0.004
2453241.48461 -0.222 0.005 -0.005 0.004 0.178 0.004 0.217 0.005 0.400 0.005 0.183 0.004


2453241.48536 -0.198 0.005 0.001 0.004 0.173 0.004 0.199 0.005 0.371 0.005 0.172 0.004
2453241.48573 -0.207 0.005 -0.015 0.004 0.145 0.004 0.192 0.005 0.352 0.005 0.160 0.004
2453241.48611 -0.202 0.005 -0.010 0.004 0.166 0.004 0.192 0.005 0.368 0.005 0.176 0.004
2453241.48649 -0.209 0.005 0.004 0.004 0.193 0.004 0.213 0.005 0.402 0.005 0.189 0.004
2453241.48686 -0.201 0.005 -0.005 0.004 0.169 0.004 0.196 0.005 0.370 0.005 0.174 0.004
2453241.48723 -0.211 0.005 -0.007 0.004 0.160 0.004 0.204 0.005 0.371 0.005 0.167 0.004
2453241.48760 -0.219 0.005 -0.007 0.004 0.171 0.004 0.212 0.005 0.390 0.005 0.178 0.004
2453241.48798 -0.210 0.005 0.001 0.004 0.168 0.004 0.211 0.005 0.378 0.005 0.167 0.004
2453241.48835 -0.231 0.005 -0.016 0.004 0.147 0.004 0.215 0.005 0.378 0.005 0.163 0.004
2453241.48872 -0.241 0.005 -0.011 0.004 0.146 0.004 0.230 0.005 0.387 0.005 0.157 0.004
2453241.48909 -0.221 0.005 -0.022 0.004 0.155 0.004 0.199 0.005 0.376 0.005 0.177 0.004
2453241.48947 -0.240 0.005 -0.014 0.004 0.149 0.004 0.226 0.005 0.389 0.005 0.163 0.004
2453241.48984 -0.230 0.005 -0.031 0.004 0.159 0.004 0.199 0.005 0.389 0.005 0.190 0.004
2453241.49021 -0.235 0.005 -0.028 0.004 0.169 0.004 0.207 0.005 0.404 0.005 0.197 0.004
2453241.49058 -0.214 0.005 -0.016 0.004 0.154 0.004 0.198 0.005 0.368 0.005 0.170 0.004
2453241.49097 -0.211 0.005 -0.025 0.004 0.161 0.004 0.186 0.005 0.372 0.005 0.186 0.004
2453241.49134 -0.234 0.005 -0.027 0.004 0.148 0.004 0.207 0.005 0.382 0.005 0.175 0.004
2453241.49171 -0.222 0.005 -0.028 0.004 0.153 0.004 0.194 0.005 0.375 0.005 0.181 0.004
2453241.49208 -0.237 0.005 -0.018 0.004 0.165 0.004 0.219 0.005 0.402 0.005 0.183 0.004
2453241.49246 -0.219 0.005 -0.022 0.004 0.146 0.004 0.197 0.005 0.365 0.005 0.168 0.004
2453241.49283 -0.238 0.005 -0.031 0.004 0.152 0.004 0.207 0.005 0.390 0.005 0.183 0.004
2453241.49320 -0.219 0.005 -0.041 0.004 0.148 0.004 0.178 0.005 0.367 0.005 0.189 0.004
2453241.49357 -0.222 0.005 -0.034 0.004 0.141 0.004 0.188 0.005 0.363 0.005 0.175 0.004
2453241.49395 -0.232 0.005 -0.025 0.004 0.143 0.004 0.207 0.005 0.375 0.005 0.168 0.004
2453241.49432 -0.233 0.005 -0.039 0.004 0.150 0.004 0.194 0.005 0.383 0.005 0.189 0.004
2453241.49469 -0.239 0.005 -0.027 0.004 0.150 0.004 0.212 0.005 0.389 0.005 0.177 0.004
2453241.49506 -0.231 0.005 -0.025 0.004 0.155 0.004 0.206 0.005 0.386 0.005 0.180 0.004
2453241.49545 -0.247 0.005 -0.027 0.004 0.150 0.004 0.220 0.005 0.397 0.005 0.177 0.004
2453241.49582 -0.225 0.005 -0.011 0.004 0.147 0.004 0.214 0.005 0.372 0.005 0.158 0.004
2453241.49619 -0.224 0.005 -0.033 0.004 0.146 0.004 0.191 0.005 0.370 0.005 0.179 0.004
2453241.49656 -0.227 0.005 -0.033 0.004 0.146 0.004 0.194 0.005 0.373 0.005 0.179 0.004
2453241.49694 -0.237 0.005 -0.033 0.004 0.144 0.004 0.204 0.005 0.381 0.005 0.177 0.004
2453241.49731 -0.229 0.005 -0.029 0.004 0.149 0.004 0.200 0.005 0.378 0.005 0.178 0.004
2453241.49768 -0.237 0.005 -0.031 0.004 0.132 0.004 0.206 0.005 0.369 0.005 0.163 0.004
2453241.49806 -0.238 0.005 -0.029 0.004 0.149 0.004 0.209 0.005 0.387 0.005 0.178 0.004
2453241.49843 -0.225 0.005 -0.016 0.004 0.164 0.004 0.209 0.005 0.389 0.005 0.180 0.004
2453241.49880 -0.225 0.005 -0.028 0.004 0.154 0.004 0.197 0.005 0.379 0.005 0.182 0.004
2453241.49917 -0.257 0.005 -0.047 0.004 0.122 0.004 0.210 0.005 0.379 0.005 0.169 0.004
2453241.49955 -0.251 0.005 -0.043 0.004 0.134 0.004 0.208 0.005 0.385 0.005 0.177 0.004
2453241.49992 99.999 9.999 -0.051 0.004 0.128 0.004 99.999 9.999 99.999 9.999 0.179 0.004
2453241.50030 -0.241 0.005 -0.042 0.005 0.139 0.004 0.199 0.006 0.380 0.005 0.181 0.005
2453241.50067 -0.225 0.005 -0.027 0.004 0.150 0.004 0.198 0.005 0.375 0.005 0.177 0.004
2453241.50105 -0.240 0.005 -0.016 0.004 0.147 0.004 0.224 0.005 0.387 0.005 0.163 0.004
2453241.50142 -0.220 0.005 -0.028 0.004 0.151 0.004 0.192 0.005 0.371 0.005 0.179 0.004
2453241.50179 -0.238 0.005 -0.039 0.004 0.137 0.004 0.199 0.005 0.375 0.005 0.176 0.004
2453241.50216 -0.235 0.005 -0.032 0.004 0.140 0.004 0.203 0.005 0.375 0.005 0.172 0.004
2453241.50254 -0.239 0.005 -0.034 0.004 0.138 0.004 0.205 0.005 0.377 0.005 0.172 0.004
2453241.50291 -0.229 0.005 -0.036 0.004 0.129 0.004 0.193 0.005 0.358 0.005 0.165 0.004
2453241.50328 -0.228 0.005 -0.036 0.004 0.143 0.004 0.192 0.005 0.371 0.005 0.179 0.004
2453241.50365 -0.240 0.005 -0.025 0.004 0.139 0.004 0.215 0.005 0.379 0.005 0.164 0.004
2453241.50403 -0.242 0.005 -0.037 0.004 0.125 0.004 0.205 0.005 0.367 0.005 0.162 0.004
2453241.50440 -0.255 0.005 -0.056 0.004 0.105 0.004 0.199 0.005 0.360 0.005 0.161 0.004
2453241.50477 -0.250 0.005 -0.044 0.004 0.132 0.004 0.206 0.005 0.382 0.005 0.176 0.004
2453241.50514 -0.249 0.005 -0.054 0.004 0.130 0.004 0.195 0.005 0.379 0.005 0.184 0.004
2453241.50553 -0.247 0.005 -0.048 0.004 0.138 0.004 0.199 0.005 0.385 0.005 0.186 0.004
2453241.50590 -0.270 0.005 -0.066 0.004 0.113 0.004 0.204 0.005 0.383 0.005 0.179 0.004
2453241.50627 -0.239 0.005 -0.048 0.004 0.119 0.004 0.191 0.005 0.358 0.005 0.167 0.004
2453241.50664 -0.245 0.005 -0.045 0.004 0.132 0.004 0.200 0.005 0.377 0.005 0.177 0.004
2453241.50702 -0.252 0.005 -0.027 0.004 0.146 0.004 0.225 0.005 0.398 0.005 0.173 0.004
2453241.50739 -0.268 0.005 -0.060 0.004 0.123 0.004 0.208 0.005 0.391 0.005 0.183 0.004
2453241.50776 -0.266 0.005 -0.071 0.004 0.120 0.004 0.195 0.005 0.386 0.005 0.191 0.004
2453241.50813 -0.236 0.005 -0.036 0.004 0.135 0.004 0.200 0.005 0.371 0.005 0.171 0.004
2453241.50851 -0.266 0.005 -0.043 0.004 0.112 0.004 0.223 0.005 0.378 0.005 0.155 0.004
2453241.50888 99.999 9.999 -0.055 0.004 0.117 0.004 99.999 9.999 99.999 9.999 0.172 0.004
2453241.50925 -0.236 0.005 -0.042 0.004 0.137 0.004 0.194 0.005 0.373 0.005 0.179 0.004
2453241.50962 -0.254 0.005 -0.049 0.005 0.115 0.004 0.205 0.006 0.369 0.005 0.164 0.005
2453241.51001 -0.267 0.005 -0.044 0.004 0.115 0.004 0.223 0.005 0.382 0.005 0.159 0.004
2453241.51038 -0.265 0.005 -0.043 0.004 0.124 0.004 0.222 0.005 0.389 0.005 0.167 0.004
2453241.51075 -0.248 0.005 -0.048 0.004 0.120 0.004 0.200 0.005 0.368 0.005 0.168 0.004
2453241.51112 -0.260 0.005 -0.059 0.005 0.111 0.004 0.201 0.006 0.371 0.005 0.170 0.005
2453241.51150 -0.244 0.005 -0.047 0.004 0.116 0.004 0.197 0.005 0.360 0.005 0.163 0.004
2453241.51187 -0.255 0.005 -0.048 0.005 0.129 0.004 0.207 0.006 0.384 0.005 0.177 0.005
2453241.51224 -0.243 0.005 -0.050 0.005 0.135 0.004 0.193 0.006 0.378 0.005 0.185 0.005
2453241.51261 -0.256 0.005 -0.051 0.005 0.116 0.004 0.205 0.006 0.372 0.005 0.167 0.005
2453241.51299 -0.257 0.005 -0.052 0.004 0.123 0.004 0.205 0.005 0.380 0.005 0.175 0.004
2453241.51336 -0.248 0.005 -0.034 0.004 0.158 0.004 0.214 0.005 0.406 0.005 0.192 0.004
2453241.51373 -0.235 0.005 -0.045 0.005 0.127 0.004 0.190 0.006 0.362 0.005 0.172 0.005
2453241.51410 -0.250 0.005 -0.057 0.005 0.116 0.004 0.193 0.006 0.366 0.005 0.173 0.005
2453241.51448 -0.253 0.005 -0.053 0.005 0.119 0.004 0.200 0.006 0.372 0.005 0.172 0.005
2453241.51486 -0.269 0.005 -0.055 0.005 0.137 0.004 0.214 0.006 0.406 0.005 0.192 0.005
2453241.51523 -0.249 0.005 -0.038 0.004 0.141 0.004 0.211 0.005 0.390 0.005 0.179 0.004
2453241.51561 -0.251 0.005 -0.059 0.004 0.124 0.004 0.192 0.005 0.375 0.005 0.183 0.004
2453241.51598 -0.261 0.005 -0.055 0.004 0.129 0.004 0.206 0.005 0.390 0.005 0.184 0.004
2453241.51635 -0.247 0.005 -0.058 0.005 0.130 0.004 0.189 0.006 0.377 0.005 0.188 0.005
2453241.51672 -0.244 0.005 -0.056 0.004 0.120 0.004 0.188 0.005 0.364 0.005 0.176 0.004
2453241.51710 -0.242 0.005 -0.042 0.004 0.127 0.004 0.200 0.005 0.369 0.005 0.169 0.004
2453241.51747 -0.254 0.005 -0.054 0.004 0.113 0.004 0.200 0.005 0.367 0.005 0.167 0.004
2453241.51784 -0.266 0.005 -0.035 0.004 0.132 0.004 0.231 0.005 0.398 0.005 0.167 0.004
2453241.51821 -0.258 0.005 -0.061 0.004 0.115 0.004 0.197 0.005 0.373 0.005 0.176 0.004
2453241.51859 -0.238 0.005 -0.035 0.005 0.131 0.004 0.203 0.006 0.369 0.005 0.166 0.005
2453241.51896 -0.250 0.005 -0.047 0.004 0.119 0.004 0.203 0.005 0.369 0.005 0.166 0.004
2453241.51933 -0.250 0.005 -0.046 0.004 0.134 0.004 0.204 0.005 0.384 0.005 0.180 0.004
2453241.51970 -0.247 0.005 -0.051 0.004 0.120 0.004 0.196 0.005 0.367 0.005 0.171 0.004
2453241.52009 -0.252 0.005 -0.047 0.004 0.120 0.004 0.205 0.005 0.372 0.005 0.167 0.004
2453241.52046 -0.253 0.005 -0.058 0.005 0.122 0.004 0.195 0.006 0.375 0.005 0.180 0.005
2453241.52083 -0.285 0.005 -0.069 0.004 0.113 0.004 0.216 0.005 0.398 0.005 0.182 0.004
2453241.52120 -0.256 0.005 -0.042 0.004 0.141 0.004 0.214 0.005 0.397 0.005 0.183 0.004
2453241.52158 -0.263 0.005 -0.065 0.004 0.111 0.004 0.198 0.005 0.374 0.005 0.176 0.004
2453241.52195 -0.256 0.005 -0.049 0.005 0.132 0.004 0.207 0.006 0.388 0.005 0.181 0.005
2453241.52232 -0.253 0.005 -0.040 0.004 0.128 0.004 0.213 0.005 0.381 0.005 0.168 0.004
2453241.52269 -0.260 0.005 -0.041 0.004 0.124 0.004 0.219 0.005 0.384 0.005 0.165 0.004
2453241.52307 -0.273 0.005 -0.050 0.005 0.119 0.004 0.223 0.006 0.392 0.005 0.169 0.005
2453241.52344 -0.266 0.005 -0.058 0.004 0.107 0.004 0.208 0.005 0.373 0.005 0.165 0.004
2453241.52381 -0.262 0.005 -0.046 0.004 0.132 0.004 0.216 0.005 0.394 0.005 0.178 0.004
2453241.52418 -0.260 0.005 -0.069 0.004 0.123 0.004 0.191 0.005 0.383 0.005 0.192 0.004
2453241.52457 -0.251 0.005 -0.048 0.004 0.118 0.004 0.203 0.005 0.369 0.005 0.166 0.004
2453241.52494 -0.265 0.005 -0.061 0.005 0.120 0.004 0.204 0.006 0.385 0.005 0.181 0.005
2453241.52531 -0.291 0.005 -0.091 0.005 0.102 0.004 0.200 0.006 0.393 0.005 0.193 0.005
2453241.52568 -0.264 0.005 -0.058 0.005 0.116 0.004 0.206 0.006 0.380 0.005 0.174 0.005
2453241.52606 -0.241 0.005 -0.048 0.005 0.129 0.004 0.193 0.006 0.370 0.005 0.177 0.005
2453241.52643 -0.235 0.005 -0.041 0.005 0.128 0.004 0.194 0.006 0.363 0.005 0.169 0.005
2453241.52680 -0.268 0.005 -0.060 0.005 0.124 0.004 0.208 0.006 0.392 0.005 0.184 0.005
2453241.52717 -0.258 0.005 -0.048 0.005 0.123 0.004 0.210 0.006 0.381 0.005 0.171 0.005
2453241.52755 -0.253 0.005 -0.058 0.005 0.120 0.004 0.195 0.006 0.373 0.005 0.178 0.005
2453241.52792 -0.268 0.005 -0.069 0.005 0.104 0.004 0.199 0.006 0.372 0.005 0.173 0.005
2453241.52829 -0.253 0.005 -0.048 0.005 0.132 0.004 0.205 0.006 0.385 0.005 0.180 0.005
2453241.52867 -0.249 0.005 -0.044 0.005 0.138 0.004 0.205 0.006 0.387 0.005 0.182 0.005
2453241.52905 -0.260 0.005 -0.061 0.005 0.095 0.004 0.199 0.006 0.355 0.005 0.156 0.005
2453241.52942 -0.243 0.005 -0.041 0.005 0.113 0.004 0.202 0.006 0.356 0.005 0.154 0.005
2453241.52979 -0.256 0.005 -0.055 0.005 0.119 0.004 0.201 0.006 0.375 0.005 0.174 0.005
2453241.53017 -0.278 0.005 -0.052 0.005 0.111 0.004 0.226 0.006 0.389 0.005 0.163 0.005
2453241.53054 -0.253 0.005 -0.053 0.005 0.126 0.004 0.200 0.006 0.379 0.005 0.179 0.005
2453241.53091 -0.249 0.005 -0.056 0.005 0.117 0.004 0.193 0.006 0.366 0.005 0.173 0.005
2453241.53128 -0.274 0.005 -0.065 0.005 0.126 0.004 0.209 0.006 0.400 0.005 0.191 0.005
2453241.53166 -0.233 0.005 -0.044 0.005 0.136 0.004 0.189 0.006 0.369 0.005 0.180 0.005
2453241.53203 -0.274 0.005 -0.071 0.005 0.118 0.004 0.203 0.006 0.392 0.005 0.189 0.005
2453241.53240 -0.246 0.005 -0.035 0.004 0.134 0.004 0.211 0.005 0.380 0.005 0.169 0.004
2453241.53277 -0.262 0.005 -0.058 0.005 0.121 0.004 0.204 0.006 0.383 0.005 0.179 0.005
2453241.53315 -0.253 0.005 -0.044 0.005 0.131 0.004 0.209 0.006 0.384 0.005 0.175 0.005
2453241.53352 -0.253 0.005 -0.057 0.005 0.125 0.004 0.196 0.006 0.378 0.005 0.182 0.005
2453241.53389 -0.276 0.005 -0.075 0.005 0.097 0.004 0.201 0.006 0.373 0.005 0.172 0.005
2453241.53427 -0.247 0.005 -0.027 0.005 0.135 0.004 0.220 0.006 0.382 0.005 0.162 0.005
2453241.53465 -0.247 0.005 -0.041 0.005 0.113 0.004 0.206 0.006 0.360 0.005 0.154 0.005
2453241.53502 -0.265 0.005 -0.046 0.005 0.119 0.004 0.219 0.006 0.384 0.005 0.165 0.005
2453241.53539 -0.272 0.005 -0.060 0.005 0.115 0.004 0.212 0.006 0.387 0.005 0.175 0.005
2453241.53576 -0.283 0.005 -0.082 0.005 0.097 0.004 0.201 0.006 0.380 0.005 0.179 0.005
2453241.53614 -0.255 0.005 -0.058 0.005 0.144 0.004 0.197 0.006 0.399 0.005 0.202 0.005
2453241.53651 -0.272 0.005 -0.055 0.005 0.124 0.004 0.217 0.006 0.396 0.005 0.179 0.005
2453241.53688 -0.257 0.005 -0.040 0.005 0.139 0.004 0.217 0.006 0.396 0.005 0.179 0.005
2453241.53725 -0.259 0.005 -0.071 0.005 0.098 0.004 0.188 0.006 0.357 0.005 0.169 0.005
2453241.53763 -0.260 0.005 -0.044 0.005 0.117 0.004 0.216 0.006 0.377 0.005 0.161 0.005
2453241.53800 -0.263 0.005 -0.054 0.005 0.130 0.004 0.209 0.006 0.393 0.005 0.184 0.005
2453241.53837 -0.263 0.006 -0.046 0.006 0.134 0.005 0.217 0.006 0.397 0.005 0.180 0.005
2453241.53874 -0.243 0.006 -0.028 0.006 0.119 0.005 0.215 0.006 0.362 0.005 0.147 0.005
2453241.53913 -0.257 0.005 -0.070 0.005 0.113 0.004 0.187 0.006 0.370 0.005 0.183 0.005
2453241.53950 -0.255 0.005 -0.062 0.005 0.110 0.004 0.193 0.006 0.365 0.005 0.172 0.005
2453241.53987 -0.277 0.005 -0.051 0.005 0.121 0.004 0.226 0.006 0.398 0.005 0.172 0.005
2453241.54024 -0.231 0.005 -0.035 0.005 0.119 0.004 0.196 0.006 0.350 0.005 0.154 0.005
2453241.54062 -0.250 0.005 -0.034 0.005 0.143 0.004 0.216 0.006 0.393 0.005 0.177 0.005
2453241.54099 -0.257 0.006 -0.052 0.006 0.132 0.005 0.205 0.006 0.389 0.005 0.184 0.005
2453241.54136 -0.261 0.005 -0.023 0.005 0.117 0.004 0.238 0.006 0.378 0.005 0.140 0.005
2453241.54173 -0.263 0.005 -0.065 0.005 0.106 0.004 0.198 0.006 0.369 0.005 0.171 0.005
2453241.54211 -0.259 0.005 -0.049 0.005 0.112 0.004 0.210 0.006 0.371 0.005 0.161 0.005
2453241.54248 -0.289 0.005 -0.063 0.005 0.092 0.004 0.226 0.006 0.381 0.005 0.155 0.005
2453241.54285 -0.237 0.005 -0.066 0.005 0.115 0.004 0.171 0.006 0.352 0.005 0.181 0.005
2453241.54322 -0.258 0.005 -0.044 0.005 0.140 0.004 0.214 0.006 0.398 0.005 0.184 0.005
2453241.54361 -0.277 0.005 -0.060 0.005 0.125 0.004 0.217 0.006 0.402 0.005 0.185 0.005
2453241.54398 -0.250 0.005 -0.018 0.005 0.126 0.004 0.232 0.006 0.376 0.005 0.144 0.005
2453241.54435 -0.269 0.005 -0.047 0.005 0.129 0.004 0.222 0.006 0.398 0.005 0.176 0.005
2453241.54472 -0.277 0.005 -0.067 0.005 0.119 0.004 0.210 0.006 0.396 0.005 0.186 0.005
2453241.54510 -0.249 0.006 -0.034 0.006 0.134 0.005 0.215 0.006 0.383 0.005 0.168 0.005
2453241.54547 -0.252 0.005 -0.057 0.005 0.122 0.004 0.195 0.006 0.374 0.005 0.179 0.005
2453241.54584 -0.245 0.006 -0.048 0.006 0.131 0.005 0.197 0.006 0.376 0.005 0.179 0.005
2453241.54622 -0.256 0.005 -0.063 0.005 0.117 0.004 0.193 0.006 0.373 0.005 0.180 0.005
2453241.54659 -0.277 0.005 -0.049 0.005 0.115 0.004 0.228 0.006 0.392 0.005 0.164 0.005
2453241.54696 -0.267 0.005 -0.063 0.005 0.110 0.004 0.204 0.006 0.377 0.005 0.173 0.005
2453241.54733 -0.235 0.005 -0.036 0.005 0.142 0.004 0.199 0.006 0.377 0.005 0.178 0.005
2453241.54771 -0.268 0.006 -0.050 0.006 0.125 0.005 0.218 0.006 0.393 0.005 0.175 0.005
2453241.54808 -0.245 0.005 -0.058 0.005 0.145 0.004 0.187 0.006 0.390 0.005 0.203 0.005
2453241.54845 -0.239 0.006 -0.031 0.006 0.133 0.005 0.208 0.006 0.372 0.005 0.164 0.005
2453241.54883 -0.278 0.005 -0.039 0.005 0.114 0.004 0.239 0.006 0.392 0.005 0.153 0.005
2453241.54921 -0.275 0.006 -0.053 0.006 0.113 0.005 0.222 0.006 0.388 0.005 0.166 0.005
2453241.54958 -0.246 0.005 -0.029 0.005 0.124 0.004 0.217 0.006 0.370 0.005 0.153 0.005
2453241.54995 -0.231 0.006 -0.037 0.006 0.140 0.005 0.194 0.006 0.371 0.005 0.177 0.005
2453241.55032 -0.281 0.005 -0.039 0.005 0.128 0.004 0.242 0.006 0.409 0.005 0.167 0.005
2453241.55070 -0.278 0.005 -0.065 0.005 0.113 0.004 0.213 0.006 0.391 0.005 0.178 0.005
2453241.55107 -0.257 0.005 -0.051 0.005 0.132 0.004 0.206 0.006 0.389 0.005 0.183 0.005
2453241.55144 -0.273 0.005 -0.040 0.005 0.115 0.004 0.233 0.006 0.388 0.005 0.155 0.005
2453241.55181 -0.253 0.006 -0.039 0.006 0.120 0.005 0.214 0.006 0.373 0.005 0.159 0.005
2453241.55219 -0.269 0.006 -0.041 0.006 0.135 0.005 0.228 0.006 0.404 0.005 0.176 0.005
2453241.55256 -0.272 0.005 -0.057 0.005 0.138 0.004 0.215 0.006 0.410 0.005 0.195 0.005
2453241.55293 -0.267 0.005 -0.056 0.005 0.136 0.004 0.211 0.006 0.403 0.005 0.192 0.005
2453241.55330 -0.272 0.005 -0.055 0.005 0.109 0.004 0.217 0.006 0.381 0.005 0.164 0.005
2453241.55369 -0.238 0.005 -0.049 0.005 0.128 0.004 0.189 0.006 0.366 0.005 0.177 0.005
2453241.55406 -0.268 0.005 -0.073 0.005 0.095 0.004 0.195 0.006 0.363 0.005 0.168 0.005
2453241.55443 -0.282 0.005 -0.056 0.005 0.122 0.004 0.226 0.006 0.404 0.005 0.178 0.005
2453241.55480 -0.265 0.006 -0.065 0.006 0.112 0.005 0.200 0.006 0.377 0.005 0.177 0.005
2453241.55518 -0.252 0.005 -0.045 0.005 0.108 0.004 0.207 0.006 0.360 0.005 0.153 0.005
2453241.55555 -0.270 0.005 -0.052 0.005 0.117 0.004 0.218 0.006 0.387 0.005 0.169 0.005
2453241.55592 -0.276 0.006 -0.069 0.006 0.095 0.005 0.207 0.006 0.371 0.005 0.164 0.005
2453241.55630 -0.257 0.006 -0.057 0.006 0.125 0.005 0.200 0.006 0.382 0.005 0.182 0.005
2453241.55667 -0.246 0.005 -0.041 0.005 0.121 0.004 0.205 0.006 0.367 0.005 0.162 0.005
2453241.55704 -0.259 0.006 -0.051 0.006 0.120 0.005 0.208 0.006 0.379 0.005 0.171 0.005
2453241.55741 -0.259 0.006 -0.041 0.006 0.125 0.005 0.218 0.006 0.384 0.005 0.166 0.005
2453241.55780 -0.233 0.006 -0.046 0.006 0.142 0.005 0.187 0.006 0.375 0.005 0.188 0.005
2453241.55817 -0.265 0.006 -0.054 0.006 0.107 0.005 0.211 0.006 0.372 0.005 0.161 0.005
2453241.55854 -0.222 0.006 -0.033 0.006 0.129 0.005 0.189 0.006 0.351 0.005 0.162 0.005
2453241.55891 -0.263 0.006 -0.033 0.006 0.141 0.005 0.230 0.006 0.404 0.005 0.174 0.005
2453241.55929 -0.259 0.006 -0.024 0.006 0.139 0.005 0.235 0.006 0.398 0.005 0.163 0.005
2453241.55966 -0.234 0.006 -0.003 0.006 0.151 0.005 0.231 0.006 0.385 0.005 0.154 0.005
2453241.56003 -0.247 0.006 -0.016 0.006 0.145 0.005 0.231 0.006 0.392 0.005 0.161 0.005
2453241.56040 -0.229 0.006 -0.013 0.006 0.142 0.006 0.216 0.006 0.371 0.006 0.155 0.006
2453241.56078 -0.257 0.006 -0.046 0.006 0.111 0.005 0.211 0.006 0.368 0.005 0.157 0.005
2453241.56115 -0.242 0.006 -0.022 0.006 0.152 0.005 0.220 0.006 0.394 0.005 0.174 0.005
2453241.56152 -0.245 0.006 -0.044 0.006 0.145 0.005 0.201 0.006 0.390 0.005 0.189 0.005
2453241.56189 -0.248 0.006 -0.011 0.006 0.143 0.005 0.237 0.006 0.391 0.005 0.154 0.005
2453241.56227 -0.241 0.006 -0.037 0.006 0.112 0.005 0.204 0.006 0.353 0.005 0.149 0.005
2453241.56264 -0.217 0.006 -0.025 0.006 0.162 0.005 0.192 0.006 0.379 0.005 0.187 0.005
2453241.56302 -0.281 0.006 -0.060 0.006 0.132 0.005 0.221 0.006 0.413 0.005 0.192 0.005
2453241.56339 -0.248 0.006 -0.034 0.006 0.134 0.005 0.214 0.006 0.382 0.005 0.168 0.005
2453241.56377 -0.222 0.006 -0.038 0.006 0.170 0.005 0.184 0.006 0.392 0.005 0.208 0.005
2453241.56414 -0.226 0.006 -0.019 0.006 0.132 0.005 0.207 0.006 0.358 0.005 0.151 0.005
2453241.56451 -0.241 0.006 -0.033 0.006 0.158 0.005 0.208 0.006 0.399 0.005 0.191 0.005
2453241.56489 -0.244 0.006 -0.050 0.006 0.128 0.005 0.194 0.006 0.372 0.005 0.178 0.005
2453241.56526 -0.250 0.006 -0.031 0.006 0.138 0.005 0.219 0.006 0.388 0.005 0.169 0.005
2453241.56563 -0.254 0.006 -0.027 0.006 0.142 0.005 0.227 0.006 0.396 0.005 0.169 0.005
2453241.56600 -0.231 0.006 -0.040 0.006 0.171 0.005 0.191 0.006 0.402 0.005 0.211 0.005
2453241.56638 -0.237 0.006 -0.045 0.006 0.134 0.005 0.192 0.006 0.371 0.005 0.179 0.005
2453241.56675 -0.228 0.006 -0.023 0.006 0.156 0.005 0.205 0.006 0.384 0.005 0.179 0.005
2453241.56712 -0.245 0.006 -0.011 0.006 0.186 0.005 0.234 0.006 0.431 0.005 0.197 0.005
2453241.56749 -0.237 0.006 -0.018 0.006 0.161 0.005 0.219 0.006 0.398 0.005 0.179 0.005
2453241.56788 -0.227 0.006 -0.025 0.006 0.135 0.005 0.202 0.006 0.362 0.005 0.160 0.005
2453241.56825 -0.243 0.006 -0.026 0.006 0.129 0.005 0.217 0.006 0.372 0.005 0.155 0.005
2453241.56862 -0.244 0.006 -0.040 0.006 0.149 0.005 0.204 0.006 0.393 0.005 0.189 0.005
2453241.56899 -0.221 0.006 -0.030 0.006 0.142 0.005 0.191 0.006 0.363 0.005 0.172 0.005
2453241.56937 -0.223 0.006 -0.024 0.006 0.139 0.005 0.199 0.006 0.362 0.005 0.163 0.005
2453241.56974 -0.229 0.006 -0.017 0.006 0.172 0.005 0.212 0.006 0.401 0.005 0.189 0.005
2453241.57011 -0.231 0.006 -0.046 0.006 0.161 0.005 0.185 0.006 0.392 0.005 0.207 0.005
2453241.57049 -0.232 0.006 -0.033 0.006 0.151 0.005 0.199 0.006 0.383 0.005 0.184 0.005
2453241.57086 -0.236 0.006 -0.006 0.006 0.171 0.005 0.230 0.006 0.407 0.005 0.177 0.005
2453241.57123 -0.226 0.006 0.012 0.006 0.171 0.005 0.238 0.006 0.397 0.005 0.159 0.005
2453241.57160 -0.231 0.006 -0.008 0.006 0.157 0.005 0.223 0.006 0.388 0.005 0.165 0.005
2453241.57198 -0.249 0.006 -0.036 0.006 0.136 0.005 0.213 0.006 0.385 0.005 0.172 0.005
2453241.57236 -0.219 0.006 -0.035 0.006 0.147 0.005 0.184 0.006 0.366 0.005 0.182 0.005
2453241.57273 -0.237 0.006 -0.048 0.006 0.150 0.005 0.189 0.006 0.387 0.005 0.198 0.005
2453241.57310 -0.258 0.006 -0.011 0.006 0.157 0.005 0.247 0.006 0.415 0.005 0.168 0.005
2453241.57348 -0.212 0.006 -0.006 0.006 0.190 0.005 0.206 0.006 0.402 0.005 0.196 0.005
2453241.57385 -0.221 0.006 0.002 0.006 0.169 0.005 0.223 0.006 0.390 0.005 0.167 0.005
2453241.57422 -0.229 0.006 0.012 0.006 0.146 0.005 0.241 0.006 0.375 0.005 0.134 0.005
2453241.57459 -0.227 0.006 -0.012 0.006 0.133 0.005 0.215 0.006 0.360 0.005 0.145 0.005
2453241.57497 -0.232 0.006 -0.008 0.006 0.143 0.005 0.224 0.006 0.375 0.005 0.151 0.005
2453241.57534 -0.240 0.006 -0.021 0.006 0.155 0.005 0.219 0.006 0.395 0.005 0.176 0.005
2453241.57571 -0.231 0.006 -0.019 0.006 0.166 0.005 0.212 0.006 0.397 0.005 0.185 0.005
2453241.57608 -0.223 0.006 0.002 0.006 0.151 0.006 0.225 0.006 0.374 0.006 0.149 0.006
2453241.57646 -0.226 0.006 -0.033 0.006 0.139 0.006 0.193 0.006 0.365 0.006 0.172 0.006
2453241.57683 -0.246 0.006 0.001 0.006 0.178 0.005 0.247 0.006 0.424 0.005 0.177 0.005
2453241.57720 -0.233 0.006 -0.039 0.006 0.155 0.005 0.194 0.006 0.388 0.005 0.194 0.005
2453241.57758 -0.238 0.006 -0.027 0.006 0.156 0.005 0.211 0.006 0.394 0.005 0.183 0.005
2453241.57796 -0.241 0.006 -0.005 0.006 0.161 0.006 0.236 0.006 0.402 0.006 0.166 0.006
2453241.57833 -0.221 0.006 -0.039 0.006 0.135 0.005 0.182 0.006 0.356 0.005 0.174 0.005
2453241.57870 -0.204 0.006 0.013 0.006 0.166 0.006 0.217 0.006 0.370 0.006 0.153 0.006
2453241.57907 -0.239 0.006 -0.036 0.006 0.138 0.005 0.203 0.006 0.377 0.005 0.174 0.005
2453241.57945 -0.222 0.006 -0.028 0.006 0.171 0.005 0.194 0.006 0.393 0.005 0.199 0.005
2453241.57982 -0.249 0.006 -0.032 0.006 0.153 0.005 0.217 0.006 0.402 0.005 0.185 0.005
2453241.58019 -0.238 0.006 -0.021 0.006 0.169 0.005 0.217 0.006 0.407 0.005 0.190 0.005
2453241.58056 -0.259 0.006 -0.034 0.006 0.165 0.005 0.225 0.006 0.424 0.005 0.199 0.005
2453241.58094 -0.202 0.006 0.006 0.006 0.124 0.006 0.208 0.006 0.326 0.006 0.118 0.006
2453241.58131 -0.173 0.006 0.023 0.006 0.186 0.006 0.196 0.006 0.359 0.006 0.163 0.006
2453241.58168 -0.254 0.006 -0.038 0.006 0.174 0.005 0.216 0.006 0.428 0.005 0.212 0.005
2453241.58207 -0.216 0.006 0.004 0.006 0.145 0.006 0.220 0.006 0.361 0.006 0.141 0.006
2453241.58244 -0.256 0.006 0.009 0.006 0.168 0.005 0.265 0.006 0.424 0.005 0.159 0.005
2453241.58281 -0.209 0.006 0.009 0.006 0.182 0.005 0.218 0.006 0.391 0.005 0.173 0.005
2453241.58318 -0.237 0.006 -0.031 0.006 0.137 0.006 0.206 0.006 0.374 0.006 0.168 0.006
2453241.58356 -0.206 0.006 0.045 0.006 0.182 0.006 0.251 0.006 0.388 0.006 0.137 0.006
2453241.58393 -0.209 0.006 0.001 0.006 0.162 0.006 0.210 0.006 0.371 0.006 0.161 0.006
2453241.58430 -0.254 0.006 -0.013 0.006 0.138 0.006 0.241 0.006 0.392 0.006 0.151 0.006
2453241.58467 -0.231 0.006 -0.001 0.006 0.188 0.005 0.230 0.006 0.419 0.005 0.189 0.005
2453241.58505 -0.253 0.006 -0.031 0.006 0.147 0.005 0.222 0.006 0.400 0.005 0.178 0.005
2453241.58542 -0.235 0.006 -0.016 0.006 0.128 0.006 0.219 0.006 0.363 0.006 0.144 0.006
2453241.58579 -0.247 0.006 -0.036 0.006 0.147 0.006 0.211 0.006 0.394 0.006 0.183 0.006
2453241.58616 -0.208 0.006 -0.002 0.006 0.153 0.006 0.206 0.006 0.361 0.006 0.155 0.006
2453241.58655 -0.250 0.006 -0.004 0.006 0.165 0.006 0.246 0.006 0.415 0.006 0.169 0.006
2453241.58692 -0.246 0.006 -0.008 0.006 0.151 0.006 0.238 0.006 0.397 0.006 0.159 0.006
2453241.58729 -0.259 0.006 -0.031 0.006 0.155 0.006 0.228 0.006 0.414 0.006 0.186 0.006
2453241.58766 -0.185 0.006 0.042 0.006 0.175 0.006 0.227 0.006 0.360 0.006 0.133 0.006
2453241.58804 -0.236 0.006 -0.036 0.006 0.151 0.006 0.200 0.006 0.387 0.006 0.187 0.006
2453241.58841 -0.214 0.006 -0.013 0.006 0.170 0.006 0.201 0.006 0.384 0.006 0.183 0.006
2453241.58878 -0.227 0.006 -0.007 0.006 0.160 0.006 0.220 0.006 0.387 0.006 0.167 0.006
2453241.58915 -0.237 0.006 -0.019 0.006 0.172 0.006 0.218 0.006 0.409 0.006 0.191 0.006
2453241.58953 -0.208 0.006 -0.007 0.006 0.139 0.006 0.201 0.006 0.347 0.006 0.146 0.006
2453241.58990 -0.224 0.006 -0.001 0.006 0.162 0.006 0.223 0.006 0.386 0.006 0.163 0.006
2453241.59027 -0.261 0.006 0.001 0.006 0.184 0.006 0.262 0.006 0.445 0.006 0.183 0.006
2453241.59064 -0.218 0.006 -0.016 0.006 0.170 0.006 0.202 0.006 0.388 0.006 0.186 0.006
2453241.59102 -0.216 0.006 0.002 0.006 0.157 0.006 0.218 0.006 0.373 0.006 0.155 0.006
2453241.59139 -0.194 0.006 -0.016 0.006 0.139 0.006 0.178 0.006 0.333 0.006 0.155 0.006
2453241.59177 -0.259 0.006 0.012 0.006 0.166 0.006 0.271 0.006 0.425 0.006 0.154 0.006
2453241.59215 -0.250 0.006 -0.013 0.006 0.154 0.006 0.237 0.006 0.404 0.006 0.167 0.006
2453241.59252 -0.222 0.006 0.003 0.006 0.160 0.006 0.225 0.006 0.382 0.006 0.157 0.006
2453241.59289 -0.254 0.006 0.003 0.006 0.146 0.006 0.257 0.006 0.400 0.006 0.143 0.006
2453241.59326 -0.242 0.006 -0.045 0.006 0.163 0.006 0.197 0.006 0.405 0.006 0.208 0.006
2453241.59364 -0.202 0.006 0.021 0.006 0.156 0.006 0.223 0.006 0.358 0.006 0.135 0.006
2453241.59401 -0.224 0.006 -0.001 0.006 0.175 0.006 0.223 0.006 0.399 0.006 0.176 0.006
2453241.59438 -0.233 0.006 -0.016 0.006 0.155 0.006 0.217 0.006 0.388 0.006 0.171 0.006
2453241.59475 -0.205 0.007 -0.031 0.007 0.155 0.006 0.174 0.007 0.360 0.006 0.186 0.006
2453241.59513 -0.208 0.008 0.013 0.007 0.145 0.007 0.221 0.008 0.353 0.008 0.132 0.007
2453241.59550 -0.203 0.007 0.000 0.007 0.169 0.006 0.203 0.007 0.372 0.006 0.169 0.006
2453241.59587 -0.218 0.007 -0.009 0.007 0.193 0.006 0.209 0.007 0.411 0.006 0.202 0.006
2453241.59624 -0.258 0.006 0.001 0.006 0.139 0.006 0.259 0.006 0.397 0.006 0.138 0.006
2453241.59663 -0.236 0.006 0.000 0.006 0.180 0.006 0.236 0.007 0.416 0.006 0.180 0.006
2453241.59700 -0.221 0.006 -0.003 0.006 0.178 0.006 0.218 0.007 0.399 0.006 0.181 0.006
2453241.59737 -0.209 0.006 0.002 0.006 0.173 0.006 0.211 0.007 0.382 0.006 0.171 0.006
2453241.59774 -0.212 0.007 0.089 0.006 0.245 0.006 0.301 0.006 0.457 0.006 0.156 0.006
2453241.59812 -0.230 0.007 0.012 0.006 0.160 0.006 0.242 0.006 0.390 0.006 0.148 0.006
2453241.59849 -0.242 0.007 -0.009 0.007 0.159 0.006 0.233 0.007 0.401 0.006 0.168 0.006
2453241.59886 -0.244 0.007 0.007 0.007 0.166 0.006 0.251 0.007 0.410 0.006 0.159 0.006
2453241.59923 -0.232 0.006 -0.005 0.006 0.123 0.006 0.227 0.006 0.355 0.006 0.128 0.006
2453241.59961 -0.203 0.006 0.003 0.006 0.150 0.006 0.206 0.006 0.353 0.006 0.147 0.006
2453241.59998 -0.222 0.006 0.013 0.006 0.171 0.006 0.235 0.006 0.393 0.006 0.158 0.006
2453241.60035 -0.206 0.006 0.033 0.006 0.192 0.006 0.239 0.006 0.398 0.006 0.159 0.006
2453241.60072 -0.221 0.006 0.008 0.006 0.164 0.006 0.229 0.006 0.385 0.006 0.156 0.006
2453241.60111 -0.210 0.006 0.031 0.006 0.186 0.006 0.241 0.006 0.396 0.006 0.155 0.006
2453241.60148 -0.182 0.006 0.004 0.006 0.196 0.006 0.186 0.006 0.378 0.006 0.192 0.006
2453241.60185 -0.223 0.006 -0.015 0.006 0.204 0.006 0.208 0.006 0.427 0.006 0.219 0.006
2453241.60222 -0.228 0.006 0.026 0.006 0.195 0.006 0.254 0.006 0.423 0.006 0.169 0.006
2453241.60260 -0.235 0.006 0.018 0.006 0.168 0.006 0.253 0.006 0.403 0.006 0.150 0.006
2453241.60297 -0.253 0.006 0.023 0.006 0.179 0.006 0.276 0.006 0.432 0.006 0.156 0.006
2453241.60334 -0.236 0.006 0.004 0.006 0.155 0.006 0.240 0.006 0.391 0.006 0.151 0.006
2453241.60371 -0.214 0.006 0.003 0.006 0.173 0.006 0.217 0.006 0.387 0.006 0.170 0.006
2453241.60409 -0.234 0.007 0.000 0.007 0.174 0.006 0.234 0.007 0.408 0.006 0.174 0.006
2453241.60446 -0.192 0.006 0.009 0.006 0.206 0.006 0.201 0.006 0.398 0.006 0.197 0.006
2453241.60483 -0.228 0.006 0.002 0.006 0.152 0.006 0.230 0.006 0.380 0.006 0.150 0.006
2453241.60521 -0.251 0.006 0.013 0.006 0.180 0.006 0.264 0.006 0.431 0.006 0.167 0.006
2453241.60558 -0.237 0.006 -0.012 0.006 0.177 0.006 0.225 0.006 0.414 0.006 0.189 0.006
2453241.60595 -0.218 0.007 0.030 0.006 0.190 0.006 0.248 0.006 0.408 0.006 0.160 0.006
2453241.60633 -0.218 0.006 -0.004 0.006 0.168 0.006 0.214 0.006 0.386 0.006 0.172 0.006
2453241.60671 -0.215 0.007 0.043 0.006 0.229 0.006 0.258 0.006 0.444 0.006 0.186 0.006
2453241.60708 -0.197 0.007 0.019 0.007 0.170 0.006 0.216 0.007 0.367 0.006 0.151 0.006
2453241.60745 -0.236 0.007 0.004 0.007 0.175 0.006 0.240 0.007 0.411 0.006 0.171 0.006
2453241.60782 -0.184 0.008 -0.017 0.007 0.187 0.006 0.167 0.008 0.371 0.007 0.204 0.006
2453241.60820 -0.221 0.008 -0.022 0.007 0.152 0.007 0.199 0.008 0.373 0.008 0.174 0.007
2453241.60857 -0.250 0.008 -0.034 0.007 0.153 0.007 0.216 0.008 0.403 0.008 0.187 0.007
2453241.60894 -0.258 0.008 -0.002 0.007 0.145 0.007 0.256 0.008 0.403 0.008 0.147 0.007
2453241.60931 -0.240 0.008 -0.004 0.007 0.210 0.007 0.236 0.008 0.450 0.008 0.214 0.007
2453241.60969 -0.241 0.008 -0.018 0.007 0.146 0.007 0.223 0.008 0.387 0.008 0.164 0.007
2453241.61006 -0.256 0.008 0.016 0.007 0.175 0.007 0.272 0.008 0.431 0.008 0.159 0.007
2453241.61043 -0.188 0.008 0.082 0.007 0.210 0.006 0.270 0.008 0.398 0.007 0.128 0.006
2453241.61080 -0.260 0.008 0.022 0.007 0.202 0.006 0.282 0.008 0.462 0.007 0.180 0.006
2453241.61119 -0.227 0.008 -0.046 0.007 0.171 0.007 0.181 0.008 0.398 0.008 0.217 0.007
2453241.61156 -0.189 0.008 0.005 0.008 0.211 0.008 0.194 0.008 0.400 0.008 0.206 0.007
2453241.61193 -0.202 0.009 -0.036 0.008 0.139 0.008 0.166 0.009 0.341 0.009 0.175 0.008
2453241.61230 -0.115 0.009 0.022 0.008 0.250 0.008 0.137 0.009 0.365 0.009 0.228 0.008
2453241.61268 -0.197 0.009 0.045 0.008 0.200 0.008 0.242 0.009 0.397 0.009 0.155 0.008
2453241.61305 -0.168 0.009 0.021 0.008 0.222 0.008 0.189 0.009 0.390 0.009 0.201 0.008
2453241.61342 -0.216 0.012 0.035 0.011 0.210 0.010 0.251 0.011 0.426 0.011 0.175 0.009
2453241.61379 -0.259 0.011 0.038 0.010 0.206 0.009 0.297 0.011 0.465 0.011 0.168 0.009
2453241.61417 -0.126 0.011 0.050 0.010 0.250 0.009 0.176 0.011 0.376 0.010 0.200 0.009
2453241.61454 -0.225 0.011 0.052 0.009 0.139 0.009 0.277 0.010 0.364 0.010 0.087 0.008
2453241.61491 -0.197 0.011 0.032 0.009 0.213 0.009 0.229 0.010 0.410 0.010 0.181 0.008
2453241.61528 -0.237 0.010 -0.008 0.009 0.151 0.008 0.229 0.011 0.388 0.010 0.159 0.009
2453241.61567 -0.112 0.012 0.037 0.011 0.172 0.011 0.149 0.012 0.284 0.011 0.135 0.011
2453241.61604 -0.178 0.014 -0.026 0.013 0.202 0.012 0.152 0.014 0.380 0.014 0.228 0.012
