JD V-C s1 V-C1 s2 V-C2 s3 C-C1 s4 C-C2 s5 C1-C2 s6
Aperture: 2.00, Filter: 5.00
2453218.31595 1.330 0.023 1.502 0.023 1.706 0.023 0.172 0.011 0.376 0.010 0.204 0.009


2453218.31671 1.321 0.023 1.508 0.023 1.663 0.023 0.187 0.011 0.342 0.010 0.155 0.009
2453218.31708 1.347 0.023 1.511 0.023 1.706 0.023 0.164 0.011 0.359 0.010 0.195 0.009
2453218.31745 1.354 0.023 1.567 0.023 99.999 9.999 0.213 0.011 99.999 9.999 99.999 9.999
2453218.31782 1.384 0.023 1.543 0.023 1.728 0.023 0.159 0.011 0.344 0.010 0.185 0.009


2453218.31857 1.315 0.022 1.512 0.022 1.700 0.022 0.197 0.011 0.385 0.010 0.188 0.009
2453218.31894 1.347 0.023 1.526 0.023 1.728 0.023 0.179 0.011 0.381 0.010 0.202 0.009
2453218.31931 1.316 0.022 1.490 0.022 1.676 0.022 0.174 0.011 0.360 0.010 0.186 0.009
2453218.31969 1.328 0.022 1.550 0.022 1.710 0.022 0.222 0.011 0.382 0.010 0.160 0.009
2453218.32006 1.359 0.022 1.549 0.022 1.723 0.022 0.190 0.011 0.364 0.010 0.174 0.009


2453218.32080 1.279 0.021 1.477 0.020 1.664 0.020 0.198 0.011 0.385 0.010 0.187 0.009
2453218.32119 1.329 0.022 1.500 0.021 99.999 9.999 0.171 0.011 99.999 9.999 99.999 9.999
2453218.32156 1.293 0.021 1.486 0.020 1.661 0.020 0.193 0.011 0.368 0.010 0.175 0.009
2453218.32193 1.336 0.022 1.521 0.022 1.702 0.022 0.185 0.011 0.366 0.010 0.181 0.009
2453218.32230 1.338 0.022 1.517 0.021 1.720 0.021 0.179 0.011 0.382 0.010 0.203 0.009
2453218.32268 1.297 0.022 1.468 0.021 1.639 0.021 0.171 0.011 0.342 0.010 0.171 0.009
2453218.32305 1.326 0.022 1.520 0.021 1.695 0.021 0.194 0.011 0.369 0.010 0.175 0.009
2453218.32342 1.352 0.022 1.544 0.021 1.709 0.021 0.192 0.011 0.357 0.010 0.165 0.009
2453218.32380 1.293 0.021 1.484 0.020 99.999 9.999 0.191 0.011 99.999 9.999 99.999 9.999
2453218.32417 1.260 0.021 1.461 0.020 1.634 0.020 0.201 0.011 0.374 0.010 0.173 0.009
2453218.32454 1.269 0.021 1.462 0.020 1.654 0.020 0.193 0.011 0.385 0.010 0.192 0.009
2453218.32491 1.299 0.021 1.499 0.020 1.685 0.020 0.200 0.011 0.386 0.010 0.186 0.009
2453218.32530 1.302 0.021 1.494 0.020 1.660 0.020 0.192 0.011 0.358 0.010 0.166 0.009
2453218.32567 1.283 0.019 1.448 0.019 1.650 0.019 0.165 0.010 0.367 0.009 0.202 0.009


2453218.32641 1.239 0.019 1.420 0.019 1.600 0.019 0.181 0.010 0.361 0.009 0.180 0.009


2453218.32716 1.356 0.020 1.539 0.020 1.709 0.020 0.183 0.010 0.353 0.009 0.170 0.009
2453218.32753 1.359 0.021 1.528 0.021 99.999 9.999 0.169 0.009 99.999 9.999 99.999 9.999
2453218.32790 1.295 0.020 1.476 0.020 1.656 0.020 0.181 0.009 0.361 0.009 0.180 0.008
2453218.32828 1.292 0.020 1.474 0.020 1.658 0.020 0.182 0.010 0.366 0.009 0.184 0.009
2453218.32865 99.999 9.999 1.506 0.020 1.702 0.020 99.999 9.999 99.999 9.999 0.196 0.009


2453218.32939 1.304 0.020 1.492 0.020 1.677 0.020 0.188 0.009 0.373 0.009 0.185 0.008
2453218.32977 1.296 0.019 1.480 0.019 1.662 0.019 0.184 0.009 0.366 0.009 0.182 0.008
2453218.33014 1.325 0.020 1.510 0.020 1.669 0.020 0.185 0.010 0.344 0.009 0.159 0.009
2453218.33052 1.320 0.022 1.482 0.021 1.690 0.021 0.162 0.011 0.370 0.010 0.208 0.009
2453218.33089 1.336 0.020 1.543 0.020 1.697 0.020 0.207 0.009 0.361 0.009 0.154 0.008
2453218.33127 1.343 0.020 1.487 0.020 1.674 0.020 0.144 0.010 0.331 0.009 0.187 0.009
2453218.33164 1.341 0.020 1.521 0.020 1.693 0.020 0.180 0.009 0.352 0.009 0.172 0.008
2453218.33201 1.344 0.019 1.509 0.019 1.708 0.019 0.165 0.010 0.364 0.009 0.199 0.009


2453218.33276 1.358 0.021 1.548 0.021 1.725 0.021 0.190 0.009 0.367 0.009 0.177 0.008


2453218.33350 1.328 0.019 1.515 0.019 1.673 0.019 0.187 0.009 0.345 0.009 0.158 0.008
2453218.33387 1.335 0.020 1.491 0.020 1.689 0.020 0.156 0.010 0.354 0.009 0.198 0.009
2453218.33425 1.308 0.020 1.485 0.020 1.697 0.020 0.177 0.010 0.389 0.009 0.212 0.009
2453218.33462 1.294 0.020 1.482 0.020 1.667 0.020 0.188 0.010 0.373 0.009 0.185 0.009
2453218.33499 1.352 0.020 1.524 0.020 1.722 0.020 0.172 0.010 0.370 0.009 0.198 0.009
2453218.33536 1.296 0.019 1.457 0.019 1.651 0.019 0.161 0.010 0.355 0.009 0.194 0.009
2453218.33575 1.309 0.019 1.464 0.019 1.665 0.019 0.155 0.009 0.356 0.009 0.201 0.008
2453218.33612 1.285 0.019 1.487 0.019 1.661 0.019 0.202 0.009 0.376 0.009 0.174 0.008


2453218.33686 1.300 0.018 1.472 0.018 1.639 0.018 0.172 0.009 0.339 0.009 0.167 0.008
2453218.33724 1.294 0.019 1.465 0.019 1.652 0.019 0.171 0.009 0.358 0.009 0.187 0.008


2453218.33798 1.268 0.019 1.460 0.019 1.614 0.019 0.192 0.009 0.346 0.009 0.154 0.008
2453218.33835 1.310 0.019 1.460 0.019 1.679 0.019 0.150 0.010 0.369 0.009 0.219 0.009


2453218.33910 1.273 0.019 1.450 0.019 1.667 0.019 0.177 0.009 0.394 0.009 0.217 0.008
2453218.33947 1.260 0.019 1.438 0.019 1.650 0.019 0.178 0.009 0.390 0.009 0.212 0.008
2453218.33984 1.275 0.020 1.466 0.020 1.670 0.020 0.191 0.010 0.395 0.009 0.204 0.009
2453218.34023 1.269 0.018 1.451 0.018 99.999 9.999 0.182 0.009 99.999 9.999 99.999 9.999
2453218.34060 99.999 9.999 1.456 0.019 99.999 9.999 99.999 9.999 99.999 9.999 99.999 9.999
2453218.34097 1.303 0.019 1.483 0.019 99.999 9.999 0.180 0.009 99.999 9.999 99.999 9.999
2453218.34134 1.265 0.018 1.400 0.018 1.599 0.018 0.135 0.009 0.334 0.009 0.199 0.008
2453218.34172 1.272 0.019 1.447 0.019 1.601 0.019 0.175 0.009 0.329 0.009 0.154 0.008
2453218.34209 1.265 0.018 1.423 0.018 1.617 0.018 0.158 0.010 0.352 0.009 0.194 0.009
2453218.34246 1.271 0.019 1.462 0.019 1.625 0.019 0.191 0.009 0.354 0.009 0.163 0.008
2453218.34283 1.308 0.019 1.490 0.019 1.645 0.019 0.182 0.009 0.337 0.009 0.155 0.008


2453218.34358 1.259 0.018 1.414 0.018 1.586 0.018 0.155 0.010 0.327 0.009 0.172 0.009
2453218.34395 1.251 0.019 1.401 0.019 1.604 0.019 0.150 0.010 0.353 0.009 0.203 0.009
2453218.34432 1.258 0.018 1.431 0.018 1.609 0.018 0.173 0.009 0.351 0.009 0.178 0.008
2453218.34470 1.284 0.019 1.448 0.019 1.644 0.019 0.164 0.009 0.360 0.009 0.196 0.008
2453218.34508 1.289 0.019 1.447 0.019 1.643 0.019 0.158 0.009 0.354 0.009 0.196 0.008
2453218.34545 1.244 0.019 1.426 0.019 1.608 0.019 0.182 0.009 0.364 0.009 0.182 0.008
2453218.34582 1.266 0.018 1.446 0.018 1.618 0.018 0.180 0.009 0.352 0.009 0.172 0.008
2453218.34620 1.245 0.019 1.428 0.019 1.619 0.019 0.183 0.009 0.374 0.009 0.191 0.008
2453218.34657 1.242 0.018 1.439 0.018 1.623 0.018 0.197 0.009 0.381 0.009 0.184 0.008
2453218.34694 1.307 0.018 1.475 0.018 99.999 9.999 0.168 0.009 99.999 9.999 99.999 9.999
2453218.34731 1.249 0.018 1.398 0.018 1.602 0.018 0.149 0.009 0.353 0.009 0.204 0.008
2453218.34769 1.277 0.018 1.447 0.018 1.596 0.018 0.170 0.009 0.319 0.009 0.149 0.008


2453218.34843 1.272 0.019 1.465 0.019 1.636 0.019 0.193 0.009 0.364 0.009 0.171 0.008
2453218.34881 1.250 0.019 1.439 0.019 1.624 0.019 0.189 0.009 0.374 0.009 0.185 0.008
2453218.34918 1.227 0.018 1.414 0.018 1.584 0.018 0.187 0.009 0.357 0.009 0.170 0.008
2453218.34955 1.310 0.019 1.478 0.019 99.999 9.999 0.168 0.009 99.999 9.999 99.999 9.999
2453218.34992 1.260 0.018 1.441 0.018 1.621 0.018 0.181 0.009 0.361 0.009 0.180 0.008
2453218.35031 1.262 0.018 1.416 0.018 1.606 0.018 0.154 0.009 0.344 0.009 0.190 0.008


2453218.35105 1.265 0.018 1.466 0.018 99.999 9.999 0.201 0.009 99.999 9.999 99.999 9.999
2453218.35142 1.250 0.019 99.999 9.999 1.646 0.019 99.999 9.999 0.396 0.009 99.999 9.999


2453218.35217 1.243 0.018 1.417 0.018 1.606 0.018 0.174 0.009 0.363 0.009 0.189 0.008
2453218.35254 1.253 0.018 1.421 0.018 99.999 9.999 0.168 0.009 99.999 9.999 99.999 9.999
2453218.35291 1.253 0.018 1.422 0.018 1.595 0.018 0.169 0.009 0.342 0.009 0.173 0.008
2453218.35329 1.239 0.018 1.392 0.018 99.999 9.999 0.153 0.009 99.999 9.999 99.999 9.999
2453218.35366 1.242 0.018 1.434 0.018 1.575 0.018 0.192 0.009 0.333 0.009 0.141 0.008
2453218.35403 1.262 0.018 1.453 0.018 1.613 0.018 0.191 0.009 0.351 0.009 0.160 0.008
2453218.35440 1.296 0.018 1.447 0.018 1.625 0.018 0.151 0.009 0.329 0.009 0.178 0.008
2453218.35479 99.999 9.999 1.460 0.017 99.999 9.999 99.999 9.999 99.999 9.999 99.999 9.999
2453218.35516 1.231 0.017 1.401 0.017 1.555 0.017 0.170 0.009 0.324 0.009 0.154 0.008
2453218.35553 1.241 0.018 1.434 0.018 1.610 0.018 0.193 0.009 0.369 0.009 0.176 0.008
2453218.35590 1.213 0.017 1.374 0.017 99.999 9.999 0.161 0.009 99.999 9.999 99.999 9.999
2453218.35628 99.999 9.999 1.435 0.018 1.655 0.018 99.999 9.999 99.999 9.999 0.220 0.008
2453218.35665 1.278 0.018 1.435 0.018 1.620 0.018 0.157 0.009 0.342 0.009 0.185 0.008
2453218.35702 1.238 0.017 1.414 0.017 1.574 0.017 0.176 0.009 0.336 0.009 0.160 0.008
2453218.35739 1.224 0.017 1.370 0.017 1.570 0.017 0.146 0.009 0.346 0.009 0.200 0.008


2453218.35814 1.274 0.018 1.437 0.018 1.592 0.018 0.163 0.009 0.318 0.009 0.155 0.008
2453218.35851 1.249 0.017 1.397 0.017 1.635 0.017 0.148 0.009 0.386 0.009 0.238 0.008
2453218.35888 1.263 0.018 99.999 9.999 1.612 0.018 99.999 9.999 0.349 0.009 99.999 9.999
2453218.35927 1.272 0.018 1.448 0.018 99.999 9.999 0.176 0.009 99.999 9.999 99.999 9.999
2453218.35964 1.251 0.017 1.447 0.017 1.602 0.017 0.196 0.009 0.351 0.009 0.155 0.008
2453218.36001 1.256 0.017 1.417 0.017 1.626 0.017 0.161 0.009 0.370 0.009 0.209 0.008
2453218.36038 99.999 9.999 1.438 0.018 1.661 0.018 99.999 9.999 99.999 9.999 0.223 0.008
2453218.36076 1.237 0.017 1.400 0.017 1.581 0.017 0.163 0.009 0.344 0.009 0.181 0.008
2453218.36113 1.252 0.018 1.446 0.018 1.611 0.018 0.194 0.009 0.359 0.009 0.165 0.008
2453218.36150 1.219 0.017 1.395 0.017 1.558 0.017 0.176 0.009 0.339 0.009 0.163 0.008
2453218.36187 1.239 0.018 1.429 0.018 1.635 0.018 0.190 0.009 0.396 0.009 0.206 0.008
2453218.36225 1.232 0.017 1.390 0.017 1.584 0.017 0.158 0.009 0.352 0.009 0.194 0.008
2453218.36262 1.255 0.018 1.403 0.018 1.619 0.018 0.148 0.009 0.364 0.009 0.216 0.008
2453218.36299 1.252 0.017 1.380 0.017 1.598 0.017 0.128 0.009 0.346 0.009 0.218 0.008
2453218.36336 1.268 0.017 1.412 0.017 1.623 0.017 0.144 0.009 0.355 0.009 0.211 0.008


2453218.36411 1.300 0.018 1.490 0.018 1.659 0.018 0.190 0.009 0.359 0.009 0.169 0.008
2453218.36448 1.248 0.018 1.448 0.018 1.595 0.018 0.200 0.009 0.347 0.009 0.147 0.008
2453218.36486 1.233 0.018 1.417 0.018 1.599 0.018 0.184 0.009 0.366 0.009 0.182 0.008
2453218.36524 1.238 0.017 1.385 0.017 1.611 0.017 0.147 0.009 0.373 0.009 0.226 0.008
2453218.36561 1.239 0.017 1.404 0.017 1.567 0.017 0.165 0.009 0.328 0.009 0.163 0.008
2453218.36598 1.240 0.018 1.397 0.018 1.597 0.018 0.157 0.009 0.357 0.009 0.200 0.008


2453218.36673 1.242 0.018 99.999 9.999 99.999 9.999 99.999 9.999 99.999 9.999 99.999 9.999


2453218.36747 1.214 0.017 1.422 0.017 1.576 0.017 0.208 0.009 0.362 0.009 0.154 0.008
2453218.36784 1.248 0.017 1.410 0.017 1.586 0.017 0.162 0.009 0.338 0.009 0.176 0.008
2453218.36822 1.251 0.017 1.371 0.017 1.576 0.017 0.120 0.009 0.325 0.009 0.205 0.008
2453218.36859 1.220 0.017 1.407 0.017 1.602 0.017 0.187 0.009 0.382 0.009 0.195 0.008
2453218.36896 1.252 0.018 1.441 0.018 1.592 0.018 0.189 0.009 0.340 0.009 0.151 0.008
2453218.36935 1.255 0.017 1.412 0.017 1.566 0.017 0.157 0.009 0.311 0.009 0.154 0.008


2453218.37009 1.203 0.018 1.378 0.018 1.592 0.018 0.175 0.009 0.389 0.009 0.214 0.008
2453218.37046 1.197 0.017 1.398 0.017 1.556 0.017 0.201 0.009 0.359 0.009 0.158 0.008
2453218.37084 1.180 0.017 99.999 9.999 1.533 0.017 99.999 9.999 0.353 0.009 99.999 9.999
2453218.37121 1.208 0.017 1.391 0.017 1.590 0.017 0.183 0.009 0.382 0.009 0.199 0.008
2453218.37158 1.216 0.017 1.390 0.017 1.564 0.017 0.174 0.009 0.348 0.009 0.174 0.008
2453218.37195 1.176 0.017 1.375 0.017 1.550 0.017 0.199 0.009 0.374 0.009 0.175 0.008
2453218.37233 1.223 0.018 1.375 0.018 1.563 0.018 0.152 0.009 0.340 0.009 0.188 0.008
2453218.37270 1.203 0.017 1.364 0.017 1.549 0.017 0.161 0.009 0.346 0.009 0.185 0.008
2453218.37307 1.216 0.018 1.399 0.018 1.599 0.018 0.183 0.009 0.383 0.009 0.200 0.008


2453218.37383 1.221 0.017 1.399 0.017 1.582 0.017 0.178 0.009 0.361 0.009 0.183 0.008
2453218.37420 1.217 0.017 1.403 0.017 1.570 0.017 0.186 0.009 0.353 0.009 0.167 0.008
2453218.37457 1.279 0.018 1.411 0.018 1.625 0.018 0.132 0.009 0.346 0.009 0.214 0.008
2453218.37494 1.231 0.017 1.403 0.017 1.573 0.017 0.172 0.009 0.342 0.009 0.170 0.008
2453218.37532 1.237 0.018 1.408 0.018 1.586 0.018 0.171 0.009 0.349 0.009 0.178 0.008
2453218.37569 1.260 0.018 1.422 0.018 1.597 0.018 0.162 0.009 0.337 0.009 0.175 0.008
2453218.37606 1.215 0.017 1.366 0.017 1.569 0.017 0.151 0.009 0.354 0.009 0.203 0.008
2453218.37643 1.243 0.017 1.409 0.017 1.572 0.017 0.166 0.009 0.329 0.009 0.163 0.008
2453218.37681 1.246 0.018 1.417 0.018 1.593 0.018 0.171 0.009 0.347 0.009 0.176 0.008
2453218.37718 1.203 0.017 1.371 0.017 1.557 0.017 0.168 0.009 0.354 0.009 0.186 0.008


2453218.37792 1.201 0.017 1.359 0.017 1.534 0.017 0.158 0.009 0.333 0.009 0.175 0.008
2453218.37830 1.255 0.018 1.435 0.018 1.613 0.018 0.180 0.009 0.358 0.009 0.178 0.008


2453218.37905 1.249 0.018 1.395 0.018 1.610 0.018 0.146 0.009 0.361 0.009 0.215 0.008
2453218.37942 1.243 0.019 1.423 0.019 1.577 0.019 0.180 0.009 0.334 0.009 0.154 0.008
2453218.37980 1.241 0.018 1.404 0.018 1.575 0.018 0.163 0.009 0.334 0.009 0.171 0.008
2453218.38017 1.236 0.018 1.396 0.018 1.614 0.018 0.160 0.009 0.378 0.009 0.218 0.008
2453218.38054 1.263 0.018 1.412 0.018 1.605 0.018 0.149 0.009 0.342 0.009 0.193 0.008
2453218.38092 1.244 0.018 1.429 0.018 1.612 0.018 0.185 0.009 0.368 0.009 0.183 0.008
2453218.38129 1.275 0.018 1.421 0.018 1.625 0.018 0.146 0.009 0.350 0.009 0.204 0.008


2453218.38203 1.250 0.018 1.407 0.018 1.600 0.018 0.157 0.009 0.350 0.009 0.193 0.008
2453218.38241 1.258 0.018 1.397 0.018 1.584 0.018 0.139 0.009 0.326 0.009 0.187 0.008
2453218.38278 1.251 0.018 1.429 0.018 1.611 0.018 0.178 0.009 0.360 0.009 0.182 0.008
2453218.38315 1.247 0.018 1.425 0.018 1.620 0.018 0.178 0.009 0.373 0.009 0.195 0.008
2453218.38352 1.258 0.018 1.433 0.018 1.625 0.018 0.175 0.009 0.367 0.009 0.192 0.008


2453218.38428 1.255 0.018 1.433 0.018 1.606 0.018 0.178 0.009 0.351 0.009 0.173 0.008
2453218.38465 1.269 0.019 1.463 0.019 1.650 0.019 0.194 0.009 0.381 0.009 0.187 0.008
2453218.38502 1.264 0.018 1.432 0.018 99.999 9.999 0.168 0.009 99.999 9.999 99.999 9.999
2453218.38540 1.261 0.018 1.404 0.018 1.589 0.018 0.143 0.009 0.328 0.009 0.185 0.008
2453218.38577 1.246 0.018 1.416 0.018 1.601 0.018 0.170 0.010 0.355 0.009 0.185 0.009
2453218.38614 1.273 0.019 1.442 0.019 1.643 0.019 0.169 0.010 0.370 0.009 0.201 0.009
2453218.38651 1.282 0.018 1.422 0.018 1.616 0.018 0.140 0.009 0.334 0.009 0.194 0.008
2453218.38689 1.278 0.019 1.422 0.019 1.615 0.019 0.144 0.010 0.337 0.009 0.193 0.009
2453218.38726 1.264 0.018 1.454 0.018 1.626 0.018 0.190 0.009 0.362 0.009 0.172 0.008
2453218.38763 1.245 0.018 1.429 0.018 1.593 0.018 0.184 0.009 0.348 0.009 0.164 0.008
2453218.38800 1.237 0.018 1.408 0.018 1.582 0.018 0.171 0.009 0.345 0.009 0.174 0.008
2453218.38839 1.232 0.019 1.409 0.019 1.589 0.019 0.177 0.009 0.357 0.009 0.180 0.008
2453218.38876 1.263 0.019 1.414 0.019 1.598 0.019 0.151 0.009 0.335 0.009 0.184 0.008
2453218.38913 1.228 0.018 1.373 0.018 1.591 0.018 0.145 0.010 0.363 0.009 0.218 0.009
2453218.38950 1.221 0.018 1.398 0.018 99.999 9.999 0.177 0.009 99.999 9.999 99.999 9.999
2453218.38988 1.238 0.018 1.388 0.018 1.593 0.018 0.150 0.009 0.355 0.009 0.205 0.008
2453218.39025 1.201 0.018 1.374 0.018 99.999 9.999 0.173 0.009 99.999 9.999 99.999 9.999
2453218.39062 1.192 0.018 99.999 9.999 1.532 0.018 99.999 9.999 0.340 0.009 99.999 9.999
2453218.39099 1.216 0.018 1.380 0.018 1.575 0.018 0.164 0.009 0.359 0.009 0.195 0.008
2453218.39137 1.244 0.018 1.394 0.018 1.584 0.018 0.150 0.009 0.340 0.009 0.190 0.008
2453218.39174 1.197 0.017 1.391 0.017 1.563 0.017 0.194 0.009 0.366 0.009 0.172 0.008
2453218.39211 1.237 0.018 1.411 0.018 1.568 0.018 0.174 0.009 0.331 0.009 0.157 0.008
2453218.39248 1.218 0.017 1.380 0.017 1.559 0.017 0.162 0.009 0.341 0.009 0.179 0.008
2453218.39286 1.235 0.019 1.416 0.019 1.584 0.019 0.181 0.009 0.349 0.009 0.168 0.008
2453218.39323 1.196 0.017 1.373 0.017 1.565 0.017 0.177 0.009 0.369 0.009 0.192 0.008
2453218.39361 1.220 0.018 1.390 0.018 1.559 0.018 0.170 0.009 0.339 0.009 0.169 0.008
2453218.39398 1.228 0.018 1.385 0.018 1.585 0.018 0.157 0.009 0.357 0.009 0.200 0.008
2453218.39436 1.193 0.017 1.361 0.017 1.541 0.017 0.168 0.009 0.348 0.009 0.180 0.008
2453218.39473 1.211 0.017 1.384 0.017 1.533 0.017 0.173 0.009 0.322 0.009 0.149 0.008
2453218.39510 1.195 0.017 1.339 0.017 1.564 0.017 0.144 0.010 0.369 0.009 0.225 0.009
2453218.39547 1.200 0.018 1.348 0.018 1.529 0.018 0.148 0.009 0.329 0.009 0.181 0.008
2453218.39585 1.192 0.017 1.355 0.017 1.544 0.017 0.163 0.009 0.352 0.009 0.189 0.008
2453218.39622 1.196 0.017 1.353 0.017 1.551 0.017 0.157 0.009 0.355 0.009 0.198 0.008
2453218.39659 1.233 0.018 1.392 0.018 1.579 0.018 0.159 0.009 0.346 0.009 0.187 0.008
2453218.39696 99.999 9.999 1.400 0.018 1.599 0.018 99.999 9.999 99.999 9.999 0.199 0.008
2453218.39734 1.219 0.017 1.379 0.017 1.567 0.017 0.160 0.009 0.348 0.009 0.188 0.008
2453218.39771 1.228 0.018 1.372 0.018 1.587 0.018 0.144 0.009 0.359 0.009 0.215 0.008
2453218.39808 1.166 0.017 1.339 0.017 1.512 0.017 0.173 0.009 0.346 0.009 0.173 0.008
2453218.39845 1.188 0.017 1.362 0.017 99.999 9.999 0.174 0.009 99.999 9.999 99.999 9.999
2453218.39884 1.169 0.017 1.347 0.017 1.541 0.017 0.178 0.009 0.372 0.009 0.194 0.008
2453218.39921 1.186 0.018 99.999 9.999 1.543 0.018 99.999 9.999 0.357 0.009 99.999 9.999


2453218.39995 1.196 0.017 1.360 0.017 1.528 0.017 0.164 0.009 0.332 0.009 0.168 0.008
2453218.40033 1.152 0.017 1.317 0.017 1.517 0.017 0.165 0.009 0.365 0.009 0.200 0.008
2453218.40070 1.146 0.017 1.313 0.017 1.462 0.017 0.167 0.009 0.316 0.009 0.149 0.008
2453218.40107 1.154 0.017 1.355 0.017 1.501 0.017 0.201 0.009 0.347 0.009 0.146 0.008
2453218.40144 1.179 0.017 1.332 0.017 99.999 9.999 0.153 0.009 99.999 9.999 99.999 9.999
2453218.40182 1.184 0.017 99.999 9.999 1.555 0.017 99.999 9.999 0.371 0.009 99.999 9.999
2453218.40219 1.182 0.017 1.347 0.017 1.510 0.017 0.165 0.009 0.328 0.009 0.163 0.008


2453218.40293 1.241 0.018 99.999 9.999 1.561 0.018 99.999 9.999 0.320 0.009 99.999 9.999


2453218.40369 1.172 0.017 1.352 0.017 1.519 0.017 0.180 0.009 0.347 0.009 0.167 0.008


2453218.40443 1.186 0.017 1.367 0.017 1.542 0.017 0.181 0.009 0.356 0.009 0.175 0.008
2453218.40481 1.231 0.018 1.357 0.018 1.590 0.018 0.126 0.010 0.359 0.009 0.233 0.009


2453218.40555 1.219 0.018 1.402 0.018 99.999 9.999 0.183 0.009 99.999 9.999 99.999 9.999
2453218.40592 1.200 0.017 1.385 0.017 1.530 0.017 0.185 0.009 0.330 0.009 0.145 0.008


2453218.40667 1.173 0.017 1.343 0.017 1.526 0.017 0.170 0.009 0.353 0.009 0.183 0.008


2453218.40741 1.197 0.017 1.351 0.017 1.524 0.017 0.154 0.009 0.327 0.009 0.173 0.008


2453218.40817 99.999 9.999 1.365 0.017 99.999 9.999 99.999 9.999 99.999 9.999 99.999 9.999
2453218.40854 1.236 0.018 1.406 0.018 1.577 0.018 0.170 0.009 0.341 0.009 0.171 0.008


2453218.40929 1.195 0.017 99.999 9.999 1.567 0.017 99.999 9.999 0.372 0.009 99.999 9.999
2453218.40966 1.168 0.017 1.340 0.017 1.488 0.017 0.172 0.009 0.320 0.009 0.148 0.008
2453218.41003 1.203 0.018 1.357 0.018 1.570 0.018 0.154 0.010 0.367 0.009 0.213 0.009
2453218.41040 1.179 0.017 1.347 0.017 1.562 0.017 0.168 0.009 0.383 0.009 0.215 0.008
2453218.41078 1.186 0.017 1.370 0.017 1.525 0.017 0.184 0.009 0.339 0.009 0.155 0.008




2453218.41189 1.166 0.017 1.348 0.017 1.524 0.017 0.182 0.009 0.358 0.009 0.176 0.008
2453218.41227 1.179 0.017 1.346 0.017 1.506 0.017 0.167 0.009 0.327 0.009 0.160 0.008






2453218.41377 1.158 0.017 1.325 0.017 1.514 0.017 0.167 0.009 0.356 0.009 0.189 0.008
2453218.41414 1.170 0.017 1.328 0.017 1.529 0.017 0.158 0.009 0.359 0.009 0.201 0.008
2453218.41451 1.189 0.017 1.318 0.017 1.503 0.017 0.129 0.009 0.314 0.009 0.185 0.008
2453218.41489 1.140 0.017 1.319 0.016 1.453 0.016 0.179 0.009 0.313 0.009 0.134 0.008
2453218.41526 1.185 0.017 1.351 0.017 99.999 9.999 0.166 0.009 99.999 9.999 99.999 9.999
2453218.41563 1.151 0.017 99.999 9.999 1.519 0.017 99.999 9.999 0.368 0.009 99.999 9.999
2453218.41600 1.151 0.017 1.322 0.017 99.999 9.999 0.171 0.009 99.999 9.999 99.999 9.999
2453218.41638 1.177 0.017 1.349 0.017 1.517 0.017 0.172 0.009 0.340 0.009 0.168 0.008
2453218.41675 1.150 0.017 1.327 0.017 1.482 0.017 0.177 0.009 0.332 0.009 0.155 0.008
2453218.41712 1.123 0.017 1.277 0.017 1.509 0.017 0.154 0.009 0.386 0.009 0.232 0.008
2453218.41749 99.999 9.999 1.360 0.017 1.522 0.017 99.999 9.999 99.999 9.999 0.162 0.008
2453218.41788 99.999 9.999 1.369 0.018 1.571 0.018 99.999 9.999 99.999 9.999 0.202 0.008
2453218.41825 1.136 0.017 1.291 0.017 1.509 0.017 0.155 0.009 0.373 0.009 0.218 0.008




2453218.41937 1.156 0.017 99.999 9.999 1.519 0.017 99.999 9.999 0.363 0.009 99.999 9.999
2453218.41974 1.149 0.017 1.326 0.017 99.999 9.999 0.177 0.009 99.999 9.999 99.999 9.999
2453218.42011 1.149 0.017 1.309 0.017 1.490 0.017 0.160 0.009 0.341 0.009 0.181 0.008
2453218.42048 1.219 0.018 1.362 0.018 1.580 0.018 0.143 0.009 0.361 0.009 0.218 0.008


2453218.42123 99.999 9.999 1.388 0.018 1.555 0.018 99.999 9.999 99.999 9.999 0.167 0.008
2453218.42160 99.999 9.999 99.999 9.999 1.526 0.018 99.999 9.999 99.999 9.999 99.999 9.999


2453218.42236 1.161 0.018 1.345 0.018 99.999 9.999 0.184 0.009 99.999 9.999 99.999 9.999


2453218.42310 1.181 0.017 1.352 0.017 1.513 0.017 0.171 0.009 0.332 0.009 0.161 0.008
2453218.42347 1.149 0.017 1.327 0.017 99.999 9.999 0.178 0.009 99.999 9.999 99.999 9.999


2453218.42422 1.151 0.017 1.329 0.016 1.504 0.016 0.178 0.009 0.353 0.009 0.175 0.008
2453218.42459 1.182 0.017 1.344 0.017 99.999 9.999 0.162 0.009 99.999 9.999 99.999 9.999




2453218.42571 1.205 0.018 1.385 0.018 99.999 9.999 0.180 0.009 99.999 9.999 99.999 9.999
2453218.42608 1.216 0.018 1.375 0.018 1.578 0.018 0.159 0.009 0.362 0.009 0.203 0.008
2453218.42645 1.201 0.018 1.370 0.018 99.999 9.999 0.169 0.010 99.999 9.999 99.999 9.999


2453218.42720 1.181 0.017 1.360 0.017 1.538 0.017 0.179 0.009 0.357 0.009 0.178 0.008


2453218.42795 1.197 0.017 1.362 0.017 1.508 0.017 0.165 0.009 0.311 0.009 0.146 0.008




2453218.42907 99.999 9.999 1.378 0.017 1.565 0.017 99.999 9.999 99.999 9.999 0.187 0.008
2453218.42944 1.212 0.018 1.383 0.018 99.999 9.999 0.171 0.009 99.999 9.999 99.999 9.999


2453218.43019 1.216 0.018 99.999 9.999 1.589 0.018 99.999 9.999 0.373 0.009 99.999 9.999
2453218.43056 1.210 0.018 1.410 0.018 99.999 9.999 0.200 0.009 99.999 9.999 99.999 9.999
2453218.43093 1.244 0.018 99.999 9.999 99.999 9.999 99.999 9.999 99.999 9.999 99.999 9.999


2453218.43168 99.999 9.999 1.391 0.018 99.999 9.999 99.999 9.999 99.999 9.999 99.999 9.999
2453218.43205 99.999 9.999 1.409 0.018 1.616 0.018 99.999 9.999 99.999 9.999 0.207 0.008
2453218.43242 1.190 0.018 1.370 0.018 1.554 0.018 0.180 0.009 0.364 0.009 0.184 0.008
2453218.43281 99.999 9.999 1.404 0.018 99.999 9.999 99.999 9.999 99.999 9.999 99.999 9.999
2453218.43318 1.178 0.017 1.337 0.017 1.544 0.017 0.159 0.009 0.366 0.009 0.207 0.008
2453218.43355 1.206 0.018 1.391 0.018 1.571 0.018 0.185 0.009 0.365 0.009 0.180 0.008


2453218.43430 1.225 0.018 1.377 0.018 1.541 0.018 0.152 0.009 0.316 0.009 0.164 0.008


2453218.43504 99.999 9.999 99.999 9.999 1.603 0.018 99.999 9.999 99.999 9.999 99.999 9.999
2453218.43541 1.222 0.018 1.389 0.018 1.547 0.018 0.167 0.009 0.325 0.009 0.158 0.008
2453218.43579 1.196 0.018 1.382 0.018 99.999 9.999 0.186 0.009 99.999 9.999 99.999 9.999
2453218.43616 1.206 0.018 1.380 0.018 1.582 0.018 0.174 0.010 0.376 0.009 0.202 0.009


2453218.43690 1.180 0.018 99.999 9.999 1.539 0.018 99.999 9.999 0.359 0.009 99.999 9.999
2453218.43729 1.241 0.018 1.396 0.018 99.999 9.999 0.155 0.009 99.999 9.999 99.999 9.999
2453218.43766 1.206 0.018 1.378 0.018 1.572 0.018 0.172 0.010 0.366 0.009 0.194 0.009
2453218.43803 99.999 9.999 1.394 0.018 1.562 0.018 99.999 9.999 99.999 9.999 0.168 0.008
2453218.43840 1.260 0.019 1.427 0.019 99.999 9.999 0.167 0.009 99.999 9.999 99.999 9.999




2453218.43952 1.231 0.018 1.401 0.018 1.554 0.018 0.170 0.009 0.323 0.009 0.153 0.008
2453218.43989 1.219 0.018 1.391 0.018 99.999 9.999 0.172 0.009 99.999 9.999 99.999 9.999
2453218.44027 1.206 0.018 1.388 0.018 1.546 0.018 0.182 0.009 0.340 0.009 0.158 0.008


2453218.44101 1.225 0.019 1.397 0.019 99.999 9.999 0.172 0.009 99.999 9.999 99.999 9.999






2453218.44251 1.201 0.019 1.374 0.019 1.590 0.019 0.173 0.010 0.389 0.009 0.216 0.009
2453218.44288 99.999 9.999 99.999 9.999 1.576 0.019 99.999 9.999 99.999 9.999 99.999 9.999


2453218.44363 1.227 0.019 1.379 0.019 1.584 0.019 0.152 0.010 0.357 0.009 0.205 0.009
2453218.44400 99.999 9.999 1.441 0.019 99.999 9.999 99.999 9.999 99.999 9.999 99.999 9.999
2453218.44437 1.264 0.019 1.440 0.019 1.654 0.019 0.176 0.010 0.390 0.009 0.214 0.009
2453218.44475 1.248 0.019 1.419 0.019 1.582 0.019 0.171 0.009 0.334 0.009 0.163 0.008
2453218.44512 1.217 0.018 1.374 0.018 1.582 0.018 0.157 0.010 0.365 0.009 0.208 0.009
2453218.44549 1.238 0.019 1.396 0.019 1.593 0.019 0.158 0.010 0.355 0.009 0.197 0.009
2453218.44586 1.218 0.018 1.397 0.018 1.570 0.018 0.179 0.009 0.352 0.009 0.173 0.008


2453218.44661 1.255 0.019 1.419 0.019 1.583 0.019 0.164 0.010 0.328 0.009 0.164 0.009
2453218.44698 1.284 0.020 1.449 0.020 1.649 0.020 0.165 0.009 0.365 0.009 0.200 0.008
2453218.44736 1.245 0.019 1.403 0.019 1.596 0.019 0.158 0.010 0.351 0.009 0.193 0.009
2453218.44774 1.306 0.019 1.467 0.019 1.625 0.019 0.161 0.009 0.319 0.009 0.158 0.008
2453218.44811 1.244 0.019 1.397 0.019 1.635 0.019 0.153 0.010 0.391 0.009 0.238 0.009
2453218.44848 99.999 9.999 1.493 0.020 1.654 0.020 99.999 9.999 99.999 9.999 0.161 0.008
2453218.44885 1.296 0.019 1.453 0.019 1.634 0.019 0.157 0.010 0.338 0.009 0.181 0.009
2453218.44923 1.289 0.019 99.999 9.999 1.656 0.019 99.999 9.999 0.367 0.009 99.999 9.999
2453218.44960 1.283 0.019 1.437 0.019 99.999 9.999 0.154 0.010 99.999 9.999 99.999 9.999
2453218.44997 1.316 0.019 99.999 9.999 1.691 0.019 99.999 9.999 0.375 0.009 99.999 9.999


2453218.45072 1.284 0.019 1.438 0.019 1.655 0.019 0.154 0.010 0.371 0.009 0.217 0.009
2453218.45109 1.273 0.020 1.461 0.020 1.674 0.020 0.188 0.010 0.401 0.009 0.213 0.009
2453218.45146 1.330 0.020 1.485 0.020 1.680 0.020 0.155 0.010 0.350 0.009 0.195 0.009
2453218.45183 1.347 0.020 1.512 0.020 1.690 0.020 0.165 0.009 0.343 0.009 0.178 0.008
2453218.45222 1.308 0.019 1.477 0.019 1.670 0.019 0.169 0.010 0.362 0.009 0.193 0.009
2453218.45259 1.360 0.020 1.520 0.020 99.999 9.999 0.160 0.010 99.999 9.999 99.999 9.999
2453218.45296 1.341 0.021 1.498 0.021 99.999 9.999 0.157 0.010 99.999 9.999 99.999 9.999


2453218.45371 1.343 0.020 1.476 0.020 1.712 0.020 0.133 0.010 0.369 0.009 0.236 0.009


2453218.45445 99.999 9.999 1.564 0.021 1.750 0.021 99.999 9.999 99.999 9.999 0.186 0.008
2453218.45482 1.337 0.020 1.513 0.020 99.999 9.999 0.176 0.009 99.999 9.999 99.999 9.999
2453218.45520 1.392 0.021 99.999 9.999 1.735 0.021 99.999 9.999 0.343 0.009 99.999 9.999
2453218.45557 1.385 0.021 1.547 0.021 99.999 9.999 0.162 0.010 99.999 9.999 99.999 9.999
2453218.45594 99.999 9.999 99.999 9.999 1.700 0.020 99.999 9.999 99.999 9.999 99.999 9.999
2453218.45631 1.377 0.021 99.999 9.999 1.746 0.021 99.999 9.999 0.369 0.009 99.999 9.999
2453218.45670 1.328 0.022 1.506 0.021 1.705 0.021 0.178 0.011 0.377 0.010 0.199 0.009
2453218.45707 99.999 9.999 1.553 0.021 1.678 0.021 99.999 9.999 99.999 9.999 0.125 0.008
2453218.45744 1.370 0.021 1.517 0.021 1.716 0.021 0.147 0.010 0.346 0.009 0.199 0.009
2453218.45781 1.366 0.020 1.529 0.020 1.694 0.020 0.163 0.009 0.328 0.009 0.165 0.008
2453218.45819 99.999 9.999 1.539 0.021 1.701 0.021 99.999 9.999 99.999 9.999 0.162 0.009
2453218.45856 1.397 0.021 1.537 0.021 99.999 9.999 0.140 0.010 99.999 9.999 99.999 9.999
2453218.45893 99.999 9.999 1.546 0.021 1.739 0.021 99.999 9.999 99.999 9.999 0.193 0.009
2453218.45931 1.343 0.020 1.532 0.020 1.693 0.020 0.189 0.009 0.350 0.009 0.161 0.008
2453218.45968 1.335 0.022 1.525 0.021 1.739 0.021 0.190 0.011 0.404 0.010 0.214 0.009




2453218.46080 1.379 0.022 1.547 0.021 1.747 0.021 0.168 0.011 0.368 0.010 0.200 0.009
2453218.46117 1.366 0.021 1.512 0.021 99.999 9.999 0.146 0.010 99.999 9.999 99.999 9.999
2453218.46155 1.354 0.021 1.542 0.021 1.719 0.021 0.188 0.010 0.365 0.009 0.177 0.009
2453218.46192 1.366 0.021 1.502 0.021 1.723 0.021 0.136 0.010 0.357 0.009 0.221 0.009
2453218.46230 1.333 0.020 1.527 0.020 99.999 9.999 0.194 0.010 99.999 9.999 99.999 9.999
2453218.46267 1.366 0.021 1.526 0.021 99.999 9.999 0.160 0.010 99.999 9.999 99.999 9.999
2453218.46304 99.999 9.999 99.999 9.999 1.773 0.021 99.999 9.999 99.999 9.999 99.999 9.999
2453218.46341 1.374 0.021 1.523 0.021 1.737 0.021 0.149 0.010 0.363 0.009 0.214 0.009


2453218.46416 1.365 0.021 1.535 0.021 1.672 0.021 0.170 0.010 0.307 0.009 0.137 0.009
2453218.46453 99.999 9.999 99.999 9.999 1.754 0.021 99.999 9.999 99.999 9.999 99.999 9.999
2453218.46490 1.374 0.022 1.556 0.022 1.755 0.022 0.182 0.011 0.381 0.010 0.199 0.009
2453218.46528 1.343 0.022 1.533 0.021 1.674 0.021 0.190 0.010 0.331 0.010 0.141 0.008
2453218.46565 1.369 0.022 1.543 0.021 1.766 0.021 0.174 0.011 0.397 0.010 0.223 0.009
2453218.46602 1.427 0.023 1.608 0.023 1.758 0.023 0.181 0.010 0.331 0.009 0.150 0.009
2453218.46639 1.372 0.022 1.540 0.022 1.730 0.022 0.168 0.010 0.358 0.009 0.190 0.009
2453218.46678 1.388 0.022 1.542 0.022 1.752 0.022 0.154 0.010 0.364 0.009 0.210 0.009
2453218.46715 1.422 0.022 99.999 9.999 1.795 0.022 99.999 9.999 0.373 0.010 99.999 9.999


2453218.46789 1.407 0.022 99.999 9.999 1.785 0.022 99.999 9.999 0.378 0.009 99.999 9.999
2453218.46827 1.415 0.022 1.570 0.022 1.726 0.022 0.155 0.010 0.311 0.009 0.156 0.009


2453218.46901 1.444 0.022 1.599 0.022 1.778 0.022 0.155 0.010 0.334 0.009 0.179 0.009
2453218.46938 1.418 0.022 1.572 0.022 1.790 0.022 0.154 0.010 0.372 0.009 0.218 0.009
2453218.46976 1.411 0.022 1.564 0.022 1.763 0.022 0.153 0.010 0.352 0.009 0.199 0.009
2453218.47013 1.429 0.022 1.589 0.022 1.739 0.022 0.160 0.010 0.310 0.009 0.150 0.009
2453218.47050 1.446 0.023 1.614 0.023 1.809 0.023 0.168 0.011 0.363 0.010 0.195 0.009
2453218.47087 1.483 0.023 1.636 0.023 1.803 0.023 0.153 0.010 0.320 0.009 0.167 0.009
2453218.47126 1.460 0.023 1.618 0.023 1.824 0.023 0.158 0.011 0.364 0.010 0.206 0.009
2453218.47163 1.419 0.022 1.571 0.022 1.770 0.022 0.152 0.010 0.351 0.009 0.199 0.009
2453218.47200 1.454 0.022 1.605 0.022 99.999 9.999 0.151 0.010 99.999 9.999 99.999 9.999
2453218.47237 1.464 0.023 1.615 0.023 1.807 0.023 0.151 0.010 0.343 0.009 0.192 0.009
2453218.47275 99.999 9.999 1.619 0.022 1.810 0.022 99.999 9.999 99.999 9.999 0.191 0.009


2453218.47349 1.404 0.022 1.577 0.022 1.807 0.022 0.173 0.011 0.403 0.010 0.230 0.009
2453218.47386 1.428 0.022 1.590 0.022 99.999 9.999 0.162 0.010 99.999 9.999 99.999 9.999
2453218.47424 1.431 0.022 1.585 0.022 1.790 0.022 0.154 0.010 0.359 0.009 0.205 0.009
2453218.47461 1.452 0.023 1.627 0.023 1.817 0.023 0.175 0.010 0.365 0.009 0.190 0.009
2453218.47498 1.477 0.023 1.634 0.023 1.823 0.023 0.157 0.010 0.346 0.009 0.189 0.009
2453218.47535 1.481 0.023 1.656 0.023 1.819 0.023 0.175 0.010 0.338 0.009 0.163 0.009
2453218.47573 1.451 0.023 1.590 0.023 1.823 0.023 0.139 0.010 0.372 0.009 0.233 0.009
2453218.47611 1.459 0.023 1.626 0.023 1.807 0.023 0.167 0.010 0.348 0.009 0.181 0.009
2453218.47648 1.522 0.023 1.674 0.023 99.999 9.999 0.152 0.010 99.999 9.999 99.999 9.999
2453218.47685 99.999 9.999 1.678 0.023 1.875 0.023 99.999 9.999 99.999 9.999 0.197 0.009
2453218.47723 1.462 0.023 1.637 0.023 1.844 0.023 0.175 0.011 0.382 0.010 0.207 0.009
2453218.47760 1.465 0.023 1.635 0.023 1.797 0.023 0.170 0.010 0.332 0.009 0.162 0.009
2453218.47797 1.470 0.022 1.648 0.022 1.793 0.022 0.178 0.009 0.323 0.009 0.145 0.008


2453218.47872 1.467 0.023 1.618 0.023 1.838 0.023 0.151 0.010 0.371 0.009 0.220 0.009
2453218.47909 1.472 0.023 1.648 0.023 1.816 0.023 0.176 0.010 0.344 0.009 0.168 0.009
2453218.47946 1.518 0.023 1.673 0.023 1.860 0.023 0.155 0.010 0.342 0.009 0.187 0.009
2453218.47983 1.514 0.024 1.664 0.024 1.893 0.024 0.150 0.010 0.379 0.009 0.229 0.009
2453218.48021 1.473 0.023 1.626 0.023 1.838 0.023 0.153 0.010 0.365 0.009 0.212 0.009
2453218.48058 1.515 0.023 1.672 0.023 1.831 0.023 0.157 0.010 0.316 0.009 0.159 0.009
2453218.48095 1.449 0.023 1.623 0.023 1.857 0.023 0.174 0.011 0.408 0.010 0.234 0.009


2453218.48171 1.503 0.023 1.656 0.023 1.850 0.023 0.153 0.010 0.347 0.009 0.194 0.009
2453218.48208 1.497 0.023 1.693 0.023 1.871 0.023 0.196 0.011 0.374 0.010 0.178 0.009
2453218.48245 1.499 0.024 1.671 0.024 1.858 0.024 0.172 0.011 0.359 0.010 0.187 0.009
2453218.48282 1.536 0.024 1.706 0.024 1.863 0.024 0.170 0.010 0.327 0.009 0.157 0.009
2453218.48320 1.524 0.024 1.684 0.024 1.893 0.024 0.160 0.010 0.369 0.009 0.209 0.009
2453218.48357 1.557 0.024 1.714 0.024 1.876 0.024 0.157 0.010 0.319 0.009 0.162 0.009
2453218.48394 1.495 0.023 1.639 0.023 1.827 0.023 0.144 0.010 0.332 0.009 0.188 0.009
2453218.48431 1.519 0.024 1.728 0.024 1.890 0.024 0.209 0.011 0.371 0.010 0.162 0.009
2453218.48469 1.490 0.024 1.682 0.024 1.864 0.024 0.192 0.010 0.374 0.009 0.182 0.009
2453218.48506 1.489 0.023 1.653 0.023 1.869 0.023 0.164 0.010 0.380 0.009 0.216 0.009
2453218.48543 1.485 0.023 1.648 0.023 1.870 0.023 0.163 0.010 0.385 0.009 0.222 0.009
2453218.48580 1.535 0.024 1.707 0.024 1.891 0.024 0.172 0.010 0.356 0.009 0.184 0.009
2453218.48619 1.509 0.024 1.655 0.024 1.884 0.024 0.146 0.010 0.375 0.009 0.229 0.009


2453218.48693 1.553 0.024 1.707 0.024 1.885 0.024 0.154 0.010 0.332 0.009 0.178 0.009
2453218.48731 1.589 0.025 1.737 0.025 1.965 0.025 0.148 0.010 0.376 0.009 0.228 0.009
2453218.48768 1.542 0.025 1.732 0.025 1.908 0.025 0.190 0.010 0.366 0.009 0.176 0.009
2453218.48805 99.999 9.999 1.684 0.024 1.884 0.024 99.999 9.999 99.999 9.999 0.200 0.009
2453218.48842 1.530 0.024 1.696 0.024 99.999 9.999 0.166 0.010 99.999 9.999 99.999 9.999
2453218.48880 1.516 0.024 1.709 0.024 1.906 0.024 0.193 0.010 0.390 0.009 0.197 0.009
2453218.48917 1.554 0.024 1.714 0.024 1.914 0.024 0.160 0.010 0.360 0.009 0.200 0.009
2453218.48954 1.563 0.025 1.714 0.025 1.877 0.025 0.151 0.010 0.314 0.009 0.163 0.009
2453218.48991 1.555 0.024 1.693 0.024 1.897 0.024 0.138 0.010 0.342 0.009 0.204 0.009
2453218.49030 1.544 0.025 1.717 0.025 1.904 0.025 0.173 0.011 0.360 0.010 0.187 0.009
2453218.49067 1.488 0.023 1.647 0.023 1.871 0.023 0.159 0.011 0.383 0.010 0.224 0.009
2453218.49104 1.609 0.025 1.764 0.025 1.946 0.025 0.155 0.011 0.337 0.010 0.182 0.009
2453218.49141 1.555 0.024 1.681 0.024 99.999 9.999 0.126 0.010 99.999 9.999 99.999 9.999
2453218.49179 1.598 0.026 99.999 9.999 1.978 0.026 99.999 9.999 0.380 0.010 99.999 9.999
2453218.49216 1.647 0.026 1.784 0.026 99.999 9.999 0.137 0.010 99.999 9.999 99.999 9.999
2453218.49253 1.589 0.026 1.793 0.026 1.927 0.026 0.204 0.011 0.338 0.010 0.134 0.009
2453218.49290 1.545 0.026 1.740 0.026 1.959 0.026 0.195 0.011 0.414 0.010 0.219 0.009


2453218.49365 1.597 0.025 1.761 0.025 1.943 0.025 0.164 0.010 0.346 0.009 0.182 0.009
2453218.49402 1.620 0.026 1.784 0.026 1.956 0.026 0.164 0.010 0.336 0.009 0.172 0.009
2453218.49439 1.600 0.026 1.793 0.026 1.982 0.026 0.193 0.011 0.382 0.010 0.189 0.009
2453218.49477 99.999 9.999 1.795 0.025 1.953 0.025 99.999 9.999 99.999 9.999 0.158 0.009
2453218.49514 1.614 0.025 1.744 0.025 1.922 0.025 0.130 0.010 0.308 0.009 0.178 0.009
2453218.49552 1.602 0.026 1.771 0.026 1.986 0.026 0.169 0.011 0.384 0.010 0.215 0.009
2453218.49589 1.573 0.025 1.747 0.025 1.919 0.025 0.174 0.010 0.346 0.009 0.172 0.009


2453218.49664 1.600 0.027 1.779 0.027 1.960 0.027 0.179 0.010 0.360 0.009 0.181 0.009
2453218.49701 1.573 0.026 1.753 0.026 1.986 0.026 0.180 0.011 0.413 0.010 0.233 0.009


2453218.49776 1.611 0.026 1.777 0.026 1.977 0.026 0.166 0.011 0.366 0.010 0.200 0.009
2453218.49813 1.594 0.025 1.752 0.025 1.955 0.025 0.158 0.010 0.361 0.009 0.203 0.009




2453218.49925 1.614 0.027 1.810 0.027 1.998 0.027 0.196 0.011 0.384 0.010 0.188 0.009
2453218.49962 1.601 0.026 1.755 0.026 1.963 0.026 0.154 0.011 0.362 0.010 0.208 0.009
2453218.49999 1.549 0.026 1.764 0.026 1.942 0.026 0.215 0.011 0.393 0.010 0.178 0.009
2453218.50036 1.611 0.026 1.765 0.026 1.917 0.026 0.154 0.011 0.306 0.010 0.152 0.009
2453218.50075 1.624 0.027 1.785 0.027 1.986 0.027 0.161 0.011 0.362 0.010 0.201 0.009
2453218.50112 1.602 0.027 1.773 0.027 1.944 0.027 0.171 0.011 0.342 0.010 0.171 0.009
2453218.50149 1.613 0.026 1.768 0.026 1.967 0.026 0.155 0.011 0.354 0.010 0.199 0.009
2453218.50186 1.593 0.026 1.748 0.026 1.940 0.026 0.155 0.011 0.347 0.010 0.192 0.009
2453218.50224 1.614 0.026 1.763 0.026 1.969 0.026 0.149 0.011 0.355 0.010 0.206 0.009
2453218.50261 1.602 0.026 1.780 0.026 1.962 0.026 0.178 0.011 0.360 0.010 0.182 0.009
2453218.50298 1.637 0.027 1.809 0.027 1.983 0.027 0.172 0.011 0.346 0.010 0.174 0.009
2453218.50335 1.580 0.026 1.741 0.026 1.954 0.026 0.161 0.011 0.374 0.010 0.213 0.009
2453218.50373 1.590 0.027 1.782 0.027 1.957 0.027 0.192 0.011 0.367 0.010 0.175 0.009
2453218.50410 1.658 0.026 1.822 0.026 1.940 0.026 0.164 0.011 0.282 0.010 0.118 0.009
2453218.50447 1.681 0.028 1.864 0.028 2.030 0.028 0.183 0.011 0.349 0.010 0.166 0.009
2453218.50484 1.619 0.027 1.769 0.027 1.980 0.027 0.150 0.011 0.361 0.010 0.211 0.009
2453218.50523 1.615 0.027 1.805 0.027 1.993 0.027 0.190 0.011 0.378 0.010 0.188 0.009
2453218.50560 1.680 0.027 1.835 0.027 2.022 0.027 0.155 0.011 0.342 0.010 0.187 0.009
2453218.50597 1.625 0.027 1.830 0.027 2.012 0.027 0.205 0.011 0.387 0.010 0.182 0.009
2453218.50634 1.648 0.027 1.802 0.027 2.009 0.027 0.154 0.011 0.361 0.010 0.207 0.009
2453218.50672 1.643 0.029 1.835 0.029 2.027 0.029 0.192 0.011 0.384 0.010 0.192 0.009
2453218.50709 1.715 0.029 1.914 0.029 2.068 0.029 0.199 0.011 0.353 0.010 0.154 0.009
2453218.50746 1.636 0.027 1.805 0.027 1.972 0.027 0.169 0.011 0.336 0.010 0.167 0.009
2453218.50783 1.629 0.027 1.774 0.027 1.974 0.027 0.145 0.011 0.345 0.010 0.200 0.009
2453218.50821 1.699 0.029 1.873 0.029 2.039 0.029 0.174 0.011 0.340 0.010 0.166 0.009
2453218.50858 1.659 0.028 1.824 0.028 1.992 0.028 0.165 0.011 0.333 0.010 0.168 0.009
2453218.50895 1.693 0.029 1.842 0.029 2.019 0.029 0.149 0.011 0.326 0.010 0.177 0.009
2453218.50932 1.691 0.029 1.859 0.029 2.065 0.029 0.168 0.011 0.374 0.010 0.206 0.009
2453218.50970 1.680 0.028 1.843 0.028 2.019 0.028 0.163 0.011 0.339 0.010 0.176 0.009
2453218.51008 1.685 0.029 1.825 0.029 2.019 0.029 0.140 0.011 0.334 0.010 0.194 0.009
2453218.51045 1.653 0.029 1.861 0.029 2.052 0.029 0.208 0.011 0.399 0.010 0.191 0.009
2453218.51082 1.664 0.029 1.889 0.029 2.075 0.029 0.225 0.011 0.411 0.010 0.186 0.009
2453218.51120 99.999 9.999 1.839 0.027 2.006 0.027 99.999 9.999 99.999 9.999 0.167 0.009
2453218.51157 1.673 0.027 1.836 0.027 2.072 0.027 0.163 0.011 0.399 0.010 0.236 0.009
2453218.51194 1.667 0.026 1.859 0.026 2.059 0.026 0.192 0.010 0.392 0.009 0.200 0.009
2453218.51231 99.999 9.999 1.917 0.026 2.119 0.026 99.999 9.999 99.999 9.999 0.202 0.008
2453218.51269 1.742 0.026 1.910 0.026 2.062 0.026 0.168 0.009 0.320 0.009 0.152 0.008
2453218.51306 1.682 0.027 1.882 0.027 2.076 0.027 0.200 0.009 0.394 0.009 0.194 0.008
2453218.51343 1.682 0.025 99.999 9.999 2.074 0.025 99.999 9.999 0.392 0.009 99.999 9.999
2453218.51380 1.762 0.027 1.923 0.027 2.062 0.027 0.161 0.009 0.300 0.009 0.139 0.008
2453218.51418 1.764 0.026 1.889 0.026 2.090 0.026 0.125 0.010 0.326 0.009 0.201 0.009


2453218.51492 1.730 0.025 1.899 0.025 2.067 0.025 0.169 0.009 0.337 0.009 0.168 0.008
2453218.51531 1.698 0.026 1.874 0.026 2.018 0.026 0.176 0.009 0.320 0.009 0.144 0.008
2453218.51568 1.676 0.024 1.824 0.024 1.997 0.024 0.148 0.009 0.321 0.009 0.173 0.008
2453218.51605 1.691 0.026 1.846 0.026 2.066 0.026 0.155 0.009 0.375 0.009 0.220 0.008
2453218.51642 1.693 0.027 1.863 0.027 2.050 0.027 0.170 0.010 0.357 0.009 0.187 0.009
2453218.51680 99.999 9.999 1.922 0.027 2.115 0.027 99.999 9.999 99.999 9.999 0.193 0.009
2453218.51717 1.681 0.027 1.864 0.027 2.048 0.027 0.183 0.010 0.367 0.009 0.184 0.009
2453218.51754 1.683 0.028 1.822 0.028 2.050 0.028 0.139 0.010 0.367 0.009 0.228 0.009
2453218.51791 1.722 0.029 1.919 0.029 2.120 0.029 0.197 0.011 0.398 0.010 0.201 0.009
2453218.51829 1.710 0.034 1.899 0.033 2.138 0.033 0.189 0.013 0.428 0.012 0.239 0.010
2453218.51866 1.737 0.028 1.905 0.028 2.077 0.028 0.168 0.010 0.340 0.009 0.172 0.009
2453218.51903 1.719 0.028 1.895 0.028 2.066 0.028 0.176 0.010 0.347 0.009 0.171 0.009
2453218.51940 1.695 0.028 1.839 0.028 2.056 0.028 0.144 0.011 0.361 0.010 0.217 0.009
2453218.51979 99.999 9.999 1.876 0.039 2.052 0.039 99.999 9.999 99.999 9.999 0.176 0.012


2453218.52053 1.741 0.029 1.873 0.029 2.084 0.029 0.132 0.011 0.343 0.010 0.211 0.009
2453218.52090 1.753 0.029 1.879 0.029 2.071 0.029 0.126 0.011 0.318 0.010 0.192 0.009
2453218.52128 1.746 0.033 1.919 0.033 2.058 0.033 0.173 0.011 0.312 0.011 0.139 0.010
2453218.52165 1.811 0.031 2.006 0.031 2.176 0.031 0.195 0.011 0.365 0.010 0.170 0.009
2453218.52202 1.742 0.030 1.927 0.030 2.121 0.030 0.185 0.011 0.379 0.010 0.194 0.009
2453218.52239 1.753 0.047 1.900 0.047 2.039 0.047 0.147 0.012 0.286 0.012 0.139 0.011
2453218.52277 1.705 0.162 2.088 0.162 2.175 0.162 0.383 0.027 0.470 0.029 0.087 0.024
2453218.52314 1.714 0.075 1.935 0.074 2.256 0.073 0.221 0.021 0.542 0.018 0.321 0.015
2453218.52351 1.901 0.111 2.072 0.114 2.351 0.111 0.171 0.034 0.450 0.023 0.279 0.032
2453218.52464 1.772 0.073 1.809 0.072 1.946 0.072 0.037 0.023 0.174 0.022 0.137 0.019
2453218.52501 1.734 0.028 1.889 0.028 2.109 0.028 0.155 0.011 0.375 0.010 0.220 0.009
2453218.52539 1.850 0.074 2.041 0.073 2.204 0.073 0.191 0.019 0.354 0.019 0.163 0.016


2453218.52650 1.744 0.085 1.930 0.083 2.175 0.083 0.186 0.027 0.431 0.026 0.245 0.020
2453218.52799 99.999 9.999 1.979 0.028 2.140 0.028 99.999 9.999 99.999 9.999 0.161 0.009
2453218.52874 99.999 9.999 1.977 0.042 2.092 0.041 99.999 9.999 99.999 9.999 0.115 0.016
2453218.52911 1.778 0.041 1.913 0.041 2.107 0.041 0.135 0.014 0.329 0.013 0.194 0.011


2453218.52987 1.738 0.028 1.899 0.028 2.061 0.028 0.161 0.010 0.323 0.009 0.162 0.009


2453218.53061 1.719 0.033 1.877 0.033 2.069 0.033 0.158 0.011 0.350 0.011 0.192 0.010
2453218.53098 1.763 0.048 1.863 0.049 1.905 0.048 0.100 0.015 0.142 0.014 0.042 0.016
2453218.53136 1.748 0.038 1.900 0.038 2.098 0.038 0.152 0.011 0.350 0.011 0.198 0.011
2453218.53173 99.999 9.999 1.873 0.079 2.127 0.077 99.999 9.999 99.999 9.999 0.254 0.025
2453218.53210 1.781 0.041 1.896 0.041 2.039 0.041 0.115 0.013 0.258 0.013 0.143 0.013
2453218.53247 1.714 0.040 1.895 0.039 2.131 0.039 0.181 0.015 0.417 0.013 0.236 0.012
2453218.53435 1.905 0.085 1.908 0.084 2.174 0.084 0.003 0.025 0.269 0.023 0.266 0.019
2453218.53584 1.661 0.191 1.988 0.190 2.086 0.190 0.327 0.034 0.425 0.034 0.098 0.030
2453218.53733 1.994 0.123 2.147 0.121 2.307 0.121 0.153 0.032 0.313 0.031 0.160 0.024
2453218.54106 1.462 0.297 1.896 0.295 1.933 0.296 0.434 0.062 0.471 0.067 0.037 0.056
2453218.54144 1.486 0.388 1.785 0.386 99.999 9.999 0.299 0.098 99.999 9.999 99.999 9.999
2453218.54181 1.851 0.098 1.886 0.097 1.955 0.096 0.035 0.031 0.104 0.029 0.069 0.024
2453218.54218 1.810 0.058 2.022 0.058 2.130 0.058 0.212 0.015 0.320 0.014 0.108 0.013
2453218.54255 1.764 0.036 1.978 0.036 2.059 0.036 0.214 0.012 0.295 0.012 0.081 0.011


2453218.54367 1.769 0.050 1.973 0.050 1.939 0.051 0.204 0.014 0.170 0.016 -0.034 0.016
2453218.54443 2.003 0.172 2.045 0.173 2.433 0.172 0.042 0.042 0.430 0.040 0.388 0.041
2453218.54666 1.621 0.180 1.912 0.178 1.989 0.178 0.291 0.048 0.368 0.048 0.077 0.041
2453218.54703 1.779 0.035 1.944 0.035 2.100 0.035 0.165 0.011 0.321 0.011 0.156 0.011
2453218.54741 1.774 0.035 1.994 0.035 2.139 0.035 0.220 0.012 0.365 0.011 0.145 0.011
2453218.54778 1.851 0.035 2.031 0.035 2.242 0.035 0.180 0.011 0.391 0.010 0.211 0.009
2453218.54815 1.748 0.032 1.907 0.032 2.119 0.032 0.159 0.011 0.371 0.010 0.212 0.009
2453218.54852 1.705 0.032 1.931 0.032 2.134 0.032 0.226 0.011 0.429 0.010 0.203 0.009
2453218.54891 1.761 0.032 1.950 0.032 2.099 0.032 0.189 0.011 0.338 0.011 0.149 0.010
2453218.54928 1.877 0.036 2.009 0.036 2.215 0.036 0.132 0.011 0.338 0.011 0.206 0.011
2453218.54965 1.763 0.033 2.013 0.033 2.179 0.033 0.250 0.011 0.416 0.010 0.166 0.009
2453218.55002 1.740 0.030 1.969 0.030 2.137 0.030 0.229 0.011 0.397 0.010 0.168 0.009
2453218.55040 99.999 9.999 2.032 0.033 2.224 0.033 99.999 9.999 99.999 9.999 0.192 0.009
2453218.55077 1.795 0.030 1.970 0.030 2.129 0.030 0.175 0.011 0.334 0.010 0.159 0.009
2453218.55114 1.758 0.032 1.994 0.032 2.184 0.032 0.236 0.011 0.426 0.010 0.190 0.009
2453218.55151 1.701 0.033 1.900 0.033 2.104 0.033 0.199 0.012 0.403 0.011 0.204 0.010
2453218.55189 1.795 0.033 1.974 0.033 2.140 0.033 0.179 0.011 0.345 0.011 0.166 0.010
2453218.55226 1.826 0.034 2.002 0.034 2.159 0.034 0.176 0.011 0.333 0.011 0.157 0.010
2453218.55263 1.789 0.033 1.956 0.033 2.184 0.033 0.167 0.011 0.395 0.010 0.228 0.009
2453218.55300 1.783 0.033 1.984 0.033 2.130 0.033 0.201 0.011 0.347 0.010 0.146 0.009
2453218.55339 1.765 0.035 1.968 0.035 2.093 0.035 0.203 0.011 0.328 0.011 0.125 0.010
2453218.55376 1.758 0.036 1.939 0.036 2.088 0.036 0.181 0.012 0.330 0.011 0.149 0.011
2453218.55413 1.799 0.036 1.901 0.036 2.108 0.036 0.102 0.012 0.309 0.011 0.207 0.011


2453218.55488 1.721 0.033 1.878 0.033 2.104 0.033 0.157 0.011 0.383 0.010 0.226 0.010
2453218.55525 1.800 0.033 1.951 0.033 2.122 0.033 0.151 0.011 0.322 0.011 0.171 0.010
2453218.55562 1.804 0.034 1.941 0.034 2.204 0.034 0.137 0.011 0.400 0.010 0.263 0.010
2453218.55599 1.849 0.036 2.048 0.036 2.204 0.036 0.199 0.011 0.355 0.011 0.156 0.010
2453218.55637 1.727 0.032 1.881 0.032 2.169 0.032 0.154 0.011 0.442 0.010 0.288 0.010
2453218.55674 1.724 0.033 1.911 0.033 2.082 0.033 0.187 0.011 0.358 0.011 0.171 0.010
2453218.55711 1.797 0.037 1.959 0.037 2.121 0.037 0.162 0.012 0.324 0.011 0.162 0.011
2453218.55748 1.756 0.044 1.883 0.044 2.134 0.044 0.127 0.014 0.378 0.013 0.251 0.013
2453218.55786 1.615 0.072 2.048 0.071 2.165 0.071 0.433 0.019 0.550 0.018 0.117 0.016
2453218.55898 1.775 0.045 1.920 0.045 2.071 0.045 0.145 0.013 0.296 0.013 0.151 0.013
2453218.55936 1.713 0.090 1.746 0.092 1.791 0.094 0.033 0.021 0.078 0.028 0.045 0.033




2453218.56345 0.953 0.588 2.174 0.559 1.879 0.572 1.221 0.198 0.926 0.233 -0.295 0.146






2453218.56644 2.006 0.118 1.682 0.117 2.031 0.116 -0.324 0.038 0.025 0.035 0.349 0.032




















2453218.57092 1.551 0.230 1.628 0.229 2.020 0.227 0.077 0.070 0.469 0.063 0.392 0.059


2453218.57167 1.533 0.136 1.960 0.133 2.151 0.132 0.427 0.042 0.618 0.039 0.191 0.029
2453218.57241 1.669 0.091 1.809 0.090 2.014 0.090 0.140 0.023 0.345 0.022 0.205 0.021
2453218.57317 1.578 0.066 1.771 0.065 1.928 0.066 0.193 0.020 0.350 0.021 0.157 0.020
2453218.57354 1.400 0.118 1.735 0.116 1.958 0.116 0.335 0.040 0.558 0.038 0.223 0.031
2453218.57391 1.371 0.133 1.723 0.125 1.837 0.125 0.352 0.060 0.466 0.059 0.114 0.040
2453218.57429 1.591 0.050 1.739 0.051 1.905 0.050 0.148 0.018 0.314 0.015 0.166 0.016
2453218.57466 99.999 9.999 1.692 0.067 1.801 0.066 99.999 9.999 99.999 9.999 0.109 0.021
2453218.57540 1.586 0.056 1.787 0.056 1.968 0.055 0.201 0.021 0.382 0.019 0.181 0.018
2453218.57578 1.587 0.057 1.725 0.054 1.828 0.054 0.138 0.024 0.241 0.024 0.103 0.016
2453218.57615 1.563 0.073 1.922 0.072 1.989 0.072 0.359 0.020 0.426 0.021 0.067 0.019
2453218.57652 1.536 0.044 1.710 0.043 1.962 0.043 0.174 0.016 0.426 0.016 0.252 0.013
2453218.57689 1.460 0.044 1.658 0.043 1.827 0.043 0.198 0.016 0.367 0.016 0.169 0.015
2453218.57727 1.484 0.056 1.604 0.056 1.673 0.056 0.120 0.021 0.189 0.020 0.069 0.019
2453218.57764 1.677 0.087 1.861 0.086 1.965 0.086 0.184 0.024 0.288 0.024 0.104 0.023
2453218.57802 1.521 0.077 1.757 0.076 1.937 0.076 0.236 0.027 0.416 0.026 0.180 0.023
2453218.57839 1.510 0.125 1.581 0.125 1.799 0.124 0.071 0.039 0.289 0.036 0.218 0.037
2453218.57877 1.558 0.156 1.720 0.154 1.973 0.153 0.162 0.050 0.415 0.045 0.253 0.041
2453218.57914 1.332 0.093 1.647 0.091 1.998 0.090 0.315 0.035 0.666 0.032 0.351 0.026
2453218.57951 1.313 0.083 1.801 0.079 1.942 0.078 0.488 0.036 0.629 0.034 0.141 0.019
2453218.58026 1.413 0.050 1.665 0.049 1.811 0.049 0.252 0.019 0.398 0.019 0.146 0.017
2453218.58063 1.461 0.072 1.611 0.071 1.781 0.070 0.150 0.025 0.320 0.024 0.170 0.021
2453218.58100 1.640 0.141 1.824 0.140 1.966 0.140 0.184 0.029 0.326 0.027 0.142 0.023
2453218.58137 1.584 0.087 1.684 0.085 1.699 0.085 0.100 0.032 0.115 0.033 0.015 0.028
2453218.58175 1.442 0.168 1.493 0.171 1.681 0.168 0.051 0.061 0.239 0.051 0.188 0.059
2453218.58212 1.504 0.163 1.786 0.162 1.929 0.162 0.282 0.050 0.425 0.048 0.143 0.043
2453218.58249 1.327 0.064 1.624 0.063 1.740 0.063 0.297 0.025 0.413 0.024 0.116 0.021


2453218.58325 1.467 0.034 1.706 0.033 1.808 0.033 0.239 0.013 0.341 0.013 0.102 0.012
2453218.58362 1.506 0.035 1.711 0.035 1.899 0.035 0.205 0.013 0.393 0.013 0.188 0.012
2453218.58399 1.479 0.034 1.690 0.034 1.849 0.034 0.211 0.013 0.370 0.013 0.159 0.012
2453218.58436 1.498 0.035 1.754 0.035 1.917 0.035 0.256 0.013 0.419 0.013 0.163 0.012


2453218.58511 1.546 0.036 1.765 0.036 1.935 0.036 0.219 0.013 0.389 0.013 0.170 0.012
2453218.58548 1.446 0.034 1.615 0.034 1.830 0.034 0.169 0.013 0.384 0.013 0.215 0.012
2453218.58585 1.456 0.036 1.653 0.035 1.863 0.035 0.197 0.014 0.407 0.014 0.210 0.012
2453218.58623 1.413 0.034 1.547 0.033 1.779 0.033 0.134 0.013 0.366 0.013 0.232 0.012
2453218.58660 1.369 0.034 1.677 0.033 1.822 0.033 0.308 0.014 0.453 0.014 0.145 0.012
2453218.58697 1.500 0.034 1.689 0.034 1.862 0.034 0.189 0.013 0.362 0.013 0.173 0.012
2453218.58734 1.420 0.034 1.691 0.034 1.817 0.034 0.271 0.013 0.397 0.013 0.126 0.011
2453218.58773 1.398 0.034 1.616 0.033 1.798 0.033 0.218 0.013 0.400 0.013 0.182 0.012
2453218.58810 1.448 0.034 1.681 0.034 1.809 0.034 0.233 0.013 0.361 0.013 0.128 0.012
2453218.58847 1.438 0.034 1.595 0.033 1.772 0.033 0.157 0.013 0.334 0.013 0.177 0.012
2453218.58884 1.454 0.035 1.643 0.035 1.871 0.035 0.189 0.013 0.417 0.013 0.228 0.012
2453218.58922 1.401 0.034 1.672 0.033 1.827 0.033 0.271 0.014 0.426 0.014 0.155 0.012
2453218.58959 1.499 0.037 1.747 0.037 1.909 0.037 0.248 0.013 0.410 0.013 0.162 0.012
2453218.58996 1.412 0.034 1.642 0.033 1.805 0.033 0.230 0.014 0.393 0.014 0.163 0.012
2453218.59033 1.426 0.034 1.608 0.034 1.785 0.034 0.182 0.013 0.359 0.013 0.177 0.012
2453218.59071 1.516 0.037 1.702 0.036 1.881 0.036 0.186 0.014 0.365 0.014 0.179 0.012
2453218.59108 1.426 0.036 1.661 0.035 1.809 0.035 0.235 0.014 0.383 0.014 0.148 0.012
2453218.59145 1.469 0.036 1.696 0.035 1.820 0.035 0.227 0.014 0.351 0.014 0.124 0.012
2453218.59182 1.418 0.035 1.674 0.034 1.819 0.034 0.256 0.014 0.401 0.014 0.145 0.012
2453218.59220 1.465 0.037 1.634 0.036 1.815 0.036 0.169 0.014 0.350 0.014 0.181 0.012
2453218.59258 1.441 0.037 1.630 0.036 1.810 0.036 0.189 0.014 0.369 0.014 0.180 0.012
2453218.59295 1.416 0.038 1.631 0.037 1.833 0.037 0.215 0.015 0.417 0.014 0.202 0.013
2453218.59332 1.406 0.037 1.670 0.036 1.767 0.036 0.264 0.014 0.361 0.014 0.097 0.013
2453218.59370 1.497 0.039 1.689 0.038 1.863 0.038 0.192 0.015 0.366 0.014 0.174 0.013
2453218.59407 1.433 0.039 1.676 0.038 1.862 0.038 0.243 0.014 0.429 0.014 0.186 0.012
2453218.59444 1.511 0.041 1.673 0.040 1.885 0.040 0.162 0.015 0.374 0.014 0.212 0.013
2453218.59481 1.412 0.040 1.633 0.039 1.769 0.039 0.221 0.015 0.357 0.015 0.136 0.013
2453218.59519 1.436 0.040 1.669 0.039 1.833 0.039 0.233 0.015 0.397 0.015 0.164 0.013
2453218.59556 1.457 0.040 1.647 0.039 1.798 0.039 0.190 0.016 0.341 0.015 0.151 0.013
2453218.59593 1.476 0.040 1.628 0.039 1.819 0.039 0.152 0.016 0.343 0.015 0.191 0.013
2453218.59630 1.415 0.040 1.648 0.039 1.780 0.039 0.233 0.016 0.365 0.015 0.132 0.013
2453218.59668 1.360 0.038 1.568 0.037 1.749 0.037 0.208 0.016 0.389 0.015 0.181 0.013
2453218.59705 1.361 0.040 1.592 0.039 1.716 0.039 0.231 0.016 0.355 0.016 0.124 0.014
2453218.59742 1.488 0.047 1.716 0.046 1.850 0.046 0.228 0.017 0.362 0.016 0.134 0.014
2453218.59780 1.457 0.047 1.656 0.046 1.780 0.046 0.199 0.018 0.323 0.018 0.124 0.016
2453218.59818 1.390 0.048 1.643 0.047 1.838 0.047 0.253 0.018 0.448 0.017 0.195 0.015
2453218.59855 1.407 0.046 1.574 0.046 1.772 0.045 0.167 0.018 0.365 0.016 0.198 0.016
2453218.59892 1.399 0.048 1.661 0.047 1.839 0.047 0.262 0.018 0.440 0.017 0.178 0.015
2453218.59929 1.413 0.048 1.623 0.048 1.788 0.047 0.210 0.018 0.375 0.018 0.165 0.016
2453218.59967 1.428 0.051 1.618 0.051 1.821 0.050 0.190 0.020 0.393 0.019 0.203 0.017
2453218.60004 1.397 0.050 1.610 0.049 1.760 0.049 0.213 0.019 0.363 0.019 0.150 0.016
2453218.60041 1.412 0.054 1.571 0.054 1.735 0.053 0.159 0.021 0.323 0.020 0.164 0.018
2453218.60078 1.439 0.053 1.686 0.053 1.847 0.052 0.247 0.020 0.408 0.019 0.161 0.017
2453218.60116 1.405 0.055 1.652 0.055 1.818 0.054 0.247 0.021 0.413 0.019 0.166 0.017
2453218.60153 1.331 0.087 1.496 0.085 1.621 0.083 0.165 0.041 0.290 0.037 0.125 0.034
2453218.60190 1.378 0.089 1.686 0.087 1.817 0.087 0.308 0.033 0.439 0.031 0.131 0.026


2453218.60266 1.150 0.120 1.668 0.119 1.733 0.118 0.518 0.040 0.583 0.037 0.065 0.033


