JD V-C s1 V-C1 s2 V-C2 s3 C-C1 s4 C-C2 s5 C1-C2 s6
Aperture: 2.00, Filter: V
2453285.21314 1.667 0.025 1.854 0.025 2.059 0.025 0.187 0.009 0.392 0.009 0.205 0.008
2453285.21351 1.669 0.026 1.863 0.026 2.043 0.025 0.194 0.009 0.374 0.009 0.180 0.008
2453285.21389 99.999 9.999 1.854 0.024 2.043 0.024 99.999 9.999 99.999 9.999 0.189 0.008
2453285.21426 1.688 0.023 1.878 0.023 2.054 0.023 0.190 0.008 0.366 0.008 0.176 0.008
2453285.21463 1.715 0.023 1.895 0.023 2.083 0.023 0.180 0.008 0.368 0.008 0.188 0.007
2453285.21500 1.680 0.022 1.880 0.022 2.062 0.022 0.200 0.008 0.382 0.008 0.182 0.007
2453285.21538 1.702 0.023 1.867 0.023 2.071 0.023 0.165 0.008 0.369 0.008 0.204 0.007
2453285.21575 1.666 0.021 1.860 0.021 2.069 0.021 0.194 0.008 0.403 0.008 0.209 0.007
2453285.21613 1.652 0.021 1.827 0.021 2.041 0.021 0.175 0.008 0.389 0.008 0.214 0.007
2453285.21650 1.667 0.020 1.876 0.020 2.060 0.020 0.209 0.008 0.393 0.008 0.184 0.007




2453285.21763 1.666 0.019 1.849 0.019 2.039 0.019 0.183 0.008 0.373 0.008 0.190 0.007


2453285.21837 1.664 0.019 1.868 0.019 2.045 0.018 0.204 0.008 0.381 0.007 0.177 0.006
2453285.21875 1.684 0.019 1.905 0.019 2.063 0.018 0.221 0.008 0.379 0.007 0.158 0.006


2453285.21949 1.626 0.018 1.821 0.018 2.010 0.017 0.195 0.008 0.384 0.007 0.189 0.006
2453285.21987 1.690 0.018 1.867 0.018 2.078 0.017 0.177 0.007 0.388 0.006 0.211 0.006
2453285.22024 1.699 0.018 1.903 0.018 2.082 0.017 0.204 0.007 0.383 0.006 0.179 0.006


2453285.22100 1.722 0.018 1.890 0.018 2.075 0.017 0.168 0.007 0.353 0.006 0.185 0.006
2453285.22137 1.739 0.017 1.894 0.017 2.118 0.016 0.155 0.007 0.379 0.006 0.224 0.006
2453285.22174 1.659 0.017 1.870 0.017 2.031 0.016 0.211 0.007 0.372 0.006 0.161 0.006


2453285.22249 1.682 0.017 1.880 0.017 2.052 0.016 0.198 0.007 0.370 0.006 0.172 0.006
2453285.22286 1.710 0.017 1.900 0.017 2.089 0.016 0.190 0.007 0.379 0.006 0.189 0.006
2453285.22323 99.999 9.999 1.907 0.017 2.112 0.016 99.999 9.999 99.999 9.999 0.205 0.006
2453285.22361 1.687 0.017 1.873 0.017 2.065 0.016 0.186 0.007 0.378 0.006 0.192 0.006


2453285.22435 1.722 0.016 1.912 0.016 2.072 0.016 0.190 0.007 0.350 0.006 0.160 0.006
2453285.22473 1.701 0.016 1.886 0.016 2.080 0.016 0.185 0.007 0.379 0.006 0.194 0.006


2453285.22586 1.679 0.016 1.908 0.016 2.051 0.016 0.229 0.007 0.372 0.006 0.143 0.006
2453285.22623 99.999 9.999 1.919 0.016 2.149 0.016 99.999 9.999 99.999 9.999 0.230 0.006


2453285.22698 1.735 0.016 1.880 0.016 2.105 0.016 0.145 0.007 0.370 0.006 0.225 0.006


2453285.22772 1.692 0.016 1.893 0.016 2.059 0.016 0.201 0.007 0.367 0.006 0.166 0.006
2453285.22810 1.668 0.016 1.897 0.016 2.043 0.016 0.229 0.007 0.375 0.006 0.146 0.006


2453285.22884 1.691 0.016 1.907 0.016 2.069 0.016 0.216 0.007 0.378 0.006 0.162 0.006
2453285.22921 1.711 0.016 99.999 9.999 2.073 0.016 99.999 9.999 0.362 0.006 99.999 9.999




2453285.23034 99.999 9.999 99.999 9.999 2.113 0.016 99.999 9.999 99.999 9.999 99.999 9.999
2453285.23072 1.740 0.015 1.905 0.015 2.111 0.015 0.165 0.007 0.371 0.006 0.206 0.006
2453285.23109 1.712 0.015 1.940 0.015 2.103 0.015 0.228 0.006 0.391 0.006 0.163 0.006


2453285.23184 1.711 0.016 1.936 0.016 2.085 0.016 0.225 0.006 0.374 0.006 0.149 0.006
2453285.23221 99.999 9.999 1.866 0.015 2.084 0.015 99.999 9.999 99.999 9.999 0.218 0.006


2453285.23296 1.753 0.016 1.892 0.016 2.130 0.016 0.139 0.007 0.377 0.006 0.238 0.006


2453285.23370 1.735 0.016 1.934 0.016 2.102 0.016 0.199 0.006 0.367 0.006 0.168 0.006
2453285.23409 1.733 0.015 1.922 0.015 2.097 0.015 0.189 0.006 0.364 0.006 0.175 0.006




2453285.23521 1.736 0.015 1.935 0.015 2.101 0.015 0.199 0.006 0.365 0.006 0.166 0.006




2453285.23633 1.724 0.016 1.931 0.016 2.109 0.016 0.207 0.007 0.385 0.006 0.178 0.006
2453285.23670 1.738 0.015 1.940 0.015 2.096 0.015 0.202 0.006 0.358 0.006 0.156 0.006
2453285.23707 1.762 0.016 1.914 0.016 2.151 0.016 0.152 0.007 0.389 0.006 0.237 0.006
2453285.23745 1.745 0.015 1.933 0.015 2.110 0.015 0.188 0.006 0.365 0.006 0.177 0.006
2453285.23782 1.736 0.015 1.940 0.015 2.102 0.015 0.204 0.006 0.366 0.006 0.162 0.006
2453285.23819 1.715 0.015 1.907 0.015 2.091 0.015 0.192 0.007 0.376 0.006 0.184 0.006
2453285.23858 1.727 0.015 1.924 0.015 2.104 0.015 0.197 0.007 0.377 0.006 0.180 0.006


2453285.23932 1.730 0.015 1.924 0.015 2.102 0.015 0.194 0.007 0.372 0.006 0.178 0.006
2453285.23970 1.722 0.015 99.999 9.999 2.098 0.015 99.999 9.999 0.376 0.006 99.999 9.999


2453285.24044 1.679 0.015 1.881 0.015 2.065 0.015 0.202 0.007 0.386 0.006 0.184 0.006
2453285.24081 99.999 9.999 1.904 0.015 2.100 0.015 99.999 9.999 99.999 9.999 0.196 0.006
2453285.24119 1.732 0.015 1.909 0.015 2.124 0.015 0.177 0.007 0.392 0.006 0.215 0.006
2453285.24156 1.724 0.015 1.930 0.015 2.076 0.015 0.206 0.006 0.352 0.006 0.146 0.006
2453285.24193 1.736 0.016 1.934 0.016 2.101 0.016 0.198 0.006 0.365 0.006 0.167 0.006
2453285.24231 1.740 0.015 1.938 0.015 2.101 0.015 0.198 0.006 0.361 0.006 0.163 0.006
2453285.24269 99.999 9.999 1.898 0.015 2.119 0.015 99.999 9.999 99.999 9.999 0.221 0.006
2453285.24306 1.731 0.015 1.898 0.015 2.120 0.015 0.167 0.007 0.389 0.006 0.222 0.006
2453285.24344 1.725 0.015 1.922 0.015 2.085 0.015 0.197 0.006 0.360 0.006 0.163 0.006
2453285.24381 1.704 0.015 99.999 9.999 2.094 0.015 99.999 9.999 0.390 0.006 99.999 9.999


2453285.24456 1.707 0.015 1.910 0.015 2.093 0.015 0.203 0.007 0.386 0.006 0.183 0.006


2453285.24530 1.712 0.015 1.895 0.015 2.092 0.015 0.183 0.007 0.380 0.006 0.197 0.006
2453285.24568 1.733 0.015 1.892 0.015 2.103 0.015 0.159 0.007 0.370 0.006 0.211 0.006


2453285.24642 1.670 0.015 1.862 0.015 2.069 0.015 0.192 0.007 0.399 0.006 0.207 0.006
2453285.24681 99.999 9.999 1.869 0.015 2.074 0.015 99.999 9.999 99.999 9.999 0.205 0.006


2453285.24755 1.723 0.015 1.884 0.015 2.092 0.015 0.161 0.007 0.369 0.006 0.208 0.006
2453285.24793 1.693 0.015 1.888 0.015 2.061 0.015 0.195 0.007 0.368 0.006 0.173 0.006
2453285.24830 1.674 0.015 1.905 0.015 2.068 0.015 0.231 0.006 0.394 0.006 0.163 0.006
2453285.24867 1.692 0.015 1.868 0.015 2.078 0.015 0.176 0.007 0.386 0.006 0.210 0.006


2453285.24942 1.679 0.015 1.853 0.015 2.065 0.015 0.174 0.007 0.386 0.006 0.212 0.006
2453285.24979 1.735 0.015 1.902 0.015 2.107 0.015 0.167 0.007 0.372 0.006 0.205 0.006
2453285.25017 1.754 0.015 1.920 0.015 2.110 0.015 0.166 0.007 0.356 0.006 0.190 0.006
2453285.25054 1.666 0.015 1.866 0.015 2.065 0.015 0.200 0.007 0.399 0.006 0.199 0.006




2453285.25167 1.694 0.015 1.889 0.015 2.073 0.015 0.195 0.007 0.379 0.006 0.184 0.006
2453285.25204 1.734 0.015 99.999 9.999 2.105 0.015 99.999 9.999 0.371 0.006 99.999 9.999
2453285.25241 1.683 0.015 1.857 0.015 2.062 0.015 0.174 0.007 0.379 0.006 0.205 0.006
2453285.25279 1.703 0.015 1.915 0.015 2.081 0.015 0.212 0.007 0.378 0.006 0.166 0.006


2453285.25353 1.679 0.015 1.876 0.015 2.049 0.015 0.197 0.007 0.370 0.006 0.173 0.006
2453285.25391 1.692 0.015 1.876 0.015 2.070 0.015 0.184 0.007 0.378 0.006 0.194 0.006


2453285.25465 1.676 0.015 1.843 0.015 2.050 0.015 0.167 0.007 0.374 0.006 0.207 0.006
2453285.25503 1.701 0.015 1.890 0.015 2.068 0.015 0.189 0.007 0.367 0.006 0.178 0.006


2453285.25578 1.688 0.015 1.877 0.015 2.068 0.015 0.189 0.007 0.380 0.006 0.191 0.006


2453285.25653 1.697 0.015 1.905 0.015 2.071 0.015 0.208 0.006 0.374 0.006 0.166 0.006
2453285.25690 1.694 0.015 1.887 0.015 2.062 0.015 0.193 0.007 0.368 0.006 0.175 0.006




2453285.25802 1.717 0.015 1.895 0.015 2.086 0.015 0.178 0.007 0.369 0.006 0.191 0.006
2453285.25839 1.731 0.015 1.918 0.015 2.081 0.015 0.187 0.006 0.350 0.006 0.163 0.006
2453285.25877 1.701 0.015 1.916 0.015 2.077 0.015 0.215 0.006 0.376 0.006 0.161 0.006
2453285.25914 1.706 0.015 1.884 0.015 2.086 0.015 0.178 0.007 0.380 0.006 0.202 0.006


2453285.25990 1.736 0.015 1.902 0.015 2.104 0.015 0.166 0.007 0.368 0.006 0.202 0.006
2453285.26027 1.728 0.015 1.900 0.015 2.106 0.015 0.172 0.007 0.378 0.006 0.206 0.006
2453285.26064 1.727 0.015 1.884 0.015 2.103 0.015 0.157 0.007 0.376 0.006 0.219 0.006
2453285.26102 1.732 0.015 1.900 0.015 2.102 0.015 0.168 0.007 0.370 0.006 0.202 0.006


2453285.26176 1.713 0.015 1.923 0.015 2.097 0.015 0.210 0.006 0.384 0.006 0.174 0.006
2453285.26214 1.712 0.015 1.925 0.015 2.091 0.015 0.213 0.006 0.379 0.006 0.166 0.006
2453285.26251 1.707 0.015 1.858 0.015 2.066 0.015 0.151 0.007 0.359 0.006 0.208 0.006
2453285.26288 1.692 0.015 1.872 0.015 2.056 0.015 0.180 0.007 0.364 0.006 0.184 0.006


2453285.26363 1.714 0.015 1.910 0.015 2.105 0.015 0.196 0.007 0.391 0.006 0.195 0.006
2453285.26400 1.705 0.015 1.897 0.015 2.073 0.015 0.192 0.007 0.368 0.006 0.176 0.006
2453285.26438 1.690 0.015 1.869 0.015 2.066 0.015 0.179 0.007 0.376 0.006 0.197 0.006
2453285.26476 1.673 0.015 1.873 0.015 2.065 0.015 0.200 0.007 0.392 0.006 0.192 0.006
2453285.26513 1.725 0.015 1.897 0.015 2.094 0.015 0.172 0.007 0.369 0.006 0.197 0.006
2453285.26550 1.714 0.015 99.999 9.999 2.075 0.015 99.999 9.999 0.361 0.006 99.999 9.999
2453285.26588 1.684 0.015 1.870 0.015 2.068 0.015 0.186 0.007 0.384 0.006 0.198 0.006
2453285.26625 1.694 0.015 1.864 0.015 2.083 0.015 0.170 0.007 0.389 0.006 0.219 0.006
2453285.26662 1.686 0.015 1.869 0.015 2.039 0.015 0.183 0.006 0.353 0.006 0.170 0.006
2453285.26700 1.695 0.015 1.865 0.015 2.083 0.015 0.170 0.007 0.388 0.006 0.218 0.006
2453285.26737 1.741 0.015 1.923 0.015 2.109 0.015 0.182 0.007 0.368 0.006 0.186 0.006
2453285.26774 1.720 0.015 1.918 0.015 2.089 0.015 0.198 0.006 0.369 0.006 0.171 0.006
2453285.26811 1.695 0.015 1.899 0.015 2.068 0.015 0.204 0.006 0.373 0.006 0.169 0.006
2453285.26850 1.686 0.015 1.885 0.015 2.061 0.015 0.199 0.007 0.375 0.006 0.176 0.006


2453285.26924 1.711 0.015 1.890 0.015 2.095 0.015 0.179 0.007 0.384 0.006 0.205 0.006
2453285.26962 1.684 0.015 1.871 0.015 2.078 0.015 0.187 0.007 0.394 0.006 0.207 0.006
2453285.26999 1.707 0.015 1.881 0.015 2.085 0.015 0.174 0.007 0.378 0.006 0.204 0.006
2453285.27036 1.673 0.015 1.867 0.015 2.058 0.015 0.194 0.007 0.385 0.006 0.191 0.006


2453285.27111 1.712 0.015 1.879 0.015 2.089 0.015 0.167 0.006 0.377 0.006 0.210 0.006
2453285.27148 1.706 0.015 1.908 0.015 2.095 0.015 0.202 0.006 0.389 0.006 0.187 0.006
2453285.27186 1.712 0.015 1.896 0.015 2.080 0.015 0.184 0.007 0.368 0.006 0.184 0.006


2453285.27684 1.671 0.015 1.870 0.015 2.063 0.015 0.199 0.007 0.392 0.006 0.193 0.006
2453285.27721 1.771 0.016 1.977 0.016 2.127 0.016 0.206 0.006 0.356 0.006 0.150 0.006
2453285.27759 1.737 0.015 1.929 0.015 2.107 0.015 0.192 0.006 0.370 0.006 0.178 0.006
2453285.27796 1.742 0.015 1.953 0.015 2.105 0.015 0.211 0.006 0.363 0.006 0.152 0.006
2453285.27833 1.734 0.015 1.918 0.015 2.118 0.015 0.184 0.007 0.384 0.006 0.200 0.006
2453285.27872 1.727 0.015 1.929 0.015 99.999 9.999 0.202 0.006 99.999 9.999 99.999 9.999


2453285.27946 1.708 0.015 1.894 0.015 2.075 0.015 0.186 0.007 0.367 0.006 0.181 0.006


2453285.28021 1.743 0.016 1.948 0.016 2.110 0.016 0.205 0.006 0.367 0.006 0.162 0.006
2453285.28058 1.733 0.015 1.917 0.015 2.113 0.015 0.184 0.006 0.380 0.006 0.196 0.006
2453285.28096 99.999 9.999 1.883 0.015 2.095 0.015 99.999 9.999 99.999 9.999 0.212 0.006
2453285.28133 1.746 0.015 1.901 0.015 2.117 0.015 0.155 0.007 0.371 0.006 0.216 0.006
2453285.28170 1.720 0.015 1.910 0.015 2.094 0.015 0.190 0.007 0.374 0.006 0.184 0.006


2453285.28245 1.716 0.015 1.888 0.015 2.090 0.015 0.172 0.007 0.374 0.006 0.202 0.006




2453285.28358 1.709 0.015 1.912 0.015 2.084 0.015 0.203 0.006 0.375 0.006 0.172 0.006
2453285.28395 99.999 9.999 1.919 0.015 2.110 0.015 99.999 9.999 99.999 9.999 0.191 0.006


2453285.28470 1.743 0.015 1.947 0.015 2.128 0.015 0.204 0.007 0.385 0.006 0.181 0.006
2453285.28507 1.742 0.015 1.947 0.015 2.110 0.015 0.205 0.006 0.368 0.006 0.163 0.006
2453285.28544 1.721 0.015 1.897 0.015 2.112 0.015 0.176 0.007 0.391 0.006 0.215 0.006
2453285.28582 1.735 0.015 1.949 0.015 2.115 0.015 0.214 0.006 0.380 0.006 0.166 0.006


2453285.28656 1.747 0.015 1.936 0.015 2.125 0.015 0.189 0.007 0.378 0.006 0.189 0.006
2453285.28694 1.731 0.015 1.917 0.015 2.124 0.015 0.186 0.007 0.393 0.006 0.207 0.006
2453285.28731 1.778 0.016 1.929 0.016 2.166 0.016 0.151 0.007 0.388 0.006 0.237 0.006
2453285.28769 1.747 0.015 1.946 0.015 2.130 0.015 0.199 0.007 0.383 0.006 0.184 0.006




2453285.28881 1.719 0.015 1.901 0.015 2.102 0.015 0.182 0.007 0.383 0.006 0.201 0.006
2453285.28918 1.782 0.015 1.937 0.015 2.137 0.015 0.155 0.007 0.355 0.006 0.200 0.006
2453285.28956 1.780 0.015 1.966 0.015 2.155 0.015 0.186 0.007 0.375 0.006 0.189 0.006
2453285.28993 1.767 0.015 1.957 0.015 2.128 0.015 0.190 0.006 0.361 0.006 0.171 0.006




2453285.29105 1.787 0.016 1.969 0.016 2.146 0.016 0.182 0.007 0.359 0.006 0.177 0.006
2453285.29142 1.781 0.016 1.968 0.016 2.146 0.016 0.187 0.007 0.365 0.006 0.178 0.006


2453285.29218 1.764 0.015 1.955 0.015 2.144 0.015 0.191 0.006 0.380 0.006 0.189 0.006
2453285.29255 1.785 0.015 99.999 9.999 2.142 0.015 99.999 9.999 0.357 0.006 99.999 9.999
2453285.29293 1.742 0.015 1.922 0.015 2.120 0.015 0.180 0.007 0.378 0.006 0.198 0.006
2453285.29330 1.761 0.015 1.986 0.015 2.147 0.015 0.225 0.006 0.386 0.006 0.161 0.006
2453285.29367 1.734 0.015 1.891 0.015 2.095 0.015 0.157 0.007 0.361 0.006 0.204 0.006
2453285.29404 1.759 0.015 1.943 0.015 2.136 0.015 0.184 0.006 0.377 0.006 0.193 0.006
2453285.29442 1.758 0.015 1.958 0.015 2.132 0.015 0.200 0.007 0.374 0.006 0.174 0.006


2453285.29516 1.709 0.015 1.900 0.015 2.110 0.015 0.191 0.007 0.401 0.006 0.210 0.006
2453285.29554 1.747 0.015 1.954 0.015 99.999 9.999 0.207 0.007 99.999 9.999 99.999 9.999
2453285.29591 1.782 0.015 1.958 0.015 2.158 0.015 0.176 0.007 0.376 0.006 0.200 0.006


2453285.29667 1.744 0.016 1.950 0.016 2.143 0.016 0.206 0.007 0.399 0.006 0.193 0.006


2453285.29741 1.745 0.015 1.947 0.015 2.123 0.015 0.202 0.007 0.378 0.006 0.176 0.006
2453285.29779 1.794 0.016 1.977 0.016 2.157 0.016 0.183 0.007 0.363 0.006 0.180 0.006


2453285.29853 1.765 0.015 1.934 0.015 2.139 0.015 0.169 0.007 0.374 0.006 0.205 0.006
2453285.29890 1.752 0.015 1.976 0.015 2.132 0.015 0.224 0.006 0.380 0.006 0.156 0.006
2453285.29928 1.804 0.016 1.969 0.016 2.158 0.016 0.165 0.007 0.354 0.006 0.189 0.006
2453285.29965 1.762 0.015 1.958 0.015 2.132 0.015 0.196 0.007 0.370 0.006 0.174 0.006
2453285.30002 1.735 0.015 1.941 0.015 2.113 0.015 0.206 0.007 0.378 0.006 0.172 0.006


2453285.30078 1.753 0.016 1.956 0.016 2.153 0.016 0.203 0.007 0.400 0.006 0.197 0.006




2453285.30190 1.772 0.016 1.992 0.016 2.159 0.016 0.220 0.006 0.387 0.006 0.167 0.006




2453285.30302 1.771 0.016 1.954 0.016 2.158 0.016 0.183 0.007 0.387 0.006 0.204 0.006
2453285.30339 99.999 9.999 99.999 9.999 2.196 0.016 99.999 9.999 99.999 9.999 99.999 9.999
2453285.30376 1.808 0.016 2.004 0.016 2.187 0.016 0.196 0.007 0.379 0.006 0.183 0.006
2453285.30414 1.769 0.015 1.973 0.015 2.153 0.015 0.204 0.006 0.384 0.006 0.180 0.006


2453285.30488 1.778 0.016 1.952 0.016 2.157 0.016 0.174 0.007 0.379 0.006 0.205 0.006
2453285.30527 1.852 0.016 2.026 0.016 2.225 0.016 0.174 0.007 0.373 0.006 0.199 0.006
2453285.30564 1.805 0.016 1.979 0.016 2.161 0.016 0.174 0.007 0.356 0.006 0.182 0.006
2453285.30601 1.771 0.016 1.949 0.016 2.175 0.016 0.178 0.007 0.404 0.006 0.226 0.006
2453285.30639 1.799 0.016 2.013 0.016 99.999 9.999 0.214 0.007 99.999 9.999 99.999 9.999


2453285.30713 1.753 0.015 1.930 0.015 99.999 9.999 0.177 0.007 99.999 9.999 99.999 9.999
2453285.30751 1.753 0.016 1.988 0.016 2.152 0.016 0.235 0.006 0.399 0.006 0.164 0.006
2453285.30788 1.790 0.016 1.983 0.016 2.172 0.016 0.193 0.007 0.382 0.006 0.189 0.006
2453285.30825 1.786 0.016 1.956 0.016 2.160 0.016 0.170 0.007 0.374 0.006 0.204 0.006
2453285.30863 1.779 0.016 1.973 0.016 2.147 0.016 0.194 0.007 0.368 0.006 0.174 0.006


2453285.30938 1.778 0.016 2.005 0.016 2.148 0.016 0.227 0.006 0.370 0.006 0.143 0.006
2453285.30975 1.775 0.016 1.953 0.016 2.149 0.016 0.178 0.007 0.374 0.006 0.196 0.006
2453285.31013 1.776 0.016 1.971 0.016 2.146 0.016 0.195 0.006 0.370 0.006 0.175 0.006
2453285.31050 1.812 0.016 99.999 9.999 2.173 0.016 99.999 9.999 0.361 0.006 99.999 9.999
2453285.31087 1.747 0.015 1.921 0.015 2.133 0.015 0.174 0.007 0.386 0.006 0.212 0.006
2453285.31125 99.999 9.999 1.941 0.015 2.155 0.015 99.999 9.999 99.999 9.999 0.214 0.006
2453285.31162 1.779 0.016 1.972 0.016 2.162 0.016 0.193 0.007 0.383 0.006 0.190 0.006
2453285.31200 1.766 0.016 1.939 0.016 2.169 0.016 0.173 0.007 0.403 0.006 0.230 0.006


2453285.31274 1.784 0.015 1.963 0.015 2.166 0.015 0.179 0.007 0.382 0.006 0.203 0.006
2453285.31311 1.837 0.016 2.016 0.016 2.229 0.016 0.179 0.007 0.392 0.006 0.213 0.006


2453285.31387 1.784 0.016 2.010 0.016 2.172 0.016 0.226 0.007 0.388 0.006 0.162 0.006
2453285.31424 1.775 0.016 1.968 0.016 2.166 0.016 0.193 0.007 0.391 0.006 0.198 0.006




2453285.31536 1.815 0.016 2.030 0.016 2.190 0.016 0.215 0.007 0.375 0.006 0.160 0.006




2453285.31648 1.829 0.016 2.052 0.016 2.208 0.016 0.223 0.007 0.379 0.006 0.156 0.006
2453285.31686 99.999 9.999 2.023 0.016 2.227 0.016 99.999 9.999 99.999 9.999 0.204 0.006
2453285.31723 1.790 0.016 1.963 0.016 2.184 0.016 0.173 0.007 0.394 0.006 0.221 0.006
2453285.31760 1.828 0.016 2.034 0.016 2.204 0.016 0.206 0.007 0.376 0.006 0.170 0.006


2453285.31836 1.815 0.016 2.006 0.016 2.190 0.016 0.191 0.007 0.375 0.006 0.184 0.006
2453285.31873 1.815 0.016 1.994 0.016 2.199 0.016 0.179 0.007 0.384 0.006 0.205 0.006
2453285.31910 99.999 9.999 2.008 0.016 2.229 0.016 99.999 9.999 99.999 9.999 0.221 0.006
2453285.31948 1.817 0.017 2.004 0.017 2.203 0.016 0.187 0.007 0.386 0.006 0.199 0.006
2453285.31985 99.999 9.999 1.952 0.016 2.145 0.016 99.999 9.999 99.999 9.999 0.193 0.006


2453285.32060 1.783 0.017 2.009 0.017 2.173 0.016 0.226 0.007 0.390 0.006 0.164 0.006
2453285.32097 1.812 0.016 1.982 0.016 2.184 0.016 0.170 0.007 0.372 0.006 0.202 0.006


2453285.32172 1.841 0.017 2.041 0.017 2.235 0.016 0.200 0.007 0.394 0.006 0.194 0.006
2453285.32209 1.829 0.017 2.052 0.017 2.217 0.016 0.223 0.007 0.388 0.006 0.165 0.006


2453285.32284 1.826 0.017 2.042 0.017 2.207 0.016 0.216 0.007 0.381 0.006 0.165 0.006
2453285.32322 1.819 0.016 1.999 0.016 2.195 0.016 0.180 0.007 0.376 0.006 0.196 0.006


2453285.32396 1.799 0.016 2.023 0.016 2.216 0.016 0.224 0.007 0.417 0.006 0.193 0.006
2453285.32434 1.804 0.016 2.010 0.016 2.191 0.016 0.206 0.007 0.387 0.006 0.181 0.006


2453285.32508 1.785 0.017 1.990 0.017 2.185 0.016 0.205 0.007 0.400 0.006 0.195 0.006
2453285.32546 1.847 0.017 2.015 0.017 2.216 0.016 0.168 0.007 0.369 0.006 0.201 0.006


2453285.32620 1.833 0.017 2.031 0.017 2.226 0.016 0.198 0.007 0.393 0.006 0.195 0.006
2453285.32659 1.870 0.017 2.035 0.017 2.228 0.016 0.165 0.007 0.358 0.006 0.193 0.006


2453285.32733 1.875 0.017 2.057 0.017 2.258 0.016 0.182 0.007 0.383 0.006 0.201 0.006
2453285.32770 1.847 0.017 2.017 0.017 2.220 0.016 0.170 0.007 0.373 0.006 0.203 0.006
2453285.32808 1.826 0.016 2.021 0.016 2.201 0.016 0.195 0.007 0.375 0.006 0.180 0.006
2453285.32845 1.810 0.017 2.001 0.017 2.181 0.016 0.191 0.007 0.371 0.006 0.180 0.006
2453285.32882 1.842 0.017 2.047 0.017 2.218 0.016 0.205 0.007 0.376 0.006 0.171 0.006
2453285.32920 99.999 9.999 99.999 9.999 2.236 0.016 99.999 9.999 99.999 9.999 99.999 9.999


2453285.32994 1.841 0.017 2.003 0.017 2.213 0.016 0.162 0.007 0.372 0.006 0.210 0.006


2453285.33069 1.864 0.017 2.069 0.017 2.255 0.016 0.205 0.007 0.391 0.006 0.186 0.006
2453285.33106 1.864 0.017 2.056 0.017 2.248 0.016 0.192 0.007 0.384 0.006 0.192 0.006
2453285.33145 1.824 0.017 2.049 0.017 2.210 0.016 0.225 0.007 0.386 0.006 0.161 0.006


2453285.33219 1.841 0.017 2.031 0.017 2.205 0.016 0.190 0.007 0.364 0.006 0.174 0.006
2453285.33256 99.999 9.999 2.029 0.017 2.229 0.016 99.999 9.999 99.999 9.999 0.200 0.006
2453285.33294 1.843 0.017 2.033 0.017 2.244 0.016 0.190 0.007 0.401 0.006 0.211 0.006
2453285.33331 1.855 0.017 2.039 0.017 2.236 0.016 0.184 0.007 0.381 0.006 0.197 0.006
2453285.33368 1.822 0.017 2.031 0.017 2.206 0.016 0.209 0.007 0.384 0.006 0.175 0.006
2453285.33406 1.839 0.017 2.049 0.017 2.212 0.016 0.210 0.007 0.373 0.006 0.163 0.006
2453285.33443 1.814 0.017 2.023 0.017 2.212 0.016 0.209 0.007 0.398 0.006 0.189 0.006
2453285.33480 1.869 0.017 2.029 0.017 2.230 0.016 0.160 0.007 0.361 0.006 0.201 0.006




2453285.33593 1.856 0.017 2.061 0.017 2.241 0.016 0.205 0.007 0.385 0.006 0.180 0.006
2453285.33631 1.887 0.017 99.999 9.999 2.259 0.016 99.999 9.999 0.372 0.006 99.999 9.999
2453285.33668 1.913 0.018 2.095 0.018 2.262 0.017 0.182 0.007 0.349 0.006 0.167 0.006
2453285.33705 1.902 0.018 2.069 0.018 2.275 0.017 0.167 0.007 0.373 0.006 0.206 0.006


2453285.33780 1.875 0.018 2.061 0.018 2.270 0.017 0.186 0.007 0.395 0.006 0.209 0.006
2453285.33817 1.888 0.017 2.086 0.017 2.246 0.016 0.198 0.007 0.358 0.006 0.160 0.006
2453285.33854 1.917 0.018 99.999 9.999 2.273 0.017 99.999 9.999 0.356 0.006 99.999 9.999
2453285.33892 1.870 0.017 2.069 0.017 2.250 0.016 0.199 0.007 0.380 0.006 0.181 0.006
2453285.33929 1.858 0.017 2.069 0.017 2.243 0.016 0.211 0.007 0.385 0.006 0.174 0.006
2453285.33966 1.880 0.018 2.085 0.018 2.285 0.017 0.205 0.007 0.405 0.006 0.200 0.006
2453285.34005 1.884 0.018 2.079 0.018 2.264 0.017 0.195 0.007 0.380 0.006 0.185 0.006
2453285.34042 1.857 0.018 2.062 0.018 2.252 0.017 0.205 0.007 0.395 0.006 0.190 0.006
2453285.34079 1.865 0.018 2.078 0.018 2.254 0.017 0.213 0.007 0.389 0.006 0.176 0.006


2453285.34154 1.904 0.018 2.069 0.018 2.297 0.017 0.165 0.007 0.393 0.006 0.228 0.006
2453285.34191 1.864 0.017 2.052 0.017 2.228 0.016 0.188 0.007 0.364 0.006 0.176 0.006
2453285.34229 1.859 0.017 99.999 9.999 2.233 0.016 99.999 9.999 0.374 0.006 99.999 9.999
2453285.34266 1.870 0.018 2.080 0.018 2.250 0.017 0.210 0.007 0.380 0.006 0.170 0.006
2453285.34303 1.872 0.018 2.048 0.018 2.261 0.017 0.176 0.007 0.389 0.006 0.213 0.006


2453285.34378 1.903 0.018 2.093 0.018 2.285 0.017 0.190 0.007 0.382 0.006 0.192 0.006
2453285.34416 1.891 0.018 2.064 0.018 2.283 0.017 0.173 0.007 0.392 0.006 0.219 0.006




2453285.34528 1.843 0.018 2.037 0.018 2.235 0.017 0.194 0.007 0.392 0.006 0.198 0.006
2453285.34565 1.896 0.017 2.070 0.017 2.262 0.016 0.174 0.007 0.366 0.006 0.192 0.006
2453285.34603 1.888 0.018 2.073 0.018 2.276 0.017 0.185 0.007 0.388 0.006 0.203 0.006
2453285.34640 1.883 0.017 2.083 0.017 2.264 0.016 0.200 0.007 0.381 0.006 0.181 0.006
2453285.34677 1.917 0.018 2.127 0.018 2.289 0.017 0.210 0.007 0.372 0.006 0.162 0.006
2453285.34715 1.923 0.018 2.134 0.018 2.286 0.017 0.211 0.007 0.363 0.006 0.152 0.006
2453285.34752 1.883 0.018 2.096 0.018 2.300 0.017 0.213 0.007 0.417 0.006 0.204 0.006
2453285.34789 1.906 0.018 2.105 0.018 2.285 0.017 0.199 0.007 0.379 0.006 0.180 0.006


2453285.35164 1.995 0.019 2.188 0.019 2.383 0.018 0.193 0.007 0.388 0.006 0.195 0.006
2453285.35203 1.970 0.019 2.145 0.019 2.352 0.018 0.175 0.007 0.382 0.006 0.207 0.006
2453285.35240 1.979 0.019 2.183 0.019 2.376 0.018 0.204 0.007 0.397 0.006 0.193 0.006




2453285.35352 2.003 0.020 2.211 0.020 2.387 0.019 0.208 0.007 0.384 0.006 0.176 0.006
2453285.35389 2.023 0.020 2.226 0.020 2.392 0.019 0.203 0.007 0.369 0.006 0.166 0.006


2453285.35464 2.029 0.020 2.232 0.020 2.432 0.019 0.203 0.007 0.403 0.006 0.200 0.006
2453285.35501 1.981 0.019 2.173 0.019 2.354 0.018 0.192 0.007 0.373 0.006 0.181 0.006
2453285.35538 2.035 0.020 2.241 0.020 2.404 0.019 0.206 0.007 0.369 0.006 0.163 0.006
2453285.35576 2.005 0.020 2.204 0.020 2.393 0.019 0.199 0.007 0.388 0.006 0.189 0.006
2453285.35613 2.006 0.020 2.192 0.020 2.396 0.019 0.186 0.007 0.390 0.006 0.204 0.006


2453285.35689 2.048 0.020 2.253 0.020 2.429 0.019 0.205 0.007 0.381 0.006 0.176 0.006
2453285.35726 2.062 0.020 2.274 0.020 2.448 0.019 0.212 0.007 0.386 0.006 0.174 0.006




2453285.35838 2.101 0.021 2.294 0.021 2.470 0.020 0.193 0.007 0.369 0.006 0.176 0.006
2453285.35875 2.055 0.020 2.266 0.020 2.424 0.019 0.211 0.007 0.369 0.006 0.158 0.006


2453285.35950 2.068 0.021 2.273 0.021 2.446 0.020 0.205 0.007 0.378 0.006 0.173 0.006
2453285.35987 2.091 0.020 2.282 0.020 2.486 0.019 0.191 0.007 0.395 0.006 0.204 0.006




2453285.36100 2.068 0.020 2.284 0.020 2.449 0.019 0.216 0.007 0.381 0.006 0.165 0.006
2453285.36137 2.094 0.021 2.306 0.021 2.473 0.020 0.212 0.007 0.379 0.006 0.167 0.006
2453285.36175 2.074 0.020 2.254 0.020 2.440 0.019 0.180 0.007 0.366 0.006 0.186 0.006
2453285.36212 2.097 0.021 2.298 0.021 2.485 0.020 0.201 0.007 0.388 0.006 0.187 0.006
2453285.36249 2.068 0.021 2.282 0.021 2.444 0.020 0.214 0.007 0.376 0.006 0.162 0.006
2453285.36287 2.104 0.021 2.290 0.021 2.471 0.020 0.186 0.007 0.367 0.006 0.181 0.006
2453285.36324 2.095 0.021 2.287 0.021 2.481 0.020 0.192 0.007 0.386 0.006 0.194 0.006
2453285.36361 2.091 0.021 2.328 0.021 2.484 0.020 0.237 0.007 0.393 0.006 0.156 0.006
2453285.36399 2.131 0.022 2.337 0.022 2.491 0.021 0.206 0.007 0.360 0.006 0.154 0.006
2453285.36436 2.138 0.022 2.343 0.022 2.507 0.021 0.205 0.007 0.369 0.006 0.164 0.006
2453285.36473 2.146 0.022 2.345 0.022 2.551 0.021 0.199 0.007 0.405 0.006 0.206 0.006




2453285.36586 2.156 0.022 2.340 0.022 2.534 0.021 0.184 0.007 0.378 0.006 0.194 0.006
2453285.36623 2.182 0.023 2.368 0.023 2.566 0.022 0.186 0.007 0.384 0.006 0.198 0.006
2453285.36661 2.219 0.024 2.423 0.024 2.595 0.023 0.204 0.007 0.376 0.006 0.172 0.006
2453285.36698 2.187 0.023 2.381 0.023 2.552 0.022 0.194 0.007 0.365 0.006 0.171 0.006
2453285.36735 2.250 0.024 2.440 0.024 2.619 0.023 0.190 0.007 0.369 0.006 0.179 0.006
2453285.36773 2.198 0.023 2.394 0.023 2.599 0.022 0.196 0.007 0.401 0.006 0.205 0.006
2453285.36810 2.172 0.023 2.399 0.023 2.571 0.022 0.227 0.007 0.399 0.006 0.172 0.006
2453285.36847 2.217 0.023 2.423 0.023 2.603 0.022 0.206 0.007 0.386 0.006 0.180 0.006






2453285.36998 2.238 0.024 2.421 0.024 2.636 0.023 0.183 0.007 0.398 0.006 0.215 0.006


2453285.37072 2.174 0.023 2.393 0.023 2.563 0.022 0.219 0.007 0.389 0.006 0.170 0.006
2453285.37109 2.202 0.023 2.395 0.023 2.585 0.022 0.193 0.007 0.383 0.006 0.190 0.006
2453285.37147 2.243 0.024 2.451 0.024 2.621 0.023 0.208 0.007 0.378 0.006 0.170 0.006
2453285.37184 2.264 0.024 2.464 0.024 2.646 0.023 0.200 0.007 0.382 0.006 0.182 0.006


2453285.37259 2.234 0.025 2.436 0.025 2.639 0.024 0.202 0.007 0.405 0.006 0.203 0.006
2453285.37296 2.299 0.025 2.485 0.025 2.682 0.024 0.186 0.007 0.383 0.006 0.197 0.006
2453285.37333 2.231 0.024 2.422 0.024 2.602 0.023 0.191 0.007 0.371 0.006 0.180 0.006
2453285.37372 2.245 0.024 2.439 0.024 2.638 0.023 0.194 0.007 0.393 0.006 0.199 0.006
2453285.37409 99.999 9.999 2.487 0.025 2.646 0.024 99.999 9.999 99.999 9.999 0.159 0.006
2453285.37446 2.245 0.024 2.444 0.024 2.627 0.023 0.199 0.007 0.382 0.006 0.183 0.006
2453285.37484 2.269 0.025 2.471 0.025 2.649 0.024 0.202 0.007 0.380 0.006 0.178 0.006
2453285.37521 2.349 0.025 2.554 0.025 2.755 0.025 0.205 0.007 0.406 0.006 0.201 0.006
2453285.37558 2.331 0.026 2.525 0.026 2.722 0.026 0.194 0.007 0.391 0.006 0.197 0.006




2453285.37670 2.277 0.025 2.491 0.025 2.672 0.025 0.214 0.007 0.395 0.006 0.181 0.006


2453285.37745 2.293 0.025 2.504 0.025 2.692 0.024 0.211 0.007 0.399 0.006 0.188 0.006
2453285.37782 2.291 0.025 2.504 0.025 2.691 0.025 0.213 0.007 0.400 0.006 0.187 0.006
2453285.37819 2.367 0.025 2.542 0.025 2.757 0.025 0.175 0.007 0.390 0.006 0.215 0.006




2453285.37932 2.290 0.025 2.482 0.025 2.688 0.025 0.192 0.007 0.398 0.006 0.206 0.006
2453285.37970 2.338 0.025 2.539 0.025 2.712 0.025 0.201 0.007 0.374 0.006 0.173 0.006




2453285.38082 2.357 0.026 2.557 0.026 2.751 0.026 0.200 0.007 0.394 0.006 0.194 0.006
2453285.38119 2.332 0.025 2.534 0.025 2.708 0.025 0.202 0.007 0.376 0.006 0.174 0.006


2453285.38587 2.356 0.029 2.586 0.028 2.811 0.028 0.230 0.008 0.455 0.007 0.225 0.006
2453285.38624 2.364 0.029 2.602 0.028 2.802 0.028 0.238 0.008 0.438 0.007 0.200 0.006
2453285.38662 2.338 0.026 2.544 0.026 2.736 0.026 0.206 0.007 0.398 0.006 0.192 0.006
2453285.38699 2.334 0.027 2.536 0.026 2.741 0.026 0.202 0.008 0.407 0.007 0.205 0.006
2453285.38736 2.413 0.027 2.607 0.027 2.796 0.027 0.194 0.007 0.383 0.006 0.189 0.006
2453285.38774 2.305 0.026 2.526 0.026 2.694 0.026 0.221 0.007 0.389 0.006 0.168 0.006


2453285.38848 2.321 0.026 2.509 0.026 2.708 0.026 0.188 0.007 0.387 0.006 0.199 0.006
2453285.38885 2.314 0.026 2.489 0.026 2.695 0.026 0.175 0.007 0.381 0.006 0.206 0.006
2453285.38924 2.343 0.027 2.541 0.027 2.741 0.027 0.198 0.007 0.398 0.006 0.200 0.006
2453285.38961 2.281 0.026 2.493 0.026 2.682 0.026 0.212 0.007 0.401 0.006 0.189 0.006
2453285.38998 2.309 0.026 2.510 0.026 2.709 0.026 0.201 0.007 0.400 0.006 0.199 0.006
2453285.39036 2.272 0.026 2.460 0.025 2.637 0.025 0.188 0.008 0.365 0.008 0.177 0.007
2453285.39073 2.294 0.027 2.497 0.026 2.679 0.026 0.203 0.008 0.385 0.007 0.182 0.006
2453285.39110 2.283 0.026 2.484 0.025 2.673 0.025 0.201 0.008 0.390 0.007 0.189 0.006
2453285.39148 2.318 0.027 2.499 0.026 2.716 0.026 0.181 0.008 0.398 0.007 0.217 0.006




2453285.39260 2.254 0.027 2.454 0.026 2.646 0.026 0.200 0.008 0.392 0.007 0.192 0.006
2453285.39297 2.320 0.025 2.503 0.025 2.678 0.025 0.183 0.007 0.358 0.006 0.175 0.006
2453285.39334 2.292 0.026 2.510 0.026 2.677 0.026 0.218 0.007 0.385 0.006 0.167 0.006




2453285.39447 2.248 0.026 2.452 0.025 2.635 0.025 0.204 0.008 0.387 0.008 0.183 0.007
2453285.39484 2.283 0.028 2.492 0.027 2.689 0.027 0.209 0.008 0.406 0.007 0.197 0.006
2453285.39522 2.229 0.026 2.432 0.025 2.612 0.025 0.203 0.008 0.383 0.008 0.180 0.007
2453285.39559 2.303 0.028 2.485 0.027 2.677 0.027 0.182 0.008 0.374 0.008 0.192 0.007
2453285.39596 2.287 0.029 2.496 0.028 2.683 0.028 0.209 0.008 0.396 0.008 0.187 0.007
2453285.39634 2.220 0.026 2.435 0.025 2.599 0.025 0.215 0.008 0.379 0.008 0.164 0.007




2453285.39747 2.209 0.026 2.412 0.025 2.612 0.025 0.203 0.008 0.403 0.008 0.200 0.007
2453285.39784 2.240 0.027 2.445 0.026 2.613 0.026 0.205 0.008 0.373 0.008 0.168 0.007




2453285.39896 2.215 0.027 2.408 0.026 2.616 0.026 0.193 0.008 0.401 0.008 0.208 0.007
2453285.39933 2.278 0.028 2.489 0.027 2.651 0.027 0.211 0.008 0.373 0.008 0.162 0.007
2453285.39970 2.200 0.026 2.406 0.025 2.610 0.025 0.206 0.008 0.410 0.008 0.204 0.007
2453285.40008 2.221 0.027 2.429 0.026 2.602 0.026 0.208 0.008 0.381 0.008 0.173 0.007
2453285.40045 2.193 0.026 2.398 0.025 2.595 0.025 0.205 0.008 0.402 0.008 0.197 0.007
2453285.40082 2.203 0.026 2.397 0.025 2.586 0.025 0.194 0.008 0.383 0.008 0.189 0.007
2453285.40120 2.221 0.027 2.411 0.026 2.606 0.026 0.190 0.008 0.385 0.008 0.195 0.007
2453285.40157 2.175 0.026 2.389 0.025 2.563 0.025 0.214 0.008 0.388 0.008 0.174 0.007
2453285.40194 2.215 0.026 2.429 0.025 2.602 0.025 0.214 0.008 0.387 0.008 0.173 0.007
2453285.40233 2.180 0.025 2.394 0.025 2.563 0.025 0.214 0.008 0.383 0.008 0.169 0.007
2453285.40270 2.206 0.026 2.376 0.025 2.573 0.025 0.170 0.008 0.367 0.008 0.197 0.007


2453285.40345 2.243 0.028 2.432 0.027 2.631 0.027 0.189 0.008 0.388 0.008 0.199 0.007
2453285.40382 2.231 0.027 2.444 0.026 2.607 0.026 0.213 0.008 0.376 0.008 0.163 0.007
2453285.40419 2.160 0.025 2.385 0.025 2.551 0.025 0.225 0.008 0.391 0.008 0.166 0.007
2453285.40456 2.113 0.025 2.328 0.025 2.508 0.025 0.215 0.008 0.395 0.008 0.180 0.007
2453285.40494 2.170 0.026 2.368 0.025 2.521 0.025 0.198 0.008 0.351 0.008 0.153 0.007
2453285.40531 2.152 0.025 2.334 0.025 2.541 0.025 0.182 0.008 0.389 0.008 0.207 0.007
2453285.40568 2.136 0.025 2.328 0.025 2.509 0.025 0.192 0.008 0.373 0.008 0.181 0.007
2453285.40606 2.161 0.026 2.369 0.025 2.559 0.025 0.208 0.008 0.398 0.008 0.190 0.007
2453285.40644 2.136 0.025 2.328 0.025 2.522 0.025 0.192 0.008 0.386 0.008 0.194 0.007
2453285.40681 2.108 0.025 2.321 0.025 2.489 0.025 0.213 0.008 0.381 0.008 0.168 0.007
2453285.40719 2.101 0.025 2.316 0.025 2.483 0.025 0.215 0.008 0.382 0.008 0.167 0.007
2453285.40756 2.079 0.025 2.278 0.025 2.475 0.025 0.199 0.008 0.396 0.008 0.197 0.007
2453285.40793 2.090 0.025 2.285 0.025 2.463 0.025 0.195 0.008 0.373 0.008 0.178 0.007
2453285.40831 2.081 0.025 2.292 0.025 2.480 0.025 0.211 0.008 0.399 0.008 0.188 0.007
2453285.40868 2.065 0.024 2.290 0.024 2.463 0.024 0.225 0.008 0.398 0.008 0.173 0.007
2453285.40905 2.075 0.024 2.278 0.024 2.473 0.024 0.203 0.008 0.398 0.008 0.195 0.007
2453285.40942 2.036 0.024 2.258 0.024 2.466 0.024 0.222 0.008 0.430 0.008 0.208 0.007
2453285.40980 2.039 0.024 2.244 0.024 2.433 0.024 0.205 0.008 0.394 0.008 0.189 0.007
2453285.41017 2.023 0.023 2.204 0.023 2.415 0.023 0.181 0.008 0.392 0.008 0.211 0.007
2453285.41054 2.026 0.024 2.251 0.024 2.430 0.024 0.225 0.008 0.404 0.008 0.179 0.007
2453285.41093 2.003 0.023 2.221 0.023 2.384 0.023 0.218 0.008 0.381 0.008 0.163 0.007
2453285.41130 2.014 0.024 2.197 0.024 2.404 0.024 0.183 0.008 0.390 0.008 0.207 0.007
2453285.41167 2.125 0.026 2.329 0.025 2.513 0.025 0.204 0.008 0.388 0.008 0.184 0.007
2453285.41205 2.126 0.025 2.334 0.025 2.510 0.025 0.208 0.008 0.384 0.008 0.176 0.007
2453285.41242 2.039 0.024 2.238 0.024 2.421 0.024 0.199 0.008 0.382 0.008 0.183 0.007
2453285.41279 2.049 0.024 2.261 0.024 2.452 0.024 0.212 0.008 0.403 0.008 0.191 0.007
2453285.41317 2.023 0.025 2.253 0.025 2.429 0.025 0.230 0.008 0.406 0.008 0.176 0.007
2453285.41354 2.030 0.025 2.247 0.025 2.444 0.025 0.217 0.008 0.414 0.008 0.197 0.007
2453285.41391 2.034 0.024 2.259 0.024 2.415 0.024 0.225 0.008 0.381 0.008 0.156 0.007
2453285.41429 2.055 0.024 2.268 0.024 2.453 0.024 0.213 0.008 0.398 0.008 0.185 0.007
2453285.41466 1.983 0.024 2.190 0.024 2.388 0.024 0.207 0.008 0.405 0.008 0.198 0.007
2453285.41503 2.003 0.023 2.207 0.023 2.403 0.023 0.204 0.008 0.400 0.008 0.196 0.007
2453285.41541 1.972 0.024 2.192 0.024 2.381 0.024 0.220 0.008 0.409 0.008 0.189 0.007
2453285.41579 1.969 0.024 2.194 0.024 2.374 0.024 0.225 0.008 0.405 0.008 0.180 0.007
2453285.41616 1.975 0.024 2.180 0.024 2.354 0.024 0.205 0.008 0.379 0.008 0.174 0.007
2453285.41653 1.983 0.024 2.203 0.024 2.373 0.024 0.220 0.008 0.390 0.008 0.170 0.007
2453285.41691 1.969 0.024 2.186 0.024 2.377 0.024 0.217 0.008 0.408 0.008 0.191 0.007
2453285.41728 1.979 0.023 2.182 0.023 2.366 0.023 0.203 0.008 0.387 0.008 0.184 0.007
2453285.41765 1.972 0.023 2.200 0.023 2.359 0.023 0.228 0.008 0.387 0.008 0.159 0.007
2453285.41803 1.932 0.023 2.162 0.023 2.336 0.023 0.230 0.008 0.404 0.008 0.174 0.007
2453285.41840 1.954 0.024 2.150 0.024 2.351 0.024 0.196 0.008 0.397 0.008 0.201 0.007
2453285.41877 1.959 0.023 2.140 0.023 2.340 0.023 0.181 0.008 0.381 0.008 0.200 0.007
2453285.41916 1.906 0.022 2.129 0.022 2.310 0.022 0.223 0.008 0.404 0.008 0.181 0.007
2453285.41953 1.984 0.023 2.182 0.023 2.360 0.023 0.198 0.008 0.376 0.008 0.178 0.007
2453285.41990 99.999 9.999 2.114 0.024 2.309 0.024 99.999 9.999 99.999 9.999 0.195 0.007
2453285.42027 1.913 0.023 2.111 0.023 2.292 0.023 0.198 0.008 0.379 0.008 0.181 0.007
2453285.42065 1.899 0.023 2.132 0.023 2.328 0.023 0.233 0.008 0.429 0.008 0.196 0.007
2453285.42102 1.928 0.024 2.131 0.024 2.316 0.024 0.203 0.008 0.388 0.008 0.185 0.007
2453285.42139 1.967 0.024 2.168 0.024 2.368 0.024 0.201 0.008 0.401 0.008 0.200 0.007
2453285.42177 1.850 0.023 2.091 0.023 2.284 0.023 0.241 0.008 0.434 0.008 0.193 0.007
2453285.42214 1.925 0.024 2.131 0.024 2.344 0.024 0.206 0.008 0.419 0.008 0.213 0.007
2453285.42251 1.926 0.024 2.153 0.024 2.320 0.024 0.227 0.008 0.394 0.008 0.167 0.007
2453285.42289 1.943 0.024 2.133 0.024 2.333 0.024 0.190 0.008 0.390 0.008 0.200 0.007
2453285.42326 1.910 0.023 2.134 0.023 2.319 0.023 0.224 0.008 0.409 0.008 0.185 0.007
2453285.42363 1.900 0.024 2.144 0.024 2.307 0.024 0.244 0.008 0.407 0.008 0.163 0.007
2453285.42402 1.910 0.023 2.129 0.023 2.307 0.023 0.219 0.008 0.397 0.008 0.178 0.007
2453285.42439 1.898 0.023 2.107 0.023 2.314 0.023 0.209 0.008 0.416 0.008 0.207 0.007
2453285.42476 1.874 0.022 2.080 0.022 2.279 0.022 0.206 0.008 0.405 0.008 0.199 0.007
2453285.42513 1.875 0.023 2.079 0.023 2.271 0.023 0.204 0.008 0.396 0.008 0.192 0.007
2453285.42551 1.877 0.023 2.077 0.023 2.273 0.023 0.200 0.008 0.396 0.008 0.196 0.007
2453285.42588 1.839 0.023 2.068 0.023 2.244 0.023 0.229 0.008 0.405 0.008 0.176 0.007
2453285.42625 1.852 0.022 2.029 0.022 2.242 0.022 0.177 0.008 0.390 0.008 0.213 0.007
2453285.42663 1.877 0.023 2.056 0.023 2.259 0.023 0.179 0.008 0.382 0.008 0.203 0.008
